0.0
2.6713933333333335e-05
5.557396666666667e-05
8.633419999999999e-05
0.0001239230333333333
0.00015988286666666665
0.00020012573333333332
0.0002487650333333333
0.0003062829333333333
0.0003738417333333333
0.0004425793
0.0005324282666666667
0.0006309058333333333
0.0007357809666666666
0.0008527841
0.0009854120666666667
0.0011366261
0.0012965685666666666
0.0014843783666666666
0.0016805143
0.0018921096333333334
0.0022099294333333334
0.0024983849
0.002879519766666667
0.0032491632333333333
0.0037350221333333333
0.004189012166666666
0.004815504433333333
0.005467258766666666
0.006183380933333333
0.007002255133333333
0.007096201399999999
0.007208072566666666
0.0073387389999999995
0.0074908311666666665
0.0076493353
0.007933870366666667
0.0081519843
0.008389230866666667
0.008755533499999999
0.009054795166666666
0.009395107133333332
0.009881467766666666
0.010301664766666666
0.0107523633
0.011407250399999999
0.0120985744
0.012751190566666666
0.013809628499999999
0.014638223833333332
0.015699433266666667
0.0170131031
0.018367132066666667
0.019762837533333334
0.021702522066666667
0.023445210033333334
0.023538897700000002
0.023658730533333335
0.023795642733333334
0.02398327776666667
0.024212446933333336
0.024520987100000002
0.024898825133333337
0.025325218033333336
0.025950039033333337
0.02670661286666667
0.027300889033333338
0.027946368000000006
0.02865689363333334
0.030169566766666673
0.031091973100000007
0.03227890363333334
0.03343912240000001
0.035392364800000006
0.03712084543333334
0.03898398836666667
0.04086540563333334
0.043738169666666674
0.04623861223333334
0.04654166936666667
0.04674706646666667
0.04702059633333333
0.047311304533333334
0.047696572566666665
0.04812248483333333
0.04865630743333333
0.04974818316666666
0.050486322733333325
0.05129387743333332
0.05246609399999999
0.05417088899999999
0.05530905076666666
0.057385978933333325
0.05880235916666666
0.060603639499999994
0.06378778923333332
0.0660225085
0.06823139216666665
0.07146276506666666
0.07454756053333332
0.07470167853333332
0.07488060283333331
0.07509002259999997
0.07533484346666663
0.07568065569999997
0.07633566766666663
0.07678805579999996
0.07734606906666663
0.0779728105333333
0.07895080159999997
0.0798098761333333
0.08075375066666664
0.0817962078333333
0.0834864433333333
0.0847967159333333
0.08779656966666663
0.08940730289999996
0.0916758374333333
0.0939800816333333
0.09647249506666664
0.0988810879333333
0.1039316711333333
0.1076561581333333
0.1079779803333333
0.10837370219999998
0.10888548993333332
0.10975492106666665
0.11046245176666665
0.11200470466666665
0.11296517829999998
0.11402282039999999
0.11556350239999999
0.11700740126666666
0.12028589266666666
0.12203654859999999
0.1253424355
0.12851898436666664
0.13117046509999997
0.13367161349999995
0.13849396076666662
0.1433669255666666
0.14356559489999995
0.1437938694666666
0.14410806196666662
0.14468323056666663
0.14512436076666663
0.14568889609999996
0.14676522306666664
0.14770925666666665
0.14848680786666665
0.14953117706666666
0.15068198476666667
0.15222511943333333
0.15533867853333333
0.1568813049
0.15872314776666666
0.16159346476666667
0.16507949183333334
0.16780493570000002
0.17030972910000003
0.17606362353333335
0.17887061823333336
0.17921559383333335
0.17969806613333336
0.18030938440000002
0.18099109440000002
0.18182880310000002
0.18294102503333334
0.18416586603333335
0.1863301170666667
0.18885612573333335
0.1904656735666667
0.19235525276666668
0.19554509420000002
0.20178070550000002
0.20450828170000002
0.2069451983666667
0.21082600133333335
0.21407548850000002
0.21434639216666668
0.21477010166666669
0.21529014756666667
0.2159427712
0.2172224924
0.21811117723333334
0.21967430516666667
0.22083954083333332
0.22212057543333333
0.224045639
0.22569328416666665
0.22835792509999997
0.23025704739999997
0.23469752046666664
0.23743140739999996
0.24010244466666664
0.24241653249999998
0.24706250163333332
0.24984121866666664
0.2501895395666666
0.25083869013333326
0.2513927608333333
0.25269147639999995
0.2533803016999999
0.2552190539666666
0.25644221773333326
0.2579015169666666
0.2591060160999999
0.2607367634999999
0.2633927118666666
0.26571739606666656
0.26737731453333324
0.27228589566666656
0.27416166463333325
0.2784123790666666
0.2817431527666666
0.2846516805333333
0.2868033855666666
0.29305347736666665
0.2963257962333333
0.2965981745333333
0.2969063038
0.29727708869999997
0.29800450349999996
0.2985892232333333
0.29930945336666664
0.30018693746666664
0.3015066807
0.30256947916666665
0.3038005325
0.3055208200333333
0.3079049026
0.30955431176666665
0.3130176370333333
0.31484243719999994
0.3171490661666666
0.3200853260333333
0.32292631096666663
0.3248899166333333
0.33056970599999996
0.33246173513333327
0.33307387289999996
0.3338209773666666
0.3352461206666666
0.3364920431999999
0.3383041402333333
0.34147844029999996
0.3430976155666666
0.3475003776333333
0.3492517587333333
0.3540260593
0.3567913994
0.3585531687
0.36287676286666665
0.36714011746666664
0.36748079429999997
0.36789196556666665
0.36835936536666664
0.3694330238333333
0.3700694763333333
0.37083916586666665
0.37221199136666666
0.3737563933333333
0.37485812609999997
0.37610825266666664
0.3780171440333333
0.37946264436666666
0.3818901227
0.3834623699333333
0.3874881829
0.38914863559999996
0.3918398403333333
0.3949159881333333
0.3976021750333333
0.3991583278666666
0.4031098726999999
0.40447541079999993
0.40513319239999995
0.40592140379999997
0.4074330858
0.40910945656666664
0.4103541391333333
0.4123639249333333
0.41597306279999996
0.4174846396333333
0.41904127253333334
0.42171544513333337
0.4269769661
0.42958505160000005
0.43093971063333336
0.43608271973333335
0.4372123821
0.4375813919
0.4380272449
0.43870348196666664
0.43950636839999996
0.4413082923333333
0.4433225805666666
0.4445531822333333
0.4466493237666666
0.4502580747666666
0.45169806269999996
0.4531421987666666
0.45710386509999995
0.45966248883333327
0.4621804863999999
0.46334370633333327
0.4695442393666666
0.4718778002
0.4725697283333333
0.47338365386666664
0.4742788951333333
0.4762108194
0.47741970166666664
0.4796009202333333
0.48222030846666664
0.48358044186666665
0.48490715679999996
0.4875062606333333
0.48994015389999995
0.49092612146666664
0.4931548859666666
0.4945602305333333
0.4948827333
0.49527619323333333
0.4957513575
0.4963408652333333
0.49704582853333334
0.49786736443333335
0.4988294689
0.49985647313333337
0.5009477377333333
0.5031055279333333
0.5042860299999999
0.5065315978666666
0.5078137100999999
0.5104610114999999
0.5117354705999999
0.5143771602333332
0.5155847860666666
0.5181174361666666
0.5191740928333333
0.5215019055
0.522327369
0.5244259496333333
0.5250073432666666
0.5256085551999999
0.5263240064333333
0.5271499287
0.5291714963666666
0.5314375596666666
0.5325839699333332
0.5348667904666665
0.5373211086999998
0.5385062864999999
0.5424034483666665
0.5434930635333332
0.5473197916666664
0.5495889284999997
0.5517905793999998
0.5524735381666664
0.5558238257333331
0.5575361314999998
0.5578780743666665
0.5582923627333332
0.5587917527333331
0.5594029058999999
0.5601264074333332
0.5609536951333332
0.5619054876666665
0.5629573104666665
0.5640648297666665
0.5652086856333332
0.5663653520999998
0.5689685502666665
0.5700628021999998
0.5725597754999998
0.5735347010999998
0.5758398836666665
0.5766196352999998
0.5786593749999999
0.5792180366999998
0.5810026302666665
0.5813497413999998
0.5822113865999998
0.5833113486666665
0.5845148249333331
0.5871633131999997
0.5886174245666663
0.5914335281666663
0.5942458427999996
0.595639827133333
0.601138467133333
0.6023932158333329
0.6048846838333329
0.6080074169333329
0.6102130211999997
0.6110489744999996
0.6143616505999996
0.6163345733666663
0.6171398311333329
0.6181620654666663
0.6192992855666662
0.6205318846999995
0.6218741515999996
0.6233123764333329
0.6247496653666662
0.6260812119333329
0.6272578794999996
0.630909272433333
0.6332300961333329
0.6352005793666663
0.6359675471666663
0.6389830569666662
0.6395783288999995
0.6405264910999996
0.6416999837666663
0.6429601534999996
0.6443183185333329
0.6457315120333329
0.6471514480666662
0.649943495433333
0.6512145282333329
0.6523192830666662
0.6533210617333328
0.6555523686666661
0.6572684714999995
0.6579796061666661
0.6607409470999994
0.6613016100666661
0.6617475556999994
0.6627383620666661
0.6638385326999995
0.6650433729666662
0.6663244359999995
0.6676900122333328
0.6690925874999994
0.6704843027999995
0.6718266256999995
0.6730306125666662
0.6740604152666662
0.6748795069333329
0.6756056352666662
0.6762623700333328
0.6775172958999994
0.6780433335999995
0.6792926488666662
0.6806087824666662
0.6819890975333329
0.6846617706999996
0.6858204426999995
0.6868001586999996
0.6902112764666662
0.6908401410999996
0.6924782537999996
0.6941812966666663
0.6947254980999996
0.6958665692666662
0.6971470164333329
0.6984569660666662
0.6997930091999995
0.7011861472333328
0.7025866444333329
0.7039817710333328
0.7053332479999995
0.7066493117666662
0.7079091828666663
0.7094679863666663
0.7105680099666664
0.713218673233333
0.7141379680999996
0.7157329136666662
0.7164569064333329
0.7175188107999996
0.7181115265666662
0.7202810583333329
0.7212381913999996
0.7218331063333329
0.7231081403999995
0.7244230777666661
0.7257802703999995
0.7271691412666661
0.7285649458333328
0.7299454357999994
0.7312652490999993
0.7325388031999993
0.7337472552333326
0.7352452011666659
0.7362856435333326
0.7387094583999992
0.739568727966666
0.7407345453999993
0.7423701759999993
0.743376264466666
0.7439314918333327
0.7456615638999994
0.746129408766666
0.746764649266666
0.7481066646333326
0.7494770696999993
0.7508709835333326
0.7522538780666659
0.7535868032333326
0.7548680652666659
0.7560932080666659
0.7572455976666659
0.7582243692999993
0.7594844090666659
0.7602838749999993
0.7624046651666659
0.7630292625666659
0.7639798323999992
0.7644977618666658
0.7657465825999992
0.7665217677666658
0.7678881438999992
0.7692678613666658
0.7706612473333325
0.7720261162999992
0.7732640756333325
0.7744367282999992
0.7769535717333326
0.7778691040999992
0.7786084407333326
0.7796410153333325
0.7824406839999992
0.7833340688333326
0.7838125753666659
0.7855124898999992
0.7859208313333326
0.7866156621333326
0.7880042892333325
0.7893932764333326
0.7907870471333326
0.792164531166666
0.793512940566666
0.794817977266666
0.796082382066666
0.7972810572333326
0.7984064504999994
0.799446871566666
0.8007503553666661
0.801611238366666
0.8027364972666661
0.8034256076999994
0.8044007035333327
0.8049366202333327
0.8057813268333327
0.8062284323333327
0.8069941309666661
0.807376570866666
0.808747675566666
0.8104252713999994
0.8115565020999994
0.8129631485666661
0.8137463067999994
0.814364431166666
0.816628214866666
0.8178956165333326
0.818975708766666
0.819372525166666
0.8211691499999993
0.8221520643333327
0.8228305116999993
0.824173353566666
0.8254833742333326
0.8267474988333327
0.8279520612999993
0.8291026779999994
0.8301770613333327
0.8311659665333326
0.8320631183999994
0.833208056666666
0.8339287876333327
0.8348995775999993
0.8354628203999993
0.8362978243999993
0.8367314304333326
0.8374541531333326
0.8378145099333326
0.8384666046999992
0.838773082666666
0.8394320394666659
0.840652421266666
0.8416615683333326
0.8425793982333326
0.8436417298999993
0.844289645866666
0.8447862109999993
0.8455459846999993
0.8461998711999993
0.8465080069333326
0.8470930013333327
0.8476407179999993
0.8482534302999993
0.8498222213333326
0.851285043266666
0.8522211640999994
0.8534352123333327
0.8541810334999994
0.854756843466666
0.8559030308333327
0.8563364263666661
0.8570252341333328
0.8576842082999995
0.8585696800999995
0.8588318389666662
0.8598376136333328
0.8603088034999995
0.8608553270999995
0.8618676036333328
0.8632316017333328
0.8640855382666661
0.8648426787333328
0.8659112094999994
0.8667994417999995
0.8672984438333328
0.8683874359333328
0.8687541214666661
0.869368583866666
0.8699339604333327
0.8704583223333328
0.8706716940666661
0.8713535261999994
0.8715259695999994
0.8722904877333327
0.872957773266666
0.8738559956999994
0.8753956464333327
0.875815856866666
0.8761152302333326
0.8772228017666659
0.8780014511333326
0.8784598818666659
0.8786250593333326
0.8800461626999992
0.8801762784666659
0.8808649997999992
0.8818278026666658
0.8830751150666658
0.8834330708999991
0.8849660708333325
0.8852144137333324
0.8861558434333324
0.8868270486333324
0.8869581350333324
0.8877155338999991
0.8882575538333325
0.8885590030333325
0.8890684688333325
0.8894928554999991
0.8901289140666658
0.8904216001999992
0.8909289086666659
0.8911250850999992
0.8915469678666659
0.8916792576333326
0.8920360186666659
0.8921339172333326
0.8924408894666659
0.8925143689666659
0.8927243565333326
0.8934013777999993
0.893950319166666
0.8941729276999993
0.894883198066666
0.8950230932333327
0.8953820308999993
0.8956798124666661
0.8959829797333327
0.8960447265999995
0.8964414990333328
0.8964854130666662
0.8966196061333328
0.8979758379999995
0.8981412474999995
0.8987838556666661
0.8988805217999994
0.8995957613999994
0.8998710945666661
0.9003441411999995
0.9003813423666662
0.9008582839666662
0.9010623247333329
0.9019214512999996
0.9022869529666663
0.9025762010333329
0.9032223701666663
0.904154902433333
0.9045798347999996
0.9047861947999996
0.9053970976666662
0.9057750724333329
0.9058204978666662
0.9061093150666661
0.9061551159333328
0.9063978967333327
0.906420584166666
0.9066288922333328
0.9066424276333328
0.9068179690333328
0.9068262373333328
0.9070586465666661
0.9079614737333328
0.9085449885666661
0.9090540401333328
0.9092245366666661
0.9097831843999995
0.9099325171333328
0.9099417483999994
0.9101401004999994
0.9101468699999994
0.910318773366666
0.9103221583999993
0.9104647408333326
0.9104665092333326
0.9106454804333326
0.9112161505666659
0.911528907966666
0.9116749657999993
0.9120550857999993
0.9122725485333326
0.9125535577999992
0.9127927243999993
0.9127931567333326
0.9132390343333326
0.9133800130666659
0.9135153882999992
0.9136411081666659
0.9139119394666659
0.914019662366666
0.9140197127333326
0.9141182651333326
0.9141182877999993
0.9142553487999993
0.9144864458999993
0.914486446566666
0.9149163275999993
0.916066842966666
0.9167694319666659
0.9176855203333326
0.9182779868999993
0.9192365160333327
0.919867893566666
0.9202172391999993
0.920480762366666
0.9208792354999993
0.9213536084333326
0.9216772691666659
0.9218254521333326
0.9224552124333325
0.9225741170666658
0.9229205552333325
0.9230760754666658
0.9233639371333324
0.9234427474999991
0.9237392589333324
0.9238118482999991
0.9242035792333324
0.9246117204666657
0.9250317730333324
0.9254188697333324
0.9257560696333325
0.9260231203333325
0.9262044422666658
0.9263459502999991
0.9266601560333324
0.9270336618666657
0.927089357699999
0.9271978314666657
0.9272148389333323
0.9276747027333323
0.9276798482333323
0.9278499393333323
0.9278509055333323
0.9280224222666656
0.9280965034333323
0.9282072043999989
0.9282072125333323
0.928293978999999
0.928365530499999
0.9287601941666657
0.929453839699999
0.9301001279666656
0.930632033099999
0.931095978899999
0.9314447897333323
0.9321203362333323
0.9323372534666656
0.9325171370666656
0.9326700273999989
0.933011991999999
0.933129320399999
0.9335578083999989
0.9336499502666655
0.9338331630999989
0.9340608477666655
0.9342104132999989
0.9342681999999989
0.9343991688666655
0.9344787496666656
0.9348478097666656
0.9352315759333323
0.9356272094333323
0.9360223436333324
0.9364280791333324
0.9368281286666656
0.9372110418666657
0.9375717626999991
0.9379031714999991
0.9382089745999991
0.9384745102333324
0.9387102706666657
0.938899488999999
0.9390523014666656
0.9391686131333323
0.939251523799999
0.9393124805333323
0.9393545158333323
0.939377051699999
0.9393885340333323
0.9395274234666656
0.9395305971333323
0.9396448520666656
0.9396453757333323
0.9397392780333322
0.9397393061666656
0.9398170200999989
0.9398170232333323
0.9398715971999989
0.9398715972666656
0.9402193214666655
0.9408075715666655
0.9412797221333322
0.9418455928333322
0.9422259572666656
0.9424018287999989
0.9425816651666655
0.9428222705999989
0.9429134832666656
0.9431837362333323
0.943253697499999
0.9435112441666657
0.9436010256999989
0.9437256063333322
0.9437670137333323
0.9438688802999989
0.9439550679666656
0.9443395153333323
0.9447210611333323
0.9451008090666656
0.945781850799999
0.9460579061666656
0.9462649979333323
0.9463929500333323
0.946680849899999
0.9469228609333323
0.946954288899999
0.9471100756999989
0.9471657065666657
0.9471676343666656
0.9474581294666656
0.9474584079999989
0.9476219889999989
0.9476977848999989
0.9478285250999989
0.9478285262999989
0.9480106845666656
0.9480137692999989
0.9485398174666656
0.9489502027333323
0.9492947222333323
0.9495368276666657
0.9496736439333323
0.949783792599999
0.9500356477333324
0.9501024207666657
0.950152041799999
0.9502891275333324
0.9505631357999991
0.9506548321666657
0.9506821620666657
0.9508049030666657
0.950824876999999
0.9511906542999989
0.9515581532666656
0.9519174816999989
0.9522272560666656
0.9524753402999989
0.9526563580333323
0.9527628149999989
0.9529740198666656
0.952997300799999
0.9530084120666656
0.953013442699999
0.953274983599999
0.9532761371333323
0.9533659066333322
0.9533660520666656
0.9534499111999989
0.9534886049333322
0.9535443462999988
0.9535443467333322
0.9535820955666655
0.9536233014999989
0.9538580932666655
0.9544794701999988
0.9548347632333322
0.9551264712999988
0.9555503725333322
0.9557471848333322
0.9559044988333322
0.9561674014999988
0.9562718777999988
0.9563541977666654
0.956507730433332
0.956661856133332
0.9567089535666653
0.956874504033332
0.9569080457999987
0.9569990161999987
0.9570440024666654
0.9571139845999987
0.9571307757999987
0.9571828831999987
0.957194542333332
0.957542430433332
0.9578983574666653
0.958258737133332
0.9586118460666653
0.9589643824666653
0.9593033367999986
0.9596170459666652
0.9599025774666652
0.9601543473666652
0.9603763177999985
0.9605614130333319
0.9607188812333318
0.9608353386333318
0.9609233607666652
0.9609852658333319
0.9610254646999985
0.9610525006666651
0.9610695903666652
0.9610772636999985
0.9610805294666651
0.9611741538333318
0.9611748338999985
0.9612492761999984
0.9612493507999984
0.9613069189999984
0.9613069209999985
0.9613524238999985
0.9613524240333319
0.9613806255999986
0.9613806255999986
0.9618658882666653
0.9620581082666653
0.9621695279666652
0.9622563075666652
0.9623890426999986
0.9625233434333319
0.9625754081999985
0.9626515971666652
0.9627344078333319
0.9630741676999985
0.9634197842333319
0.9637674870666652
0.9641059702999984
0.9644404543333318
0.9647592261999984
0.9650508427666651
0.9653131204999984
0.965541106566665
0.965738860566665
0.9659015333666651
0.9660378729333318
0.9661358233999985
0.9662081586999984
0.9662576437333318
0.9662887461333318
0.9663090160333319
0.9663214491333318
0.9663266909666651
0.9663287842333318
0.9664105493666652
0.9664109444666652
0.9664749291333319
0.9664749666999986
0.9665233322666652
0.9665233330666652
0.9665609563333318
0.9665609563999985
0.9665832545999985
0.9665832545999985
0.9667098981666652
0.9669084435333318
0.9672167543999985
0.9673403371666652
0.9674350394333319
0.9676126545333319
0.9676711595666653
0.967715642333332
0.9678121572999986
0.9679163534333319
0.9679397199333319
0.9680474667666653
0.9680631184666653
0.9681201449333319
0.9681426459666652
0.9681852483999985
0.9681920972999986
0.9682204691666653
0.9682249036999986
0.9688498991666652
0.9693223625333318
0.9696974249999984
0.9699841105666651
0.9703030980666651
0.9704075353999985
0.9705364613333318
0.9705981700666652
0.9706467195666652
0.9707550631333318
0.9708135294999984
0.9708778334666651
0.9709071305666651
0.9709704765999985
0.9709928935333318
0.9710676811999985
0.9711538396999986
0.9711893740999986
0.971214881233332
0.9712958392999986
0.9713076332333319
0.9713149314666653
0.9713575245666652
0.9713890034999986
0.9713917117333319
0.9714092696999986
0.9714169866999987
0.9717259011999987
0.9720053823999987
0.972255015533332
0.9724100167666654
0.972510828333332
0.9726383803666654
0.9727485501999987
0.9727549598666654
0.972811738533332
0.9728125668666654
0.972959736533332
0.9729598642666654
0.9730528353999987
0.973052844433332
0.973145074033332
0.973165640633332
0.9732053838999987
0.9732053838999987
0.9732557176999986
0.9732560045999986
0.9734207384999987
0.973520643033332
0.9736346691666653
0.9736875346666654
0.9737265784999987
0.973783730433332
0.973832054833332
0.9738793818999987
0.9739002906999987
0.9739317048999987
0.9739630319666653
0.9742760848999987
0.9745887695666654
0.9748969797999988
0.9751911261999988
0.9754722453333321
0.9757328270999988
0.9759627416666654
0.9761619961666654
0.9763276492666655
0.9764640391666655
0.9765717120666655
0.9766578197666654
0.9767142418333321
0.9767529773999988
0.9767772736999988
0.9767910585666655
0.9767991898333321
0.9768037328999988
0.9768053005666655
0.9768058120666655
0.9768593133999989
0.9768593844999989
0.9768989231999988
0.9768989275333322
0.9769266900333322
0.9769266900666655
0.9769472500666655
0.9769472500666655
0.9769578095333321
0.9769578095333321
0.9769792681666655
0.9771498880666655
0.9771635570333321
0.9771723393333321
0.9772135554666654
0.9772757480999987
0.9772790094666653
0.9773587895999987
0.977360559933332
0.9773870520666654
0.9774188956999987
0.9774380889333321
0.9774385898666654
0.977449153433332
0.977452628633332
0.9777321211666654
0.9782112709999987
0.9785891722666654
0.9788702943999987
0.9790738281999988
0.9792084345999987
0.9793827044999988
0.9794484803666654
0.9794964670666655
0.9795323504666655
0.9795589601999989
0.9795871867666656
0.9796038124333323
0.9796179400333322
0.9796381114666656
0.9796597756333323
0.979667365399999
0.979752313199999
0.9798421359666657
0.9798435344333324
0.9798442305333324
0.979897280099999
0.9799320045666656
0.9799701621333323
0.9799703277333324
0.980008432599999
0.980008510499999
0.9803024011666657
0.980592154699999
0.980873624399999
0.9811386451333324
0.981385816799999
0.9816104970666657
0.9818038122666657
0.9819670798333323
0.9820986561666657
0.9822030106666657
0.9822831459666657
0.9823451533666656
0.9823832060333323
0.982408022799999
0.9824226677666656
0.9824304001333323
0.9824346494333323
0.982436874799999
0.982437540399999
0.982437728499999
0.9824773719333323
0.9824773930666656
0.982505434599999
0.9825054355333322
0.9825241106666656
0.9825241106666656
0.9825374830666656
0.9825374830666656
0.9825436792666655
0.9825436792666655
0.9825898823333322
0.9826651694666656
0.9826867965999989
0.982701610899999
0.9827376077333323
0.9827442975666656
0.9827530490999989
0.9827672288666656
0.9830512894999989
0.9833294696333322
0.9835976554333322
0.9838484467666655
0.9840793614333322
0.9842871588666655
0.9844636604333322
0.9846107698666655
0.9847274459999988
0.9848181961333322
0.9848869231333323
0.9849392075666656
0.984970220599999
0.9849899179333322
0.9850011822666656
0.9850069133999989
0.9850099494999989
0.9850114877666656
0.985011914899999
0.9850120269333322
0.9850459669333322
0.985045978199999
0.9850694356666656
0.985069436099999
0.9850846350666657
0.9850846350666657
0.985095334199999
0.985095334199999
0.9851000325999989
0.9851000325999989
0.9851013075666656
0.9851025190666656
0.9851223853333322
0.9851541421666655
0.9851544145999989
0.9851826867666655
0.9851828017999988
0.9851965621666655
0.9851984955333322
0.9852080779999989
0.9852080977666655
0.9852124530666655
0.9852124608999988
0.9854041451999989
0.9855948514666655
0.9857217615666655
0.9858065824666654
0.9859105499999987
0.9859415236999988
0.9859765737666655
0.9860470390666655
0.9860608390999988
0.9860699574666654
0.9861076836666653
0.9861173881999987
0.9861318518666654
0.9861356345666654
0.9861506875999988
0.9861587371999988
0.9861589526999988
0.9861746676333321
0.9862038330666654
0.986203888733332
0.9862380884666653
0.9862381073999986
0.9862491729333319
0.9862624015333319
0.9862699880999986
0.9862699903666652
0.9862732233333319
0.9862740362666652
0.9865161167333318
0.9867393812666652
0.9870451723666651
0.9871130280333318
0.9871497411333318
0.9872283137999984
0.9872899874333317
0.9872907046999984
0.9873200049999984
0.987348805166665
0.9873488082333317
0.9873488082999984
0.987361387766665
0.9873711610333317
0.9873846191333316
0.9873846191333316
0.9873980872333317
0.9873980872333317
0.9874106210999983
0.9874186221999983
0.9874436779333317
0.9874486881333316
0.9874675768333316
0.987474052166665
0.9874824399999983
0.9874842994666649
0.9874881324999982
0.9874931170666649
0.9877472458999982
0.9879908992999982
0.9882202567666648
0.9884303093666648
0.9886159358999981
0.988777806499998
0.9889099298666647
0.9890156369333314
0.989095423899998
0.9891537729666647
0.9891961490999981
0.9892267258333314
0.9892430238666647
0.9892525547999981
0.9892574970666648
0.9892597375333314
0.9892607953333314
0.9892612792333314
0.9892613855666648
0.9892614076666648
0.9892822396666648
0.9892822412333315
0.9892956172666648
0.9892956172999982
0.9893035678333315
0.9893035678333315
0.9893088803999982
0.9893088803999982
0.9893108489999982
0.9893108489999982
0.9893410031666648
0.9893571237666648
0.9893684303666649
0.9893852577999982
0.9893965758666649
0.9894019067666648
0.9894083044999982
0.9894122842999982
0.9895064163999981
0.9896217690999981
0.9896914173333314
0.9897281206999982
0.9897554600333315
0.9897713011666648
0.9897836057999981
0.9897931206333315
0.9898005458666648
0.9898050365666647
0.9898195009666647
0.989822164499998
0.9898307121333314
0.9898322603333314
0.9898375963333313
0.9898384784333314
0.9898405958999981
0.9898437217333313
0.9898437222999981
0.9898558770999981
0.9898558772333315
0.9898615331333315
0.9898620070666648
0.9898656873666648
0.9898656873999981
0.9898669758999982
0.9898669758999982
0.9901011838666648
0.9903224172333315
0.9905271917666648
0.9907120889333315
0.9908707469999982
0.9910060941333315
0.9911135685666649
0.9911971559999982
0.991258116666665
0.9913007931999983
0.9913309287333316
0.9913518859666649
0.9913622464666649
0.991367965866665
0.9913707360333317
0.991371894766665
0.9913723992999983
0.9913726144333317
0.9913726544999983
0.991372661566665
0.991387433366665
0.991387433766665
0.9913964373999984
0.9913964374333317
0.991401474166665
0.991401474166665
0.9914047225333317
0.9914047225333317
0.991405789566665
0.991405789566665
0.991413626466665
0.991425007566665
0.9914334017999983
0.9914365373666649
0.9914399504666649
0.9914418967333316
0.9916148990333316
0.9917382141333315
0.9917745164666648
0.9917917648999981
0.9917961608333314
0.9917982167666648
0.9918170420999981
0.9918171838666647
0.9918176333333314
0.9918176372333314
0.9918356954999981
0.9918356956999981
0.9918439089999981
0.9918439089999981
0.9918535165999981
0.9918549839666647
0.9918575174333314
0.9918575174333314
0.9918607730333314
0.9918607740333314
0.9918607740333314
0.9918643059333314
0.9918645340333314
0.9918667513666648
0.9918667513666648
0.9918674301666648
0.9918674301666648
0.9918982016666648
0.9919306984333314
0.9919446807333314
0.9919541872999981
0.9919852736333314
0.9919979727333315
0.9920013213999981
0.9920037157999981
0.9920054453666648
0.9920231275333314
0.9920240190999982
0.9920306135333314
0.9920310612999981
0.992034545399998
0.992035363999998
0.9920374632666646
0.992037567599998
0.9920382031999979
0.9920394201666646
0.9920422489666646
0.9920489849999979
0.992052376299998
0.9920536785333314
0.9920551750333314
0.9920560267333314
0.992261074399998
0.9924502657666646
0.9926207805666646
0.9927714412333313
0.9928947626333313
0.9929964049666646
0.9930737397333314
0.993131300699998
0.9931710941333314
0.9931970866666647
0.9932146804333314
0.9932262299999981
0.9932312997333315
0.9932338568666648
0.9932349700333314
0.993235380599998
0.9932355379999981
0.9932355981666647
0.9932356067999981
0.9932356079666648
0.9932441929333314
0.9932441929666648
0.9932490130999981
0.9932490130999981
0.9932514637333315
0.9932514637333315
0.9932529608999981
0.9932529608999981
0.9932533669999981
0.9932533669999981
0.9932545306666648
0.9932579467333315
0.9932579955666648
0.9932597629666648
0.9932605497999982
0.9934007825999982
0.9934697340666648
0.9934916141999982
0.9935010114999983
0.9935350836333315
0.9935466892999982
0.9935467280333315
0.9935503618333316
0.9935580907333316
0.9935683555333316
0.9935683555666649
0.9935683555666649
0.9935711328333315
0.9935730041333315
0.9935744532999982
0.9935744532999982
0.9935758274999982
0.9935758274999982
0.9935768275999982
0.9935775873666649
0.9935784106666649
0.9935788793666649
0.9935864968999982
0.9935919234666649
0.9935953427999983
0.9936129924999982
0.9936185888666649
0.9936195920666648
0.9936202711333315
0.9936207350999982
0.9936298054666648
0.9936300186666648
0.9936332759999981
0.9936333711666647
0.9936349249666647
0.9936351862666647
0.993636085399998
0.993636102799998
0.9936363207666647
0.9936368228333314
0.9936368228333314
0.9936369988666648
0.9936369988666648
0.9937578788333314
0.9938326376999981
0.9938479844999981
0.9938541365666648
0.9938552289666648
0.9938622187999981
0.9938622345333314
0.9938622362333315
0.9938622364333315
0.9938686624666648
0.9938686624666648
0.9938712921999981
0.9938712921999981
0.9938742643666648
0.9938745783999982
0.9938752394999981
0.9938752394999981
0.9938753965333315
0.9938753965666648
0.9938755203999982
0.9938756225666648
0.9940441902333315
0.9941946105333315
0.9943251260999981
0.9944370773999981
0.9945226449666648
0.9945898247666648
0.9946379822999981
0.9946716948666647
0.9946933203333314
0.9947061085666646
0.9947142875666647
0.9947192378666647
0.9947210721999981
0.9947218868333314
0.9947221919666648
0.9947222862333315
0.9947223163666649
0.9947223262666649
0.9947223272333315
0.9947223273333315
0.9947262914333316
0.9947262914333316
0.9947282721333316
0.9947282721333316
0.9947291511666649
0.9947291511666649
0.9947296498999982
0.9947296498999982
0.9947297526333315
0.9947297526333315
0.9947297526333315
0.9947356761333315
0.9947467483333314
0.9947468458333314
0.9947506516999981
0.9947514131666648
0.9947514248333315
0.9947544663666648
0.9947544702999981
0.9947551453333314
0.9947552231999981
0.9947559609333314
0.9947559613333314
0.9947562469999981
0.9947562471333314
0.9948862136333314
0.9949529836999981
0.9949930187333313
0.9950088247333313
0.995017188299998
0.9950231492999979
0.9950269245666645
0.9950297641666646
0.9950340104333312
0.9950356219666645
0.9950374156333311
0.9950375677999979
0.9950379863333312
0.9950380506999978
0.9950381579333312
0.9950381936666645
0.9951898748666644
0.9953228661999978
0.9954359680333311
0.9955315266666644
0.9956019377999977
0.9956558297999978
0.9956932871999978
0.9957186885999978
0.9957343607999978
0.9957431527666645
0.9957486182666645
0.9957517888666645
0.9957528632999978
0.9957533097333311
0.9957534642999978
0.9957535078333312
0.9957535204666645
0.9957535243333312
0.9957535246333312
0.9957535246333312
0.9957561637666645
0.9957561637666645
0.9957574040666646
0.9957574040666646
0.9957579165333312
0.9957579165333312
0.9957581965333312
0.9957581965333312
0.9957582463666645
0.9957582463666645
0.9957583763666645
0.9957626917333312
0.9957627204666646
0.9957627353666646
0.9957633855333312
0.9957633880666645
0.9957645826333312
0.9957645833666645
0.9957652209999979
0.9957652749666646
0.9957655167666646
0.9957655168333313
0.9957655585333313
0.9957655585333313
0.9959091777999979
0.9960339705666645
0.9961390137666646
0.9962270888999979
0.9962907706666646
0.9963388825999979
0.9963718013333313
0.9963937666666646
0.9964070528666645
0.9964143071333312
0.9964187530333313
0.9964212768999979
0.9964220938999979
0.9964224219999979
0.9964225311666646
0.9964225604999979
0.9964225686333312
0.9964225709999979
0.9964225711666646
0.9964225711666646
0.9964247137666645
0.9964247137666645
0.9964256896333312
0.9964256896333312
0.9964260782999979
0.9964260782999979
0.9964262866333312
0.9964262866333312
0.9964263210333312
0.9964263210333312
0.9964571542333311
0.9964771841666644
0.9964868335999978
0.9964929647333312
0.9964958909999978
0.9964969013666645
0.9964976047999978
0.9964989339666644
0.9965012096333311
0.9965014372333311
0.9965015404999977
0.9965019486666644
0.9965020942666644
0.9965023035666644
0.9965023229999977
0.996502364233331
0.9965023749666644
0.996505674133331
0.996506711033331
0.9965072722999977
0.9965080062666644
0.9965080899999977
0.9965082473999978
0.9965082473999978
0.9965082754333311
0.9965082754333311
0.9965486961666644
0.9965756994666645
0.9965932796333311
0.9966035971666645
0.9966090012333312
0.9966322077333312
0.9966339883333312
0.9966345256999979
0.9966422481333312
0.9966423122666646
0.9966423282999979
0.9966441584999979
0.9966441596333312
0.9966441596999979
0.9966445269666645
0.9966460845999978
0.9966460845999978
0.9966468067999978
0.9966468067999978
0.9966470614666645
0.9966470654666645
0.9966471981333311
0.9966471981333311
0.9966472176999978
0.9966472176999978
0.9967755139999978
0.9968849533999977
0.9969751505666644
0.9970496213333311
0.9971014084666644
0.9971395086666643
0.9971647575999977
0.9971810597999977
0.9971905303999977
0.9971954214666644
0.9971983348999978
0.9971999172999978
0.9972003836333311
0.9972005583666644
0.9972006119333311
0.9972006249999977
0.9972006282666644
0.9972006291333311
0.9972006291999977
0.9972006291999977
0.9972020275333311
0.9972020275333311
0.9972026248333311
0.9972026248333311
0.9972028455333312
0.9972028455333312
0.9972029593999978
0.9972029593999978
0.9972029755333311
0.9972029755333311
0.9972034238666645
0.9972044417666645
0.9972049165333311
0.9972050019333311
0.9972057759666644
0.9972058114999978
0.9972058283666644
0.9972059662999977
0.9972059718999977
0.9972059886666644
0.9972059918333311
0.9973270370999978
0.9974293206666645
0.9975127144999978
0.9975810348333312
0.9976276010333311
0.9976613989999978
0.9976834360999979
0.9976974285666645
0.9977053920333312
0.9977093889666645
0.9977117361666645
0.9977129825999979
0.9977133326666645
0.9977134592666645
0.9977134964999979
0.9977135051333312
0.9977135071666645
0.9977135076666646
0.9977135076999979
0.9977135076999979
0.9977146318333312
0.9977146318333312
0.9977150965333312
0.9977150965333312
0.9977152617666646
0.9977152617666646
0.9977153453666646
0.9977153453666646
0.997715356299998
0.997715356299998
0.997789450299998
0.9978090688333313
0.9978195614333313
0.9978256081666647
0.997829913099998
0.997831492499998
0.9978325621333314
0.997832978799998
0.997833184199998
0.9978333269333314
0.9978333525666647
0.9978334240999981
0.9978334240999981
0.9978334333999981
0.9978334333999981
0.9978334336999981
0.9978334338999981
0.9978334339666648
0.9978345790333315
0.9978345790666648
0.9978349392999982
0.9978349392999982
0.9978350625999982
0.9978350705666649
0.9978351316999982
0.9978351316999982
0.9978351390999982
0.9978351390999982
0.9978423259333316
0.9978451874999982
0.9978467601999982
0.9978474551333315
0.9978476179999982
0.9978477296666649
0.9978477730333316
0.9978477982999983
0.9978478077333316
0.9978478136333316
0.9978478156666649
0.9978478168333316
0.9978478175333315
0.9978478179333315
0.9979551951666649
0.9980441936333315
0.9981151689999982
0.9981724102666648
0.9982098470333315
0.9982362776999981
0.9982529518333314
0.9982631852333314
0.998268770899998
0.9982714149333314
0.9982729240666647
0.9982736894333314
0.9982738842666647
0.9982739498333314
0.9982739675333314
0.9982739712666647
0.9982739720666647
0.9982739722333314
0.9982739722333314
0.9982739722333314
0.9982739722333314
0.9982739722333314
0.9982739722333314
0.9982739722333314
0.9982739722333314
0.9982739722333314
0.9982739722333314
0.9982739722333314
0.9982739722333314
0.9982739722333314
0.9982739722666647
0.9982740864333314
0.9982740864333314
0.9982740971666647
0.9982740971666647
0.9982741231999981
0.9982741282666647
0.9982741282666647
0.9982741282666647
0.9982741282666647
0.9982741282666647
0.9983264061333313
0.998382207999998
0.998395666599998
0.9984026193333313
0.9984061242666646
0.998408703799998
0.9984096380333314
0.9984101024999981
0.9984103269333314
0.9984104323666647
0.9984104418333314
0.9984104418333314
0.9984104418333314
0.9984104419333314
0.9984104419333314
0.9984123655666647
0.998413688099998
0.9984143154333313
0.9984145193333313
0.9984173721666646
0.9984174147999979
0.9984174398666645
0.9984175388333312
0.9984175482666645
0.9984175530666645
0.9984176085333312
0.9984176100333312
0.9984176108666645
0.9984176117666644
0.9984176119999978
0.9984176121333311
0.9984176122333311
0.9984176124333312
0.9984176619333311
0.9984176619333311
0.9984176906999979
0.9984176906999979
0.9984176971999978
0.9984176995666645
0.9984177018666645
0.9984177018666645
0.9984177031333311
0.9984177031333311
0.9984369176333311
0.998448538433331
0.9984553668999977
0.9984588996999977
0.998460449733331
0.9984702962333311
0.9984707044333311
0.9984707959666644
0.9984734304333311
0.9984734371999978
0.9984734384333311
0.9984738797333311
0.9984738797666645
0.9984738797666645
0.9984739418333312
0.9984739418333312
0.9984739418333312
0.9984739468333311
0.9984739468333311
0.9984739468333311
0.9984739470999978
0.9984739470999978
0.9984739470999978
0.9984739470999978
0.9984739470999978
0.9985173604999978
0.9985406302333312
0.9985420200666645
0.9985423791333311
0.9985453483666644
0.9985453539666644
0.9985453539999978
0.9985453543333311
0.9985457383333312
0.9985457505333312
0.9985457505333312
0.9985457505333312
0.9985457518999978
0.9985457518999978
0.9985457518999978
0.9985457518999978
0.9985457519999978
0.9985457519999978
0.9985457916999978
0.9985458068666645
0.9985458119666645
0.9985458120333311
0.9985458120333311
0.9985458120999978
0.9985963474333311
0.9986358234333311
0.9986515964666645
0.9986786389666644
0.9986797537666644
0.9986800308999977
0.9986800475333311
0.9986814402999977
0.9986814409333311
0.9986814409666644
0.9986817559666644
0.9986817562333311
0.9986817562333311
0.9986817562666644
0.9986817562666644
0.9986817562666644
0.9986817562666644
0.9986817562666644
0.9986817562666644
0.9986817562666644
0.9986817562666644
0.9986965103333311
0.9987051306999978
0.9987100190333311
0.9987124394666644
0.9987134367333311
0.9987207538999978
0.9987209970999978
0.9987210461666645
0.9987228529333312
0.9987228560333312
0.9987228565333313
0.9987231236666646
0.9987231236666646
0.9987231236666646
0.9987231568333312
0.9987231568333312
0.9987231568333312
0.9987231591333312
0.9987231591333312
0.9987231591333312
0.9987231592333312
0.9987231592333312
0.9987231592333312
0.9987231592333312
0.9987231592333312
0.9987231592333312
0.9987231592333312
0.9987231592333312
0.9987231592333312
0.9987231599333312
0.9987231599333312
0.9987231599333312
0.9987231599333312
0.9987231599333312
0.9987233466999978
0.9987234915333312
0.9987235293999979
0.9987248107666645
0.9987248168999978
0.9987248201999979
0.9987248460666646
0.9987248471666645
0.9987248476333312
0.9987248614666646
0.9987248615666646
0.9987248616333313
0.9987248617333313
0.9987248617666646
0.9987248617666646
0.9987248617666646
0.9987248617666646
0.9987369013999979
0.9987522488333312
0.9987557386999979
0.9987579819999979
0.9987593906333312
0.9987599321666645
0.9987602772333312
0.9987604961999978
0.9987605820999979
0.9987606350999978
0.9987606674666645
0.9987606869999978
0.9987606986999977
0.9987607059999978
0.9987607100333311
0.9987607123666644
0.9987607123666644
0.9987607123666644
0.9987607123666644
0.9987607123666644
0.9987607123666644
0.9987607123666644
0.9987607126666644
0.9987607130666645
0.9987607131333311
0.9987607131333311
0.9987607131666645
0.9987607131666645
0.9988288803999978
0.9988814555999979
0.9989200576666645
0.9989494851333311
0.9989659426999978
0.9989764304333312
0.9989822938666645
0.9989854710666645
0.9989869583666645
0.9989875233666645
0.9989878152999978
0.9989879402333312
0.9989879622666645
0.9989879679333312
0.9989879690666645
0.9989879692333312
0.9989879692666646
0.9989879692666646
0.9989879692666646
0.9989879692666646
0.9989879692666646
0.9989879692666646
0.9989879692666646
0.9989879692666646
0.9989879692666646
0.9989879692666646
0.9989879692666646
0.9989879692666646
0.9989879692666646
0.9989879692666646
0.9989879879666645
0.9989879937333312
0.998987994299998
0.9989879945666646
0.9989879946333313
0.9989879946666647
0.9989879946666647
0.9989879946666647
0.9989879946666647
0.9989879946666647
0.9989879946666647
0.9989879946666647
0.9989879946666647
0.9989879946666647
0.9989879948666647
0.9989879948666647
0.9989879948666647
0.9989879948666647
0.9989879948666647
0.9990055534666646
0.9990072663333313
0.9990078832333312
0.9990089623999979
0.9990091528666646
0.9990091796666646
0.9990091953333312
0.9990092052333313
0.9990092189333313
0.9990092218333313
0.9990092240333313
0.9990092249333312
0.9990092254333313
0.9990092254666646
0.9990092254666646
0.9990092254666646
0.9990092254666646
0.9990092254666646
0.9990685189666646
0.999113263799998
0.9991453023666647
0.999169327199998
0.9991821321333313
0.9991900441999979
0.9991943112333312
0.9991965391333313
0.9991975352333313
0.9991978890666646
0.9991980667666647
0.9991981390666647
0.9991981504333314
0.9991981531666647
0.9991981536666648
0.9991981537333314
0.9991981537333314
0.9991981537333314
0.9991981537333314
0.9991981537333314
0.9991981537333314
0.9991981537333314
0.9991981537333314
0.9991981537333314
0.9991981537333314
0.9991981537333314
0.9991981537333314
0.9991981537333314
0.9991981537333314
0.9991981537333314
0.9991981538666648
0.9991981538666648
0.9991981538666648
0.9991981538666648
0.9991981538666648
0.9992198167999982
0.9992286471333315
0.9992289258999981
0.9992289805999981
0.9992297956999981
0.9992297956999981
0.9992297956999981
0.9992297956999981
0.9992297965999981
0.9992297965999981
0.9992297965999981
0.9992297966666648
0.9992297966666648
0.9992297966666648
0.9992297966666648
0.9992297966666648
0.9992297966666648
0.9992361690999981
0.9992395127999981
0.9992412098999981
0.9992419425999981
0.9992421897666648
0.9992450900999981
0.9992451376333314
0.9992451444999981
0.9992456947666648
0.9992456950333315
0.9992456950666648
0.9992457496999981
0.9992457496999981
0.9992457496999981
0.9992457542999982
0.9992457542999982
0.9992457542999982
0.9992457544999982
0.9992457544999982
0.9992457544999982
0.9992457544999982
0.9992457544999982
0.9992457544999982
0.9992457544999982
0.9992457544999982
0.9992457544999982
0.9992457544999982
0.9992457544999982
0.9992457544999982
0.9992457544999982
0.9992457546666649
0.9992457546999982
0.9992457547333315
0.9992457661333316
0.9992457661333316
0.9992457661333316
0.9992457661333316
0.9992457661333316
0.9992457661666649
0.9992457661666649
0.9992457661666649
0.9992457661666649
0.9992457661666649
0.9992934962333316
0.9993283207333317
0.9993523055999983
0.9993698467999983
0.999378520766665
0.9993836311999983
0.9993862392666649
0.9993875255999982
0.9993880615666649
0.9993882330666649
0.9993883156333315
0.9993883466666649
0.9993883507999982
0.9993883516666648
0.9993883517999982
0.9993883517999982
0.9993883517999982
0.9993883517999982
0.9993883517999982
0.9993883517999982
0.9993883517999982
0.9993883517999982
0.9993883517999982
0.9993883517999982
0.9993883517999982
0.9993883517999982
0.9993883517999982
0.9993883517999982
0.9993883517999982
0.9993883517999982
0.9993883517999982
0.9993883517999982
0.9993883517999982
0.9993883517999982
0.9994326621999982
0.9994646217666648
0.9994863431666648
0.9995020957999982
0.9995096874333315
0.9995140882999981
0.9995162925666647
0.9995173589333314
0.9995177927333314
0.9995179266999981
0.9995179902999981
0.9995180135666648
0.9995180164666648
0.9995180170666649
0.9995180171666649
0.9995180171666649
0.9995180171666649
0.9995180171666649
0.9995180171666649
0.9995180171666649
0.9995180171666649
0.9995180171666649
0.9995180171666649
0.9995180171666649
0.9995180171666649
0.9995180171666649
0.9995180171666649
0.9995180171666649
0.9995180171666649
0.9995180171666649
0.9995180189333316
0.9995180191666649
0.9995180192999983
0.9995180193333316
0.999518019366665
0.999518019366665
0.999518019366665
0.999518019366665
0.999518019366665
0.999518019366665
0.999518019366665
0.999518019366665
0.999518019366665
0.9995215238666649
0.9995232300666649
0.9995240316666649
0.9995243461333316
0.9995244380999982
0.9995259568666649
0.9995259718999983
0.9995259735999983
0.9995262110333316
0.999526211066665
0.9995262110999983
0.9995262288333316
0.9995262288333316
0.9995262288333316
0.999526229966665
0.999526229966665
0.999526229966665
0.9995262300333316
0.9995262300333316
0.9995262300333316
0.9995262300333316
0.9995262300333316
0.9995262300333316
0.9995262300333316
0.9995262300333316
0.999538883466665
0.9995421287666649
0.9995479171333316
0.999547998166665
0.9995480111333316
0.9995481654333316
0.9995481654333316
0.9995481654333316
0.999548167266665
0.999548167266665
0.999548167266665
0.999548167266665
0.999548167266665
0.999548167266665
0.999548167266665
0.999548167266665
0.999548167266665
0.999548167266665
0.999548167266665
0.999548167266665
0.999548167266665
0.9995482299999983
0.9995485307999983
0.9995485571666649
0.9995485614999983
0.9995485635333315
0.9995485788666649
0.9995485790666649
0.999548579166665
0.9995485791999983
0.9995485792333316
0.999548579266665
0.999548579266665
0.999548579266665
0.999548579266665
0.999548579266665
0.999548579266665
0.999548579266665
0.999548579266665
0.999548579266665
0.9995511492333317
0.9995523533333317
0.9995528970666651
0.9995531001333318
0.9995531552999984
0.9995542441333318
0.9995542524333318
0.9995542532666651
0.9995544069999984
0.9995544070333318
0.9995544070333318
0.9995544169333318
0.9995544169333318
0.9995544169333318
0.9995544174999985
0.9995544174999985
0.9995544174999985
0.9995544174999985
0.9995544174999985
0.9995544174999985
0.9995544174999985
0.9995544174999985
0.9995544174999985
0.9995544174999985
0.9995544174999985
0.9995544174999985
0.9995544174999985
0.9995544174999985
0.9995544178999985
0.9995544178999985
0.9995544178999985
0.9995544178999985
0.9995544178999985
0.9995544178999985
0.9995544178999985
0.9995544178999985
0.9995544178999985
0.9995544178999985
0.9995544178999985
0.9995845215333319
0.9996049795999985
0.9996179598999985
0.9996269800999985
0.9996307812333318
0.9996328080333319
0.9996337302999986
0.9996341343999986
0.9996342797999986
0.9996343170999986
0.9996343335999986
0.9996343388666653
0.9996343393666653
0.999634339433332
0.999634339433332
0.999634339433332
0.999634339433332
0.999634339433332
0.999634339433332
0.999634339433332
0.999634339433332
0.999634339433332
0.999634339433332
0.999634339433332
0.999634339433332
0.999634339433332
0.999634339433332
0.999634339433332
0.999634339433332
0.999634339433332
0.9996344290666653
0.999634442833332
0.9996344447666654
0.9996344447999987
0.9996344447999987
0.9996344447999987
0.9996344447999987
0.9996344447999987
0.9996344447999987
0.9996344447999987
0.9996344447999987
0.9996344447999987
0.9996622273666654
0.9996808773333321
0.9996925432333321
0.9997005802333321
0.9997038737666654
0.9997055998666654
0.9997063700333321
0.9997067006999988
0.9997068166999988
0.9997068453333322
0.9997068578333322
0.9997068617333322
0.9997068620666656
0.9997068620999989
0.9997068620999989
0.9997068620999989
0.9997068620999989
0.9997068620999989
0.9997068620999989
0.9997068620999989
0.9997068620999989
0.9997068620999989
0.9997068620999989
0.9997068620999989
0.9997068620999989
0.9997068620999989
0.9997068620999989
0.9997068620999989
0.9997068620999989
0.9997068620999989
0.9997068620999989
0.9997068620999989
0.9997068620999989
0.9997068620999989
0.9997068620999989
0.9997068620999989
0.9997068620999989
0.9997068620999989
0.9997068620999989
0.9997068620999989
0.9997068620999989
0.9997140138999989
0.9997142839333323
0.9997143058666657
0.999714308699999
0.999714314999999
0.999714314999999
0.9997143157666656
0.9997143157666656
0.9997143157666656
0.9997143158333323
0.9997143158333323
0.9997143158333323
0.9997143158333323
0.9997143158333323
0.9997143158333323
0.9997143158333323
0.9997143158333323
0.9997143158333323
0.9997143158333323
0.9997148134333322
0.9997149935666656
0.9997149935666656
0.9997149935666656
0.9997149935666656
0.9997149935666656
0.9997149935666656
0.9997149935666656
0.9997149935666656
0.9997149935666656
0.9997149935666656
0.9997149956666656
0.9997149960999989
0.9997149962666656
0.999714999599999
0.999714999599999
0.999714999599999
0.999714999599999
0.999714999599999
0.999714999599999
0.999714999599999
0.999714999599999
0.999714999599999
0.999714999599999
0.999714999599999
0.999714999599999
0.999714999599999
0.999714999599999
0.999714999599999
0.999714999599999
0.999714999599999
0.999714999599999
0.999714999599999
0.999714999599999
0.999714999599999
0.999714999599999
0.999714999599999
0.9997367141333323
0.9997507517666656
0.9997591577333322
0.9997647993333323
0.9997669206666656
0.999767975399999
0.9997684186333323
0.9997685975333324
0.9997686556333324
0.9997686683666658
0.9997686736999991
0.9997686752333325
0.9997686753333325
0.9997686753333325
0.9997686753333325
0.9997686753333325
0.9997686753333325
0.9997686753333325
0.9997686753333325
0.9997686753333325
0.9997686753333325
0.9997686753333325
0.9997686753333325
0.9997686753333325
0.9997686753333325
0.9997686753333325
0.9997686753333325
0.9997686753333325
0.9997686753333325
0.9997686753333325
0.9997696453999991
0.9997700489999991
0.9997702101999991
0.9997702618999991
0.9997702729999991
0.9997702776333325
0.9997702789333325
0.9997702790333325
0.9997702790666658
0.9997702790666658
0.9997702790666658
0.9997702790666658
0.9997702790666658
0.9997702790666658
0.9997702790666658
0.9997702790666658
0.9997702790666658
0.9997702790666658
0.9997702790666658
0.9997702790666658
0.9997702790666658
0.9997702790666658
0.9997702790666658
0.9997702790666658
0.9997702790666658
0.9997830209999992
0.9997880221999992
0.9997889139999991
0.9997890591666658
0.9997890688666659
0.9997890699666658
0.9997890699666658
0.9997890699666658
0.9997890699666658
0.9997890702666659
0.9997890702666659
0.9997890702666659
0.9997890702666659
0.9997890702666659
0.9997890702666659
0.9997890702666659
0.9997890702666659
0.9997890702666659
0.9997890702666659
0.9997890702666659
0.9997890702666659
0.9997890702666659
0.9997890702666659
0.9997890702666659
0.9997890702666659
0.9997890702666659
0.9997890702666659
0.9997890702666659
0.9997890702666659
0.9997890702666659
0.9997890702666659
0.9997934981999992
0.9997952431333326
0.9997955105999993
0.9997956017666659
0.9997956017666659
0.9997956017666659
0.9997956017666659
0.9997956017666659
0.9997956017666659
0.9997956017666659
0.9997956017666659
0.9997956017666659
0.9997956017666659
0.9997956017666659
0.9997957074666659
0.9997957421999992
0.9997957499333325
0.9997957515999992
0.9997957517666659
0.9997957518333326
0.9997957518333326
0.9997957518333326
0.9997957518333326
0.9997957518333326
0.9997957518333326
0.9997957518333326
0.9997957518333326
0.9997957518333326
0.9997957518333326
0.9997957518333326
0.9997957518333326
0.9998125808666659
0.9998230457999993
0.9998290364333325
0.9998329519666659
0.9998342985333325
0.9998349327333325
0.9998351834333324
0.9998352783999991
0.9998353069333324
0.9998353124666658
0.9998353146999991
0.9998353152999991
0.9998353153333325
0.9998353153666658
0.9998353153666658
0.9998353153666658
0.9998353153666658
0.9998353153666658
0.9998353153666658
0.9998353153666658
0.9998353153666658
0.9998353153666658
0.9998353153666658
0.9998353153666658
0.9998353153666658
0.9998353153666658
0.9998353153666658
0.9998353153666658
0.9998353153666658
0.9998353153666658
0.9998353153666658
0.9998353153666658
0.9998353153666658
0.9998353153666658
0.9998353153666658
0.9998353153666658
0.9998353153666658
0.9998353153666658
0.9998353153666658
0.9998353153999991
0.9998353153999991
0.9998353153999991
0.9998353153999991
0.9998353153999991
0.9998353153999991
0.9998353153999991
0.9998353153999991
0.9998353153999991
0.9998353153999991
0.9998353153999991
0.9998353153999991
0.9998358042333325
0.9998359915333325
0.9998360602666658
0.9998360800666658
0.9998360836999991
0.9998360851333324
0.9998360854666658
0.9998360854999991
0.9998360854999991
0.9998360854999991
0.9998360854999991
0.9998360854999991
0.9998360854999991
0.9998360854999991
0.9998360854999991
0.9998360854999991
0.9998360854999991
0.9998360854999991
0.9998360854999991
0.9998360854999991
0.9998360854999991
0.9998360854999991
0.9998360854999991
0.9998360854999991
0.9998360854999991
0.9998502193999992
0.9998587782999991
0.9998635292666658
0.9998665796666658
0.9998675663333325
0.9998680141666658
0.9998681839999991
0.9998682456333324
0.9998682631666658
0.9998682662999991
0.9998682675333325
0.9998682678333325
0.9998682678333325
0.9998682678333325
0.9998682678333325
0.9998682678333325
0.9998682678333325
0.9998682678333325
0.9998682678333325
0.9998682678333325
0.9998682678333325
0.9998682678333325
0.9998682678333325
0.9998682678333325
0.9998682678333325
0.9998682678333325
0.9998682678333325
0.9998682678333325
0.9998682678333325
0.9998682678333325
0.9998682678333325
0.9998682678333325
0.9998682678333325
0.9998682678333325
0.9998682678333325
0.9998709552666658
0.9998713305999991
0.9998714699999991
0.9998715205666657
0.999871522899999
0.9998715231333324
0.999871525199999
0.999871525599999
0.999871525599999
0.999871525599999
0.999871525599999
0.999871525599999
0.999871525599999
0.999871525599999
0.999871525599999
0.999871525599999
0.999871525599999
0.999871525599999
0.999871525599999
0.999871525599999
0.999871525599999
0.999871525599999
0.999871525599999
0.999871525599999
0.999871525599999
0.999871525599999
0.999871525599999
0.999871525599999
0.999871525599999
0.999871525599999
0.999871525599999
0.999871525599999
0.999871525599999
0.999871525599999
0.999871525599999
0.999871525599999
0.999871525599999
0.9998738903999991
0.9998739300666657
0.9998739318333324
0.9998739319999991
0.9998739323999991
0.9998739323999991
0.9998739323999991
0.9998739323999991
0.9998739323999991
0.9998739323999991
0.9998739323999991
0.9998739323999991
0.9998739323999991
0.9998739323999991
0.9998739323999991
0.9998739323999991
0.9998739323999991
0.9998739323999991
0.9998739323999991
0.9998739323999991
0.9998739323999991
0.9998739323999991
0.9998739323999991
0.9998739323999991
0.9998847369333325
0.9998910184999992
0.9998943441333326
0.9998964224999992
0.9998970339999992
0.9998972962666659
0.9998973895999992
0.9998974213333325
0.9998974296333325
0.9998974309333325
0.9998974313999992
0.9998974315333325
0.9998974315333325
0.9998974315333325
0.9998974315333325
0.9998974315333325
0.9998974315333325
0.9998974315333325
0.9998974315333325
0.9998974315333325
0.9998974315333325
0.9998974315333325
0.9998974315333325
0.9998974315333325
0.9998974315333325
0.9998974315333325
0.9998974315333325
0.9998974315333325
0.9998974315333325
0.9998974315333325
0.9998974326666659
0.9998974329666659
0.9998974329999992
0.9998974329999992
0.9998974329999992
0.9998974329999992
0.9998974329999992
0.9998974329999992
0.9998974329999992
0.9998974329999992
0.9998974329999992
0.9998974329999992
0.9998974329999992
0.9998974329999992
0.9998974329999992
0.9998974329999992
0.9998974329999992
0.9998974329999992
0.9998974329999992
0.9998974329999992
0.9998974329999992
0.9998974329999992
0.9998974329999992
0.9998974329999992
0.9998974329999992
0.9998974329999992
0.9998974329999992
0.9998974329999992
0.9998974329999992
0.9998974329999992
0.9998974329999992
0.9998974329999992
0.9998974329999992
0.9998974329999992
0.9999025178999992
0.9999041175333325
0.9999042995666658
0.9999043197333325
0.9999043204666658
0.9999043204999991
0.9999043204999991
0.9999043204999991
0.9999043204999991
0.9999043204999991
0.9999043204999991
0.9999043204999991
0.9999043204999991
0.9999043204999991
0.9999043204999991
0.9999043204999991
0.9999043204999991
0.9999043204999991
0.9999043204999991
0.9999043204999991
0.9999043204999991
0.9999043204999991
0.9999043204999991
0.9999044864666657
0.9999045424333324
0.9999045604333324
0.9999045648333325
0.9999045654333325
0.9999045656666659
0.9999045657333325
0.9999045657333325
0.9999045657333325
0.9999045657333325
0.9999045657333325
0.9999045657333325
0.9999045657333325
0.9999045657333325
0.9999045657333325
0.9999045657333325
0.9999045657333325
0.9999045657333325
0.9999045657333325
0.9999045657333325
0.9999045657333325
0.9999045657333325
0.9999045657333325
0.9999045657333325
0.9999045657333325
0.9999127589333325
0.9999173269666659
0.9999196303999992
0.9999210312333325
0.9999214049666658
0.9999215561999991
0.9999216066333324
0.9999216226999991
0.9999216265666657
0.9999216270999991
0.9999216272666658
0.9999216272999991
0.9999216272999991
0.9999216272999991
0.9999216272999991
0.9999216272999991
0.9999216272999991
0.9999216272999991
0.9999216272999991
0.9999216272999991
0.9999216272999991
0.9999216272999991
0.9999216272999991
0.9999216272999991
0.9999216272999991
0.9999216272999991
0.9999216272999991
0.9999216272999991
0.9999216272999991
0.9999216272999991
0.9999216272999991
0.9999216272999991
0.9999216272999991
0.9999216272999991
0.9999216272999991
0.9999290855666658
0.9999331851333325
0.9999352184666659
0.9999364437333326
0.9999367598999992
0.9999368853666659
0.9999369263333325
0.9999369390333326
0.9999369419999993
0.9999369423999993
0.9999369425333327
0.999936942566666
0.999936942566666
0.999936942566666
0.999936942566666
0.999936942566666
0.999936942566666
0.999936942566666
0.999936942566666
0.999936942566666
0.999936942566666
0.999936942566666
0.999936942566666
0.999936942566666
0.999936942566666
0.999936942566666
0.999936942566666
0.999936942566666
0.999936942566666
0.999936942566666
0.9999369465333326
0.9999369472666659
0.9999369473333326
0.9999369473333326
0.9999369473333326
0.9999369473333326
0.9999369473333326
0.9999369473333326
0.9999369473333326
0.9999369473333326
0.9999369473333326
0.9999369473333326
0.9999369473333326
0.9999369473333326
0.9999369473333326
0.9999406228333326
0.9999416933333326
0.9999417971999993
0.9999418072999993
0.9999418075999993
0.9999418075999993
0.9999418075999993
0.9999418075999993
0.9999418075999993
0.9999418075999993
0.9999418075999993
0.9999418075999993
0.9999418075999993
0.9999418075999993
0.9999418075999993
0.9999418075999993
0.9999418075999993
0.9999418075999993
0.9999418075999993
0.9999418075999993
0.9999418075999993
0.9999418075999993
0.9999418075999993
0.9999418075999993
0.9999418075999993
0.9999418075999993
0.9999418075999993
0.9999418075999993
0.9999418075999993
0.9999418075999993
0.9999418075999993
0.9999418075999993
0.9999418075999993
0.9999418075999993
0.9999418075999993
0.9999418075999993
0.9999418075999993
0.9999418075999993
0.9999418075999993
0.9999418075999993
0.9999418075999993
0.9999418075999993
0.9999418075999993
0.9999418075999993
0.9999418075999993
0.9999418075999993
0.9999418075999993
0.9999418075999993
0.9999418075999993
0.9999418075999993
0.9999418075999993
0.9999418075999993
0.9999418075999993
0.9999418075999993
0.9999418075999993
0.9999418075999993
0.9999426217999993
0.9999426926666659
0.9999426927999993
0.9999426928333326
0.9999426928333326
0.9999426928333326
0.9999426928333326
0.9999426928333326
0.9999426928333326
0.9999426928333326
0.9999426928333326
0.9999426928333326
0.9999426928333326
0.9999426928333326
0.9999426928333326
0.9999426928333326
0.9999426928333326
0.9999426928333326
0.9999426928333326
0.9999426928333326
0.9999426928333326
0.9999426928333326
0.9999426977666659
0.9999426987666659
0.9999426988999992
0.9999426988999992
0.9999426988999992
0.9999426988999992
0.9999426988999992
0.9999426988999992
0.9999426988999992
0.9999426988999992
0.9999426988999992
0.9999426988999992
0.9999426988999992
0.9999426988999992
0.9999426988999992
0.9999426988999992
0.9999426988999992
0.9999426988999992
0.9999426988999992
0.9999426988999992
0.9999426988999992
0.9999426988999992
0.9999426988999992
0.9999426988999992
0.9999426988999992
0.9999426988999992
0.9999473002666659
0.9999496516666659
0.9999507229333326
0.9999513392999994
0.9999514732333327
0.999951521266666
0.999951535266666
0.9999515391333327
0.9999515399333326
0.9999515399999993
0.9999515400333326
0.9999515400333326
0.9999515400333326
0.9999515400333326
0.9999515400333326
0.9999515400333326
0.9999515400333326
0.9999515400333326
0.9999515400333326
0.9999515400333326
0.9999515400333326
0.9999515400333326
0.9999515400333326
0.9999515400333326
0.9999515400333326
0.9999515400333326
0.9999515400333326
0.9999515400333326
0.9999515400333326
0.9999515400333326
0.9999515400333326
0.9999515400333326
0.9999557069333327
0.9999578047333327
0.9999587439666661
0.9999592793333327
0.999959391566666
0.9999594310333327
0.9999594422666661
0.9999594453333328
0.9999594459333329
0.9999594459999995
0.9999594460333329
0.9999594460666662
0.9999594460666662
0.9999594460666662
0.9999594460666662
0.9999594460666662
0.9999594460666662
0.9999594460666662
0.9999594460666662
0.9999594460666662
0.9999594460666662
0.9999594460666662
0.9999594460666662
0.9999594460666662
0.9999594460666662
0.9999594460666662
0.9999594460666662
0.9999594460666662
0.9999594460666662
0.9999594460666662
0.9999594817666662
0.9999594918666661
0.9999594945666661
0.9999594950666661
0.9999594951333328
0.9999594951333328
0.9999594951333328
0.9999594951333328
0.9999594951333328
0.9999594951333328
0.9999594951333328
0.9999594951333328
0.9999594951333328
0.9999594951333328
0.9999594951333328
0.9999594951333328
0.9999594951333328
0.9999594951333328
0.9999594951333328
0.9999594951333328
0.9999594951333328
0.9999594951333328
0.9999594951333328
0.9999594951333328
0.9999594951333328
0.9999594951333328
0.9999594951333328
0.9999594951333328
0.9999594951333328
0.9999594951333328
0.9999594951333328
0.9999594951333328
0.9999594951333328
0.9999594951333328
0.9999594951333328
0.9999629036666662
0.9999645684999995
0.9999652879999995
0.9999656904999995
0.9999657690333328
0.9999657954999994
0.9999658026999995
0.9999658045333328
0.9999658048666662
0.9999658048999995
0.9999658048999995
0.9999658048999995
0.9999658048999995
0.9999658048999995
0.9999658048999995
0.9999658048999995
0.9999658048999995
0.9999658048999995
0.9999658048999995
0.9999658048999995
0.9999658048999995
0.9999658048999995
0.9999658048999995
0.9999658048999995
0.9999658048999995
0.9999658048999995
0.9999658048999995
0.9999658048999995
0.9999658048999995
0.9999658048999995
0.9999658048999995
0.9999658048999995
0.9999658048999995
0.9999658048999995
0.9999658048999995
0.9999658048999995
0.9999658048999995
0.9999658048999995
0.9999658048999995
0.9999658048999995
0.9999658048999995
0.9999688837999995
0.9999703647666661
0.9999709934666661
0.999971341866666
0.9999714073999993
0.9999714290333327
0.9999714347999994
0.9999714362333327
0.9999714364999994
0.9999714364999994
0.9999714364999994
0.9999714364999994
0.9999714364999994
0.9999714364999994
0.9999714364999994
0.9999714364999994
0.9999714364999994
0.9999714364999994
0.9999714364999994
0.9999714364999994
0.9999714364999994
0.9999714364999994
0.9999714364999994
0.9999714364999994
0.9999714364999994
0.9999714364999994
0.9999714364999994
0.9999714364999994
0.9999714364999994
0.9999714364999994
0.9999714364999994
0.9999714364999994
0.9999714364999994
0.9999714364999994
0.9999714364999994
0.9999714364999994
0.9999714364999994
0.9999714364999994
0.9999714364999994
0.9999727526666661
0.9999730538999995
0.9999730715333328
0.9999730726666661
0.9999730726666661
0.9999730726666661
0.9999730726666661
0.9999730726666661
0.9999730726666661
0.9999730726666661
0.9999730726666661
0.9999730726666661
0.9999730726666661
0.9999730726666661
0.9999730726666661
0.9999730726666661
0.9999730726666661
0.9999730726666661
0.9999730726666661
0.9999730726666661
0.9999730726666661
0.9999730726666661
0.9999730726666661
0.9999730885999994
0.9999730926999995
0.9999730936999994
0.9999730938666661
0.9999730938999994
0.9999730938999994
0.9999730938999994
0.9999730938999994
0.9999730938999994
0.9999730938999994
0.9999730938999994
0.9999730938999994
0.9999730938999994
0.9999730938999994
0.9999730938999994
0.9999730938999994
0.9999730938999994
0.9999730938999994
0.9999730938999994
0.9999730938999994
0.9999730938999994
0.9999730938999994
0.9999730938999994
0.9999730938999994
0.9999730938999994
0.9999730938999994
0.9999730938999994
0.9999730938999994
0.9999730938999994
0.9999730938999994
0.9999730938999994
0.9999730938999994
0.9999730938999994
0.9999730938999994
0.9999730938999994
0.9999730938999994
0.9999730938999994
0.9999730938999994
0.9999730938999994
0.9999730938999994
0.9999730938999994
0.9999730938999994
0.9999730938999994
0.9999730938999994
0.9999730938999994
0.9999730938999994
0.9999730938999994
0.9999730938999994
0.9999730938999994
0.9999730938999994
0.9999730938999994
0.9999730938999994
0.9999730938999994
0.9999730938999994
0.9999730938999994
0.9999730938999994
0.9999730938999994
0.9999730938999994
0.9999730938999994
0.9999730938999994
0.9999730938999994
0.9999730938999994
0.9999730938999994
0.9999731044333328
0.9999731070333328
0.9999731076333328
0.9999731077333328
0.9999731077333328
0.9999731077333328
0.9999731077333328
0.9999731077333328
0.9999731077333328
0.9999731077333328
0.9999731077333328
0.9999731077333328
0.9999731077333328
0.9999731077333328
0.9999731077333328
0.9999731077333328
0.9999731077333328
0.9999731077333328
0.9999731077333328
0.9999731077333328
0.9999731077333328
0.9999731077333328
0.9999731077333328
0.9999731077333328
0.9999731077333328
0.9999733011333328
0.9999733016333329
0.9999733016333329
0.9999733016333329
0.9999733016333329
0.9999733016333329
0.9999733016333329
0.9999733016333329
0.9999733016333329
0.9999733016333329
0.9999733016333329
0.9999733016333329
0.9999733016333329
0.9999733016333329
0.9999733016333329
0.9999733016333329
0.9999733016333329
0.9999733016333329
0.9999733016333329
0.9999733016333329
0.9999733016333329
0.9999733016333329
0.9999733016333329
0.9999733016333329
0.9999733016333329
0.9999733016333329
0.9999733016333329
0.9999733016333329
0.9999734680666662
0.9999734757333328
0.9999734757333328
0.9999734757333328
0.9999734757333328
0.9999734757333328
0.9999734757333328
0.9999734757333328
0.9999734757333328
0.9999734757333328
0.9999734757333328
0.9999734757333328
0.9999734757333328
0.9999734757333328
0.9999734757333328
0.9999734757333328
0.9999734757333328
0.9999734757333328
0.9999734757333328
0.9999734757333328
0.9999734757333328
0.9999734757333328
0.9999734757333328
0.9999734757333328
0.9999734757333328
0.9999751192666662
0.9999758385333328
0.9999761119666661
0.9999762550666661
0.9999762765333328
0.9999762827333327
0.9999762841666661
0.9999762844666661
0.9999762844999994
0.9999762845333328
0.9999762845333328
0.9999762845333328
0.9999762845333328
0.9999762845333328
0.9999762845333328
0.9999762845333328
0.9999762845333328
0.9999762845333328
0.9999762845333328
0.9999762845333328
0.9999762845333328
0.9999762845333328
0.9999762845333328
0.9999762845333328
0.9999762845333328
0.9999762845333328
0.9999762845333328
0.9999762845333328
0.9999762845333328
0.9999762845333328
0.9999762901333328
0.9999762914333328
0.9999762914666661
0.9999762914666661
0.9999762914666661
0.9999762914666661
0.9999762914666661
0.9999762914666661
0.9999762914666661
0.9999762914666661
0.9999762914666661
0.9999762914666661
0.9999762914666661
0.9999762914666661
0.9999762914666661
0.9999762914666661
0.9999762914666661
0.9999762914666661
0.9999762914666661
0.9999762914666661
0.9999762914666661
0.9999769270666661
0.999977049966666
0.9999770549999993
0.9999770552333327
0.9999770552333327
0.9999770552333327
0.9999770552333327
0.9999770552333327
0.9999770552333327
0.9999770552333327
0.9999770552333327
0.9999770552333327
0.9999770552333327
0.9999770552333327
0.9999770552333327
0.9999770552333327
0.9999770552333327
0.9999770552333327
0.9999770552333327
0.9999770552333327
0.9999770552333327
0.9999770552333327
0.9999770552333327
0.9999770597666661
0.999977060766666
0.999977060966666
0.999977060966666
0.999977060966666
0.999977060966666
0.999977060966666
0.999977060966666
0.999977060966666
0.999977060966666
0.999977060966666
0.999977060966666
0.999977060966666
0.999977060966666
0.999977060966666
0.999977060966666
0.999977060966666
0.999977060966666
0.999977060966666
0.999977060966666
0.999977060966666
0.999977060966666
0.999977060966666
0.999977060966666
0.999977060966666
0.999977060966666
0.999977060966666
0.999977060966666
0.999977060966666
0.999977060966666
0.999977060966666
0.999977060966666
0.999977060966666
0.999977060966666
0.999977060966666
0.999977060966666
0.999977060966666
0.999977060966666
0.999977060966666
0.999977060966666
0.999977060966666
0.999977060966666
0.999977060966666
0.999977060966666
0.999977060966666
0.999977060966666
0.999977060966666
0.999977060966666
0.999977060966666
0.999977060966666
0.999977060966666
0.999977060966666
0.999977060966666
0.999977060966666
0.999977060966666
0.999977060966666
0.9999770638999994
0.9999770644999995
0.9999770646333328
0.9999770646666661
0.9999770646666661
0.9999770646666661
0.9999770646666661
0.9999770646666661
0.9999770646666661
0.9999770646666661
0.9999770646666661
0.9999770646666661
0.9999770646666661
0.9999770646666661
0.9999770646666661
0.9999770646666661
0.9999770646666661
0.9999770646666661
0.9999770646666661
0.9999770646666661
0.9999770646666661
0.9999770646666661
0.9999770646666661
0.9999770646666661
0.9999770646666661
0.9999775008333328
0.9999775781666661
0.9999775807999994
0.9999775808999994
0.9999775808999994
0.9999775808999994
0.9999775808999994
0.9999775808999994
0.9999775808999994
0.9999775808999994
0.9999775808999994
0.9999775808999994
0.9999775808999994
0.9999775808999994
0.9999775808999994
0.9999775808999994
0.9999775808999994
0.9999775808999994
0.9999775808999994
0.9999775808999994
0.9999775808999994
0.9999775808999994
0.9999775808999994
0.9999775808999994
0.9999775808999994
0.9999775808999994
0.9999775808999994
0.9999775808999994
0.9999775808999994
0.9999776470333328
0.9999776491666661
0.9999776491666661
0.9999776491666661
0.9999776491666661
0.9999776491666661
0.9999776491666661
0.9999776491666661
0.9999776491666661
0.9999776491666661
0.9999776491666661
0.9999776491666661
0.9999776491666661
0.9999776491666661
0.9999776491666661
0.9999776491666661
0.9999776491666661
0.9999776491666661
0.9999776491666661
0.9999776491666661
0.9999776491666661
0.9999776491666661
0.9999776491666661
0.9999776491666661
0.9999776491666661
0.9999776491666661
0.9999776491666661
0.9999776491666661
0.9999776491666661
0.9999776491666661
0.9999776491666661
