0.0
3.09713e-05
6.531703333333334e-05
0.00010332163333333334
0.00014811263333333334
0.00019936073333333334
0.00025448066666666666
0.00032071413333333335
0.0003987000666666667
0.0004881281666666667
0.0005843674333333333
0.0006914321333333334
0.0008249032666666667
0.0009606928
0.0011050804
0.0012825760333333334
0.0014888063333333334
0.0017127602333333334
0.0019624141666666666
0.0022350159666666668
0.0025370370333333333
0.0029662264
0.0033665464666666665
0.003906937633333333
0.0044324466
0.005111648566666667
0.005779839533333333
0.006668851
0.0075824466
0.008664431933333333
0.009821973533333334
0.009958502333333334
0.010120318633333333
0.010308670466666666
0.010523863199999999
0.0107582099
0.0111323923
0.011448695766666666
0.0117810465
0.0122812116
0.0127129128
0.013208939933333334
0.013937759333333334
0.014543918833333334
0.015214087766666667
0.0162027993
0.0172121146
0.01818569496666667
0.01977151296666667
0.02102603806666667
0.02261592606666667
0.024599232666666672
0.02663403363333334
0.028729643500000006
0.031729669666666675
0.03435808353333334
0.03448473240000001
0.034648023233333346
0.03485298660000001
0.035131697333333343
0.03547934733333334
0.035941201366666675
0.03647822973333334
0.03711492633333334
0.03804119763333334
0.039192142000000006
0.040080796766666676
0.04106676800000001
0.04216748456666668
0.04442645886666668
0.04583737416666668
0.047657893233333345
0.04944181123333335
0.05239073333333335
0.05506121346666668
0.05787582376666668
0.060716303233333345
0.06514856160000002
0.06889075493333335
0.06933567973333335
0.06964736493333334
0.0700550597
0.07050233033333334
0.07108904923333334
0.07172240466666667
0.07253350536666667
0.07417499836666666
0.07529632709999999
0.07654009326666666
0.0783593876
0.08094149853333334
0.0826860915
0.08586843816666667
0.08802701010000001
0.09075355110000001
0.09555743526666667
0.0988605937
0.10209986833333333
0.10689559416666666
0.11134826256666666
0.11157236649999999
0.1118291709
0.11215223136666666
0.11252802216666666
0.11306404413333332
0.11403962276666665
0.1147346495
0.11556289706666666
0.11652195363333333
0.1180223855
0.1193315395
0.12077966776666667
0.1223846644
0.12495501396666667
0.12693661546666668
0.1314415319666667
0.1338335363666667
0.13718189743333337
0.14055551610000003
0.1440932462666667
0.14743991120000002
0.1546541306666667
0.15974750090000003
0.1602426058666667
0.16085769056666668
0.16164624860000001
0.1629505193
0.1640327522666667
0.16640736983333335
0.16786182086666668
0.1694632617
0.17180595793333334
0.17393431446666666
0.17878622983333334
0.18128544076666667
0.18608160203333332
0.19056710403333332
0.19413132713333334
0.1973612612
0.20388577763333332
0.2101496971333333
0.21044580126666665
0.21078293383333332
0.21127043569999998
0.2121459601333333
0.21283103086666663
0.21369934629999995
0.21533147873333328
0.21674699969999994
0.21792869509999993
0.21948807389999994
0.22119448576666662
0.2234740098333333
0.22804956749999997
0.2302432688333333
0.2327426817333333
0.23669925246666662
0.2413801875333333
0.24481565739999994
0.24777803033333326
0.2550589311333333
0.2580783160999999
0.25861414773333324
0.2593605127999999
0.26029553186666654
0.2613211558999999
0.2625796314666665
0.2642062293999998
0.2659728941999998
0.2691438438333331
0.2727508323666665
0.2749397738999998
0.27735459136666646
0.28156264296666644
0.28980195663333314
0.2930063588999998
0.2956187959333332
0.30007406989999985
0.30347457369999986
0.30388116109999985
0.30453331933333316
0.3053325868666665
0.30632189073333316
0.3082360894666665
0.3095498624666665
0.3118337052999998
0.3134931079333331
0.31527986526666646
0.3179752311666665
0.3201022586666665
0.32361618963333316
0.3258846744333332
0.3315702980999998
0.3347309117999998
0.33764878073333315
0.33988451363333316
0.34508992213333317
0.34766328223333315
0.3482071874333331
0.34919692436666644
0.3500409827333331
0.35199264846666645
0.3530244548999998
0.3557342889666665
0.3575188834666665
0.35962914746666647
0.36129079386666646
0.3635230551333331
0.3671717721999998
0.3702879420999998
0.37230944959999984
0.37875699479999986
0.3808392710333332
0.38583824346666656
0.3896553447999999
0.3927638637333333
0.3946353259666666
0.4015608252666666
0.40456569593333325
0.4049799431999999
0.4054459432999999
0.4060228536999999
0.40713708453333325
0.4080181154666666
0.40908131749999993
0.4103427362666666
0.41224163329999997
0.4137016463333333
0.41533922546666663
0.41762534436666665
0.420708145
0.42259367436666667
0.4268723447
0.4287476389
0.4311725261
0.43419745660000003
0.4371006118666667
0.43864343600000005
0.44418499940000006
0.4454705604666667
0.44638106740000005
0.4474652849666667
0.44947885790000003
0.45107051113333335
0.45339872626666666
0.4573592912
0.4590903254
0.4643455419
0.46600849839999997
0.47123617009999996
0.4739564676
0.47521643616666664
0.47943229176666663
0.4832192358333333
0.4837350282333333
0.48436743553333333
0.48507618036666666
0.48666954393333334
0.48760238656666666
0.4886980171
0.49065103233333335
0.4927751305333333
0.49419288343333334
0.4957212124
0.49808011373333333
0.49968286096666664
0.5025680615333333
0.5041362685666667
0.5084837918333334
0.5099404781333333
0.5126833123
0.5153196879333333
0.5178833513
0.5189073275999999
0.5224997784
0.5232940432666666
0.5242424723333333
0.5253407337666667
0.5274293232666667
0.5296565152
0.5311084153666666
0.5334817498666666
0.5375941457333333
0.5389993380333333
0.5402634382
0.5428792765666667
0.5477569556666667
0.5501748381
0.5510055191333334
0.5557601962666667
0.5563842607666667
0.5569405550666667
0.5576149592
0.5585726487
0.5596656103666666
0.5619839151999999
0.5645874725999999
0.5659538223999998
0.5683257215999998
0.5725179514666665
0.5737659984666665
0.5748555325333332
0.5788909939666665
0.5812497947999998
0.5835295299666665
0.5842031965333332
0.5893981338666665
0.5913361533333332
0.5922972276999999
0.5933778274666666
0.5945343923666666
0.5969050182
0.5981802616666666
0.6005058534333333
0.6032070983666666
0.6043079771333333
0.6052427202333333
0.6075788855333333
0.6096951298
0.610241362
0.6121451034666667
0.6132455373333334
0.6137299485666667
0.6143178115000001
0.6150214641333335
0.6158573350666668
0.6168163904333335
0.6178784376000002
0.6190552075000002
0.6202437574666668
0.6214417597666668
0.6237721115000001
0.6249537716000001
0.6271837265000001
0.6282994670666667
0.6308577976
0.6318239070666667
0.6341961303
0.6349957666
0.6371429917
0.6377588066666666
0.6396803060666666
0.6401227426666666
0.6418322087666666
0.6421295713666666
0.6429682025333333
0.6439203210333333
0.6449584852666667
0.6475015822
0.6500738952666667
0.6511620544333334
0.6532570704
0.6557319715000001
0.6565767758333334
0.6602128786000001
0.6608958257000002
0.6642554093666668
0.6661734954666668
0.6678977147000001
0.6682551878000001
0.6710840102000002
0.6722806786000002
0.6727903029333335
0.6734012309666668
0.6741223026000002
0.6749600546333335
0.6759008123333335
0.6769106000333336
0.6779941264000002
0.6790515300666669
0.6800483098000002
0.6810031887666669
0.6818985255000002
0.6840654486333335
0.6848024650333335
0.6867499365666668
0.6873327181666669
0.6890510606000002
0.6894740368333335
0.6909720640000002
0.6912597118666669
0.6925606960000003
0.692735486766667
0.6939679911000003
0.6954106336000003
0.6969053176333336
0.699875712966667
0.7012833563666669
0.7040119333000002
0.7066187588666669
0.7077356571333335
0.7125538779666668
0.7135113005000001
0.7154415619333334
0.7180416167333334
0.7197489837000001
0.7204072708333334
0.7230383816000001
0.7246136324000001
0.7257827712000001
0.7271651500000001
0.7286278073000001
0.7301222493000001
0.7316428807333335
0.7329888097000001
0.7342017568000001
0.7352475918333334
0.7361392094666668
0.7390412869666668
0.7408796577333335
0.7423824119333335
0.7429930289666669
0.7452789429333335
0.7457840916000001
0.7471054786000001
0.7485805705333334
0.7500673743333334
0.7515571752333333
0.7529567783666666
0.7542403927666667
0.7566963793666667
0.7576757644333333
0.7585063149
0.7592607086333333
0.7609876331666666
0.7623000141999999
0.7628665986666666
0.7649060915333333
0.7653769615
0.7660106511
0.7673701275666667
0.768803299
0.7702834387333334
0.7717545773000001
0.7732055621666667
0.7745501589333333
0.7757675102
0.7768393824333334
0.7777508600333334
0.7785183257666667
0.7791436404333334
0.7797094870000001
0.7802287416000001
0.7812123357000001
0.7816449984333335
0.7831262527666668
0.7845783974666668
0.7857332041666668
0.7878481216666668
0.7886986012000001
0.7894100403000002
0.7918978100666668
0.7923768166666668
0.7934774416666668
0.7947426302000001
0.7954562556666668
0.7969091117333335
0.7983873410666668
0.7998573797
0.8012870935
0.8026543504333333
0.8039531377666667
0.8051888315666667
0.8062824416666666
0.8073027332
0.8082457852666667
0.8095113065
0.8103025607000001
0.8123020057000001
0.8129584691000001
0.8142920447000002
0.8148200165000001
0.8156642272000001
0.8161026528666667
0.8176856760333334
0.8183164467333334
0.8190507178666667
0.8205230980333333
0.8219866903
0.8233817179333334
0.8247458160333334
0.8259845581666667
0.8271553188666667
0.8281791088
0.8291282493333333
0.8300004872666666
0.8311798067333334
0.8319046567
0.8336668684666667
0.8342616512000001
0.8351569184666667
0.8362241986000001
0.8369932577666668
0.8373853264000001
0.8385272679666668
0.8388562671666667
0.8395902572666667
0.8410290010666667
0.8423809275333334
0.8436329901
0.8448072918666667
0.8458454697666667
0.8467988305666667
0.8476771517
0.8484796093666667
0.8491398549
0.8500863833666666
0.8506220967
0.8520416991333333
0.852464507
0.853162921
0.8535119609333334
0.8543319967
0.8548925422333333
0.8563003548333333
0.8576039095333333
0.8588577023
0.8599647183
0.8608468605333334
0.8616540059666667
0.8634002738000001
0.8639959555666668
0.8644730000666667
0.8652134678666668
0.8670493132666668
0.8676787859666668
0.8679850665000002
0.8691025330333335
0.8693590962333335
0.8700450945000002
0.8713651545000002
0.8726183573333335
0.8738143444666668
0.8749393907333335
0.8759819457333335
0.8769485434333335
0.8778482570000001
0.8786654760666668
0.8794085197000001
0.8800788697666668
0.8810113233666669
0.8815507391333336
0.8823417843666669
0.8827690641000002
0.8834427320333336
0.883774138166667
0.8843447257000003
0.8846166917000003
0.885113238966667
0.8853409703000004
0.8865265652000004
0.8878808176000004
0.8886175574000004
0.889620036866667
0.8900897594333337
0.890455383066667
0.8919573313666671
0.8927760201666671
0.8935178902666672
0.8937459871333339
0.8948237275333338
0.8954048013000004
0.8959608349666671
0.8970050673000004
0.8979729079000004
0.8988588445000004
0.8996694175666671
0.9004152121333338
0.9010848655333338
0.9016846588333338
0.9022177943333338
0.9029864259000004
0.9034042656333338
0.9040443102666671
0.904366645966667
0.9049055891333337
0.9051513311000005
0.9056050403666671
0.9058055746000004
0.9061988998333338
0.9063662485333338
0.9068521001333338
0.9076639169333338
0.9082639956000005
0.9087962209666671
0.9094870235333338
0.9098471807000005
0.9101194883333338
0.9105945634666671
0.9109921679000005
0.9111566616333339
0.9114992873333339
0.9118001624666672
0.9122077052333338
0.9133185209666672
0.9143261871333339
0.9148597091000006
0.9156360224666673
0.9160447351666673
0.9163537770666673
0.9171075977666673
0.9173373428000006
0.9177572581666672
0.9181311004333339
0.9186806282000006
0.9188165604000006
0.9193996576000006
0.9196760520666674
0.9200066010000006
0.9205984744666673
0.9214685313666673
0.9219385869000006
0.9223475080666673
0.9229817513666674
0.9235340627000007
0.9237955748333341
0.9244624549666675
0.9246528220333341
0.9250214623666674
0.9253230179666674
0.925629158233334
0.9257381889666674
0.9261133180666674
0.9262008509000007
0.9266117326000007
0.9269646600666674
0.9275154101333342
0.9284881518666674
0.9287051144333341
0.9288585891000009
0.9295397095333342
0.9300072024000009
0.9302720125000009
0.9303557259000009
0.9311696704666677
0.9312353197666676
0.931598199500001
0.932169297500001
0.9329101914666676
0.933092849400001
0.9340220076000011
0.9341480749000011
0.9346878482333344
0.9350778766333344
0.9351439075666678
0.9355545613333345
0.9358542083666678
0.9360099018333344
0.9362702860000011
0.9364857369666677
0.9368702630666677
0.9370178874666677
0.9373200044333344
0.9374186658000011
0.9376643655666678
0.9377307685333345
0.9379325880666678
0.9379816504666678
0.9381501998666678
0.9381869875666679
0.9382934103333345
0.9386748534666678
0.9390068947000011
0.9391186535666678
0.9395325962666679
0.9396027202666678
0.9398112071000011
0.939964806800001
0.9401355021000011
0.9401664027333344
0.9403777468666678
0.9403997140333344
0.9404671148333344
0.9412748990333345
0.9413577410333345
0.9417345882333344
0.9417829648666678
0.9421799467666678
0.9423271018000011
0.9425884815000011
0.9426070871000011
0.9428613006666677
0.9429748292000011
0.9434818521666678
0.9437024855666678
0.9438754337666678
0.9442446014000012
0.9447589404666679
0.9450018116333345
0.9451201405333345
0.9454474127666678
0.9456493853666678
0.9456721040333345
0.9458419094666678
0.9458648117000011
0.9460028841666678
0.9460142283000011
0.9461285305333345
0.9461352983333344
0.9462289959333344
0.9462331301000011
0.9463673914333344
0.9468629851333343
0.9471732013333344
0.9474488482333344
0.947542765500001
0.9478355167333344
0.9479160392000011
0.9479206548666678
0.9480311112666677
0.9480344960333345
0.9481269314333345
0.9481286239666679
0.9482035144666678
0.9482043986666678
0.9483030930666678
0.9486066257333345
0.9487741945333346
0.9488520916666678
0.9490489350666679
0.9491613382333346
0.9493072057000013
0.949431154766668
0.9494313709000013
0.9496618390000013
0.9497351640333347
0.9498060318000013
0.9498713732000014
0.9500103774000014
0.9500657261000014
0.9500657513000014
0.9501162677000013
0.9501162790333347
0.9501857585666681
0.9503034493666681
0.9503034497333348
0.9506299272333348
0.9514943075666682
0.9519308101333349
0.9525109132666683
0.9528543519000016
0.9533971039000015
0.9537623613333349
0.9539517174666683
0.9540921637333349
0.954312028333335
0.9545590959000017
0.9547339259000016
0.954810950733335
0.955139722233335
0.955200814233335
0.9553813526666683
0.9554600723333351
0.9556080222333351
0.955647900633335
0.9557983761000017
0.9558349154000018
0.9562206462333351
0.9565747531000018
0.9568872730000019
0.9571391295666686
0.9573349312000019
0.9574780932666686
0.9575704127666685
0.9576418831666685
0.9578189847333352
0.9580121898000018
0.9580400573666684
0.9580943999666685
0.9581029042000018
0.9583449959000018
0.9583475686333351
0.9584365167333352
0.9584369998666685
0.9585247170666685
0.9585620951333352
0.9586183198000019
0.9586183238666686
0.9586620987000019
0.9586984454000018
0.9589665912333352
0.9593952624333352
0.9597788275333352
0.9600757656333352
0.9603290443333352
0.9605146357333352
0.9608850152000018
0.9609980764333351
0.9610914334666685
0.9611703975666684
0.9613497071333351
0.9614097123333352
0.9616304069666685
0.9616771710000018
0.9617708021333352
0.9618868384333352
0.9619625288333352
0.9619915918333353
0.9620574842666686
0.9620973839666686
0.9624722100333352
0.9628370142000018
0.9631885501666685
0.9635179481666685
0.9638280301000018
0.9641140815000019
0.9643694465000019
0.9645960474666686
0.9647927382666686
0.9649656628666685
0.9651086177000019
0.9652329844666686
0.9653302070000019
0.9654075514000019
0.9654660898666686
0.9655076971666686
0.9655382276333353
0.965559253100002
0.9655705223000021
0.965576263600002
0.9656510185666687
0.9656526054333353
0.9657122756333353
0.9657125374666686
0.965760687500002
0.965760701600002
0.965800060700002
0.9658000622666687
0.9658275619333354
0.9658275619666687
0.9660424562333354
0.9663785387666687
0.9666344232333354
0.9669445786333354
0.9671447294333354
0.9672350127333355
0.9673266197333354
0.9674496885666688
0.9674958815000021
0.9676337107666687
0.967668970900002
0.967799479800002
0.9678445123333353
0.967907267100002
0.9679280285000019
0.9679791559666686
0.9680225131666687
0.9683515976333353
0.9686574489666687
0.9689189582000021
0.9693814837666688
0.9695340763333354
0.9696419260333354
0.9697064214000021
0.9698630332666688
0.9699899556000021
0.9700056725666688
0.9700879259000021
0.9701157609666688
0.9701167248666689
0.9702650066333356
0.9702651459000022
0.9703488587333355
0.9703869635666689
0.9704529929666689
0.9704529935333356
0.9705447334333356
0.9705462758333356
0.970836808966669
0.971053640766669
0.9712330237333356
0.9713572077333357
0.971426621266669
0.9714823802333357
0.9716116379000024
0.971645229666669
0.9716701280000023
0.9717392890000023
0.9718777871333356
0.9719238691000023
0.9719375485000022
0.9719991942000022
0.9720091867000022
0.9723332187666689
0.9726167792000022
0.9728556314666689
0.9730387899000023
0.973173303166669
0.9732666273333356
0.9733201371666689
0.9734336466333355
0.9734452882333355
0.9734508439666689
0.9734533593000022
0.9735877188000022
0.9735882955666688
0.9736342149000021
0.9736342876333355
0.9736766474000021
0.9736960412333355
0.9737240681666689
0.9737240684000023
0.9737430018000023
0.973763699666669
0.9738899355000024
0.9742369178000023
0.9744211931000023
0.974570790566669
0.9747952041000023
0.9748950739333356
0.974974685066669
0.9751099238000023
0.975162564666669
0.9752039849000023
0.9752815027666689
0.9753606820666689
0.975384296966669
0.9754680020000023
0.9754847981000023
0.975530627566669
0.9755531320333356
0.975588243866669
0.9755966427000023
0.9756227406000023
0.975628571266669
0.9759493411000023
0.9762538261333357
0.976540633066669
0.9768032110333357
0.9770451838333357
0.9772631905666691
0.9774530561666691
0.9776176237666692
0.9777565284000025
0.9778749550666691
0.9779705658666691
0.9780511159333357
0.9781099020000024
0.978154062266669
0.978185065766669
0.9782051817333356
0.9782187041000022
0.9782272493666689
0.9782310861000023
0.978232718966669
0.9782811698333357
0.9782815099000024
0.978319375366669
0.978319412666669
0.9783484474000024
0.9783484484333357
0.978371284466669
0.978371284566669
0.9783854154333357
0.9783854154333357
0.9786475319333356
0.9787470331000023
0.978803720466669
0.978847613666669
0.978914291366669
0.9789817297000023
0.979007884566669
0.9790460849000023
0.979087585166669
0.9793909006333357
0.9796765467333357
0.979943704466669
0.980186626766669
0.9804089422333356
0.980607818466669
0.9807796731000024
0.9809274731000024
0.9810510192333357
0.9811551244333357
0.9812384551333357
0.9813077801666691
0.9813570769333357
0.9813933220333357
0.9814180894666691
0.9814336481666691
0.9814437849333357
0.9814500016333357
0.9814526225666691
0.9814536692000024
0.9814956290666691
0.9814958266333358
0.9815282139666691
0.9815282327333358
0.9815525590333358
0.9815525594333359
0.9815714159333359
0.9815714159666692
0.9815825801000025
0.9815825801000025
0.9816468185666692
0.9817469051666693
0.9819068973000026
0.9819689190666693
0.9820164028333359
0.9821067107666692
0.9821360073666692
0.9821582740333359
0.9822067494666692
0.9822597245666692
0.9822714123000026
0.9823256138000026
0.9823334409666693
0.9823620628333359
0.9823733140000026
0.9823946478666693
0.9823980724000027
0.9824122689000027
0.9824144862000027
0.9828576558333361
0.9831340826000027
0.9833417817000026
0.983495386633336
0.9836616305666693
0.9837153097000026
0.983780604833336
0.983811807833336
0.9838362441666694
0.9838906097000027
0.9839199205333361
0.983952143633336
0.9839668235000028
0.9839985256666695
0.9840097472333361
0.9840472774666694
0.9840904058333361
0.9841081790000027
0.9841209356000027
0.984161975133336
0.9841678724666694
0.9841715217000027
0.9841928785000027
0.9842086347000027
0.9842099888000028
0.9842187729333362
0.9842226316000028
0.9844301621000028
0.9845954746666694
0.9847361141333361
0.9848161097000028
0.9848669642000027
0.9849315655000027
0.984987415333336
0.9849906201666694
0.9850191506666693
0.985019564833336
0.9850937379666693
0.985093801833336
0.9851404500000026
0.9851404545000026
0.9851867168000027
0.9851970076000027
0.9852168936666694
0.9852168936666694
0.9852420828000028
0.9852422262333361
0.9853273776666694
0.9853779675333361
0.9854353344666694
0.9854618917666694
0.9854814655666694
0.9855100924666693
0.9855342772000026
0.985557962133336
0.985568424533336
0.9855841390333361
0.9855998100666694
0.9858538847666695
0.9860879237000028
0.9863025428333361
0.9864942568000027
0.9866660245000027
0.986816668533336
0.9869438107000027
0.9870504880000027
0.9871368685000027
0.9872067584666694
0.9872611009000027
0.9873044288000028
0.9873326955333361
0.9873520728666695
0.9873642235666695
0.9873711166333362
0.9873751823666695
0.9873774539333362
0.9873782377666696
0.9873784935333362
0.9874055264666695
0.9874055620333362
0.9874254142666695
0.9874254164333361
0.9874393219666695
0.9874393220000028
0.9874496079666695
0.9874496079666695
0.9874548893666695
0.9874548893666695
0.9874656204000029
0.9875525179666695
0.9875593526000028
0.9875637438000028
0.9875843889333361
0.9876157085000028
0.9876173391666695
0.9876573197333361
0.9876582048666694
0.9876714687333361
0.9876874170666694
0.9876970178666694
0.9876972683000027
0.9877025512000027
0.987704288833336
0.9878813624000027
0.9881580984000027
0.9883635622666693
0.9885110395000026
0.9886157825666693
0.9886843947000026
0.9887730279666692
0.9888061602333359
0.9888302524000026
0.9888482323000025
0.9888615513000025
0.9888756701333359
0.9888839858666693
0.9888910513666692
0.9889011388333359
0.9889119729666692
0.9889157678666692
0.9889585701666692
0.9890036429000025
0.9890043421666692
0.9890046902000026
0.9890312479666693
0.9890486197000027
0.9890677096000027
0.9890677924000026
0.989086850433336
0.9890868893666693
0.9893113285000027
0.9895153487000027
0.9897002286333361
0.9898637696333361
0.9900080686333361
0.9901330271000028
0.9902367415000028
0.9903221799333362
0.9903897185000028
0.9904426528000028
0.9904829097666694
0.9905140117000027
0.9905330539333361
0.9905454644666695
0.9905527874333362
0.9905566537000029
0.9905587783666696
0.9905598910666696
0.9905602238666696
0.9905603179333363
0.9905802477666696
0.9905802583333363
0.990594306200003
0.990594306700003
0.9906036510666697
0.9906036510666697
0.9906103386666697
0.9906103386666697
0.9906134371333364
0.9906134371333364
0.9906366350000031
0.9906743319333364
0.9906851581000031
0.9906925694666698
0.9907105773000031
0.9907139226333365
0.9907182986666698
0.9907253890666698
0.9909360619666698
0.9911263911000032
0.9912978949666699
0.9914489384000033
0.9915811166000033
0.9916948456666699
0.9917884043666699
0.9918647185666699
0.9919242675000033
0.9919701404000033
0.9920046173333367
0.9920308172000033
0.9920463320333366
0.9920561816666699
0.9920618140333365
0.9920646796333364
0.9920661977000031
0.9920669668333365
0.9920671804000032
0.9920672364333365
0.9920842720666698
0.9920842777000032
0.9920960215666699
0.9920960217666699
0.9921036247666699
0.9921036247666699
0.9921089750000033
0.9921089750000033
0.9921113243666699
0.9921113243666699
0.99211196186667
0.9921125676333367
0.9921225066000033
0.99213843586667
0.99213857206667
0.9921527196333366
0.9921527771666699
0.99215965986667
0.99216062656667
0.9921654182333367
0.9921654281000034
0.9921676058666701
0.9921676097666701
0.9922710568000034
0.9923681457000034
0.99243219006667
0.99247472766667
0.9925270547000034
0.9925425655000033
0.99256010416667
0.9925953892000033
0.9926022914333367
0.9926068512333367
0.9926257216666701
0.9926305741666701
0.9926378064000034
0.99263969776667
0.99264722496667
0.9926512499333366
0.9926513577000033
0.9926592182333367
0.9926738312333367
0.9926738590333367
0.9926909672000034
0.9926909766333367
0.9926965106666701
0.9927031271666701
0.9927069206666701
0.9927069217666701
0.9927085383333367
0.9927089448000034
0.99285644326667
0.99298530046667
0.99314786226667
0.9931819986000033
0.99320037426667
0.9932401078000033
0.9932711630333366
0.99327152166667
0.9932862001333367
0.99330062366667
0.9933006252333367
0.9933006253000034
0.9933069159000034
0.9933118032666701
0.9933185327333368
0.9933185327333368
0.9933252670333368
0.9933252670333368
0.9933315355666701
0.9933355365333367
0.9933480679000034
0.9933505730666701
0.9933600184000034
0.9933632561000034
0.99336745016667
0.9933683799000034
0.9933702965000034
0.9933727888333368
0.9935464174000035
0.9937006583000035
0.9938374196000035
0.9939564434333368
0.9940577428666701
0.9941431360333368
0.9942113552333368
0.9942652101000035
0.9943054823000035
0.9943347896333368
0.9943560002000035
0.9943712993666701
0.9943794494666701
0.9943842150333367
0.9943866862000034
0.9943878064333367
0.9943883353333367
0.9943885773000034
0.99438863046667
0.9943886415000034
0.99439907106667
0.99439907186667
0.99440576226667
0.9944057623000033
0.9944097380000033
0.9944097380000033
0.9944123943333366
0.9944123943333366
0.9944133786333366
0.9944133786333366
0.9944284668000032
0.9944365330000032
0.9944421881666698
0.9944506031666699
0.9944562626000032
0.9944589282000031
0.9944621271333365
0.9944641170333365
0.9945118856000031
0.9945698767333365
0.9946047776333365
0.9946231495333365
0.9946368297333366
0.9946447530000032
0.9946509066666699
0.9946556647666699
0.9946593777000032
0.9946616231000033
0.9946688566000033
0.9946701884333365
0.9946744624333366
0.9946752365333366
0.9946779045666699
0.9946783456000032
0.9946794043333366
0.9946809672666699
0.9946809675333366
0.9946870458666699
0.9946870459333366
0.9946898740333365
0.9946901110000032
0.9946919512000032
0.9946919512000032
0.9946925954333365
0.9946925954333365
0.9948449459666698
0.9949789187666699
0.9950964607333366
0.9951980006333365
0.9952825730000032
0.9953527893333366
0.9954076667000032
0.9954499493000033
0.9954805962333366
0.9955019867333367
0.99551706166667
0.9955275436000033
0.9955327240666699
0.99553558376667
0.9955369688333366
0.9955375482000033
0.9955378005000033
0.99553790806667
0.9955379281000033
0.9955379316000033
0.9955453219666699
0.9955453221666699
0.9955498246333365
0.9955498246333365
0.9955523431000032
0.9955523431000032
0.9955539673000032
0.9955539673000032
0.9955545008333365
0.9955545008333365
0.9955584195000032
0.9955641102333366
0.9955683073666699
0.9955698752000033
0.9955715817000033
0.99557255486667
0.9956663229333367
0.9957298816000033
0.9957480650000033
0.9957566910000033
0.99575888896667
0.99575991696667
0.9957693346333366
0.9957694055333366
0.99576963026667
0.9957696322333367
0.99577866396667
0.99577866406667
0.9957827711000033
0.9957827711000033
0.9957875751000034
0.99578830876667
0.9957895755333367
0.9957895755333367
0.99579120336667
0.9957912038666701
0.9957912038666701
0.9957929698666701
0.9957930839333368
0.9957941926000035
0.9957941926000035
0.9957945320000035
0.9957945320000035
0.9958099374333368
0.9958261910333368
0.9958331830000035
0.9958379366666701
0.9958534975666701
0.9958598476000035
0.9958615219666701
0.9958627192000035
0.9958635839666702
0.9958724266666702
0.9958728725000036
0.9958761699000036
0.9958763938000036
0.9958781359000036
0.995878545233337
0.995879594833337
0.9958796470000036
0.9958799648000036
0.9958805733000036
0.9958819877333369
0.9958853558666703
0.9958870515666702
0.9958877027000036
0.9958884509000036
0.9958888767333369
0.9960139528666703
0.9961223720666703
0.996215934833337
0.9962958334000037
0.9963599334000037
0.9964117962000038
0.9964508780333371
0.9964798155333371
0.9964997576000038
0.9965127658000037
0.9965215638666703
0.9965273391666704
0.9965298740666704
0.996531152633337
0.996531709233337
0.996531914533337
0.9965319932000036
0.9965320232666703
0.9965320275666704
0.9965320281666704
0.996536321433337
0.996536321433337
0.9965387316000037
0.9965387316000037
0.9965399569333371
0.9965399569333371
0.9965407055000037
0.9965407055000037
0.9965409085333371
0.9965409085333371
0.996541490333337
0.996543198333337
0.9965432227333371
0.9965441064000037
0.9965444998666704
0.9966182092666703
0.9966529765000036
0.9966639237000037
0.996668622633337
0.9966856646666703
0.9966914685000037
0.9966914879000037
0.9966933048333371
0.9966971696666704
0.9967023025000038
0.9967023025000038
0.9967023025000038
0.9967036911666705
0.9967046268000038
0.9967053514000038
0.9967053514000038
0.9967060384666705
0.9967060384666705
0.9967065385333371
0.9967069184333371
0.9967073301000038
0.9967075644333371
0.996711373333337
0.996714086633337
0.9967157963333371
0.9967246251000037
0.9967274233666704
0.9967279249666704
0.9967282645333371
0.9967284965333371
0.9967330319666704
0.9967331385666705
0.9967347673000038
0.9967348149000038
0.9967355917666705
0.9967357224000039
0.9967361719333372
0.9967361806333372
0.9967362896000039
0.9967365406666706
0.9967365406666706
0.9967366286666706
0.9967366286666706
0.9967992563000039
0.9968370379000039
0.9968447137666705
0.9968477898666706
0.9968483360666706
0.9968518312333372
0.9968518391000039
0.9968518399666705
0.9968518400333372
0.9968550532000038
0.9968550532000038
0.9968563680333371
0.9968563680333371
0.996857854133337
0.9968580111666704
0.9968583417000038
0.9968583417000038
0.9968584202000037
0.996858420233337
0.996858482133337
0.9968585332000037
0.9969546161666704
0.997036295933337
0.9971050373000037
0.9971627065666703
0.9972063032333369
0.9972401822000035
0.9972643581333369
0.997281245333337
0.9972920651333369
0.9972984607000036
0.9973025503000036
0.9973050255000036
0.9973059426333368
0.9973063499333368
0.9973065025000034
0.9973065496333368
0.9973065647000035
0.9973065696666701
0.9973065701333368
0.9973065702000035
0.9973085523000035
0.9973085523000035
0.9973095426333368
0.9973095426333368
0.9973099821666701
0.9973099821666701
0.9973102315666701
0.9973102315666701
0.9973102829333368
0.9973102829333368
0.9973102829333368
0.9973132448000035
0.9973187820000035
0.9973188307333368
0.9973207337666702
0.9973211144666702
0.9973211203000035
0.9973226410666702
0.997322643033337
0.9973229805000037
0.997323019433337
0.9973233883000037
0.9973233885000037
0.9973235313666704
0.9973235314000037
0.9973894682000037
0.9974229375000038
0.9974429772000037
0.9974508814666704
0.997455063533337
0.9974580441000037
0.9974599318000037
0.9974613516000037
0.9974634748000037
0.9974642805333371
0.9974651774000038
0.9974652535000038
0.9974654627333371
0.9974654949000038
0.9974655485666705
0.9974655664333372
0.9975497562000039
0.9976205679666705
0.9976793124000038
0.9977280911000038
0.9977637507000038
0.9977908431666704
0.9978096169333371
0.9978223307000038
0.9978301694666705
0.9978345659000039
0.9978372986666705
0.9978388839666705
0.9978394212000039
0.9978396444000039
0.9978397217000039
0.9978397435000039
0.9978397498333372
0.9978397517333373
0.997839751900004
0.997839751900004
0.9978410714666707
0.9978410714666707
0.997841691600004
0.997841691600004
0.9978419478333374
0.9978419478333374
0.9978420878333374
0.9978420878333374
0.9978421127333373
0.9978421127333373
0.9978421777333374
0.9978443354666707
0.9978443498666707
0.997844357300004
0.9978446823666707
0.9978446836333373
0.9978452809666707
0.9978452813666707
0.997845600200004
0.9978456271333374
0.9978457480333374
0.9978457480666707
0.9978457689333373
0.9978457689333373
0.9979245639666706
0.9979904639000039
0.998044714100004
0.9980895134333373
0.9981216909000039
0.9981458501666706
0.9981623399333373
0.9981733310333373
0.9981799757333373
0.998183603100004
0.9981858260666706
0.9981870879666707
0.9981874964666707
0.9981876605000041
0.9981877150666707
0.9981877297333374
0.9981877337666707
0.9981877349333373
0.9981877350333374
0.9981877350666707
0.9981888063666707
0.9981888063666707
0.998189294300004
0.998189294300004
0.9981894886666707
0.9981894886666707
0.9981895928333373
0.9981895928333373
0.9981896100333373
0.9981896100333373
0.9982050515000039
0.9982150686666706
0.998219893700004
0.9982229594000039
0.9982244225333373
0.9982249277000039
0.9982252794000039
0.998225944000004
0.9982270818666706
0.9982271956666706
0.998227247300004
0.9982274513666707
0.9982275241666707
0.9982276288333374
0.9982276385666707
0.9982276591666708
0.9982276645000041
0.9982293141333375
0.9982298326000042
0.9982301132000042
0.9982304801333376
0.9982305220333376
0.9982306007000042
0.9982306007000042
0.9982306147333376
0.9982306147333376
0.9982508855000043
0.9982644037666709
0.9982731981333376
0.9982783576333376
0.9982810597666709
0.998292674866671
0.9982935651666709
0.9982938338666709
0.9982976955000042
0.9982977275666709
0.9982977356000042
0.9982986507333376
0.9982986513000043
0.9982986513333376
0.9982988349666709
0.9982996138000043
0.9982996138000043
0.9982999749000043
0.9982999749000043
0.9983001022333376
0.9983001042333377
0.9983001705666711
0.9983001705666711
0.9983001803666711
0.9983001803666711
0.9983691663333378
0.9984261664333378
0.9984723238333378
0.9985099950666712
0.9985360706333378
0.9985551711333378
0.9985678091333378
0.9985759636333378
0.9985806995000045
0.9985831451000045
0.9985846018333377
0.9985853930333377
0.9985856262000044
0.9985857135333377
0.9985857403000044
0.9985857468333377
0.998585748466671
0.9985857489000044
0.9985857489333377
0.9985857489333377
0.9985864481000044
0.9985864481000044
0.998586746766671
0.998586746766671
0.9985868571333377
0.9985868571333377
0.9985869140333378
0.9985869140333378
0.9985869220666711
0.9985869220666711
0.9985871462000044
0.9985876551333378
0.9985878925000045
0.9985879352000044
0.9985883222333378
0.9985883399666712
0.9985883484000045
0.9985884173666713
0.9985884201333379
0.9985884284666713
0.9985884300666713
0.9986529574666713
0.9987059278666712
0.9987484478333379
0.9987829351666713
0.9988063510333379
0.9988232848666713
0.998834312333338
0.9988413107000046
0.9988452927666712
0.9988472912666713
0.9988484648333379
0.9988490880333379
0.9988492630666713
0.9988493263666713
0.9988493449666713
0.9988493493000047
0.998849350333338
0.9988493506000047
0.998849350633338
0.998849350633338
0.9988499127000047
0.9988499127000047
0.998850145033338
0.998850145033338
0.998850227633338
0.998850227633338
0.998850269433338
0.998850269433338
0.9988502748666713
0.9988502748666713
0.998887444233338
0.9988972577000046
0.9989025047666713
0.9989055282666713
0.998907680733338
0.998908470433338
0.9989090053000046
0.998909213633338
0.9989093163000046
0.9989093876666713
0.9989094005000045
0.9989094362666712
0.9989094362666712
0.9989094409666711
0.9989094409666711
0.9989094411333378
0.9989094412000045
0.9989094412333378
0.9989100137666711
0.9989100137666711
0.9989101938666711
0.9989101938666711
0.9989102555000045
0.9989102594666711
0.9989102900333378
0.9989102900333378
0.9989102937000044
0.9989102937000044
0.9989138872000044
0.9989153180000044
0.9989161043333378
0.9989164518333378
0.9989165332666711
0.9989165891000044
0.9989166108000044
0.9989166234333378
0.998916628166671
0.9989166311000044
0.998916632166671
0.9989166327666711
0.9989166331000044
0.9989166333000045
0.9989730375333378
0.9990186984666711
0.9990546768000045
0.9990834790333378
0.9991022669666711
0.9991154987000045
0.9991238396000045
0.9991289571000045
0.9991317500666712
0.9991330721000046
0.9991338266333379
0.999134209333338
0.9991343067333379
0.9991343395000046
0.9991343483333379
0.9991343501666713
0.9991343505666713
0.9991343506666713
0.9991343506666713
0.9991343506666713
0.9991343506666713
0.9991343506666713
0.9991343506666713
0.9991343506666713
0.9991343506666713
0.9991343506666713
0.9991343506666713
0.9991343506666713
0.9991343506666713
0.9991343506666713
0.9991343506666713
0.9991344077666713
0.9991344077666713
0.9991344131000046
0.9991344131000046
0.9991344260666712
0.9991344285666712
0.9991344285666712
0.9991344285666712
0.9991344286000046
0.9991344286000046
0.9991607018333379
0.999188641433338
0.9991953715666713
0.9991988480333379
0.9992006005000046
0.9992018902666713
0.9992023574000046
0.999202589633338
0.9992027018666713
0.9992027546000046
0.9992027593333379
0.9992027593333379
0.9992027593333379
0.9992027593666712
0.9992027593666712
0.9992037211666712
0.9992043824000045
0.9992046960333378
0.9992047979666712
0.9992062244000045
0.9992062456666712
0.9992062582000045
0.9992063076666712
0.9992063123666712
0.9992063147666712
0.9992063425000045
0.9992063432666711
0.9992063437000045
0.9992063441666712
0.9992063443000045
0.9992063443666712
0.9992063444000046
0.9992063445000046
0.9992063692666713
0.9992063692666713
0.9992063836666712
0.9992063836666712
0.9992063869000046
0.9992063881000046
0.9992063892333379
0.9992063892333379
0.9992063898666713
0.9992063898666713
0.9992160032666714
0.9992218149333381
0.9992252294000047
0.9992269958333381
0.9992277708666714
0.999232695033338
0.999232899133338
0.9992329449000047
0.999234262133338
0.9992342655333379
0.9992342661666713
0.9992344868666714
0.9992344869000047
0.9992344869000047
0.9992345179333381
0.9992345179333381
0.9992345179333381
0.999234520433338
0.999234520433338
0.999234520433338
0.999234520533338
0.999234520533338
0.999234520533338
0.999234520533338
0.999234520533338
0.9992562995666714
0.9992679399000047
0.9992686348000047
0.9992688143000047
0.9992702989000047
0.9992703017000047
0.9992703017000047
0.9992703018666714
0.9992704938666714
0.9992704999666714
0.9992704999666714
0.9992704999666714
0.999270500633338
0.999270500633338
0.999270500633338
0.999270500633338
0.9992705007000047
0.9992705007000047
0.999270520533338
0.9992705281666713
0.9992705306666713
0.9992705306666713
0.9992705306666713
0.9992705307000046
0.999295963633338
0.9993157543666713
0.999323644233338
0.9993371718666713
0.9993377292666713
0.999337867833338
0.999337876133338
0.9993385725000047
0.999338572833338
0.999338572833338
0.9993387303333381
0.9993387304666714
0.9993387304666714
0.9993387304666714
0.9993387304666714
0.9993387304666714
0.9993387304666714
0.9993387304666714
0.9993387304666714
0.9993387304666714
0.9993387304666714
0.9993461102666714
0.9993504209666714
0.999352865233338
0.9993540754666713
0.9993545741000046
0.9993582330333379
0.9993583546333379
0.9993583791666713
0.999359282533338
0.9993592840666713
0.999359284333338
0.9993594179333379
0.9993594179333379
0.9993594179333379
0.9993594345000046
0.9993594345000046
0.9993594345000046
0.999359435633338
0.999359435633338
0.999359435633338
0.9993594357000046
0.9993594357000046
0.9993594357000046
0.9993594357000046
0.9993594357000046
0.9993594357000046
0.9993594357000046
0.9993594357000046
0.9993594357000046
0.999359436033338
0.999359436033338
0.999359436033338
0.999359436033338
0.999359436033338
0.9993595294000046
0.9993596018000046
0.999359620733338
0.9993602614000046
0.9993602645000046
0.9993602661666713
0.9993602791333379
0.9993602796666713
0.999360279933338
0.9993602868666713
0.999360286933338
0.9993602869666713
0.999360287033338
0.999360287033338
0.999360287033338
0.999360287033338
0.999360287033338
0.9993663083000047
0.9993739827666714
0.9993757277000048
0.9993768493333381
0.9993775536666715
0.9993778244666714
0.9993779970000047
0.999378106433338
0.9993781494000047
0.9993781759000047
0.9993781920666713
0.999378201833338
0.9993782076666714
0.9993782112666714
0.9993782133000046
0.9993782145000046
0.9993782145000046
0.9993782145000046
0.9993782145000046
0.999378214533338
0.999378214533338
0.999378214533338
0.9993782147000047
0.999378214933338
0.9993782149666713
0.9993782149666713
0.9993782149666713
0.9993782149666713
0.9994129242000047
0.9994394213666714
0.9994587921666714
0.9994735257000048
0.9994817606333382
0.9994870054666715
0.9994899373333381
0.9994915259666715
0.9994922696333381
0.9994925521333381
0.9994926981000047
0.9994927605666714
0.9994927716000047
0.9994927744333381
0.9994927750000048
0.9994927750666714
0.9994927750666714
0.9994927750666714
0.9994927750666714
0.9994927750666714
0.9994927750666714
0.9994927750666714
0.9994927750666714
0.9994927750666714
0.9994927750666714
0.9994927750666714
0.9994927750666714
0.9994927750666714
0.9994927750666714
0.9994927750666714
0.9994927844000048
0.9994927873000048
0.9994927876000048
0.9994927877333382
0.9994927877666715
0.9994927877666715
0.9994927877666715
0.9994927877666715
0.9994927877666715
0.9994927877666715
0.9994927877666715
0.9994927877666715
0.9994927877666715
0.9994927877666715
0.9994927878666715
0.9994927878666715
0.9994927878666715
0.9994927878666715
0.9994927878666715
0.9995015701333382
0.9995024265666715
0.9995027350333382
0.9995032746000049
0.9995033698666715
0.9995033832666715
0.9995033910666715
0.9995033960666715
0.9995034029000048
0.9995034043333382
0.9995034054666715
0.9995034059000049
0.9995034061333382
0.9995034061333382
0.9995034061333382
0.9995034061333382
0.9995034061333382
0.9995034061333382
0.9995334518666715
0.9995559483666715
0.9995720060666715
0.9995840285333382
0.9995904339333381
0.9995943904000048
0.9995965239666714
0.9995976379000048
0.9995981359666715
0.9995983128666714
0.9995984017000048
0.9995984378333381
0.9995984435333382
0.9995984449000048
0.9995984451333382
0.9995984451666715
0.9995984452000048
0.9995984452000048
0.9995984452000048
0.9995984452000048
0.9995984452000048
0.9995984452000048
0.9995984452000048
0.9995984452000048
0.9995984452000048
0.9995984452000048
0.9995984452000048
0.9995984452000048
0.9995984452000048
0.9995984452000048
0.9995984452333382
0.9995984452333382
0.9995984452333382
0.9995984452333382
0.9995984452333382
0.9996092838000048
0.9996136992333381
0.9996138386000047
0.9996138659666715
0.9996142735000048
0.9996142735000048
0.9996142735000048
0.9996142735000048
0.9996142739333381
0.9996142739333381
0.9996142739333381
0.9996142739666715
0.9996142739666715
0.9996142739666715
0.9996142739666715
0.9996142739666715
0.9996142739666715
0.9996174603666714
0.9996191322666714
0.9996199808333381
0.9996203471666715
0.9996204707666715
0.9996219209333381
0.9996219447000048
0.999621948133338
0.9996222232666714
0.9996222233666714
0.9996222233666714
0.9996222506666714
0.9996222506666714
0.9996222506666714
0.9996222529666714
0.9996222529666714
0.9996222529666714
0.9996222530666714
0.9996222530666714
0.9996222530666714
0.9996222530666714
0.9996222530666714
0.9996222530666714
0.9996222530666714
0.9996222530666714
0.9996222530666714
0.9996222530666714
0.9996222530666714
0.9996222530666714
0.9996222530666714
0.9996222531666714
0.9996222531666714
0.9996222531666714
0.9996222588666714
0.9996222588666714
0.9996222588666714
0.9996222588666714
0.9996222588666714
0.9996222588666714
0.9996222588666714
0.9996222588666714
0.9996222588666714
0.9996222588666714
0.9996463220666715
0.9996637892333381
0.9996757968666714
0.9996845710000047
0.9996889089000047
0.9996914642333381
0.9996927682666714
0.9996934114333381
0.9996936794000048
0.9996937651666714
0.9996938064666714
0.9996938220000047
0.999693824033338
0.9996938244666713
0.999693824533338
0.999693824533338
0.999693824533338
0.999693824533338
0.999693824533338
0.999693824533338
0.999693824533338
0.999693824533338
0.999693824533338
0.999693824533338
0.999693824533338
0.999693824533338
0.999693824533338
0.999693824533338
0.999693824533338
0.999693824533338
0.999693824533338
0.999693824533338
0.999693824533338
0.999693824533338
0.9997161356666713
0.9997321569666713
0.999743028733338
0.9997509075000046
0.999754703933338
0.999756904433338
0.9997580065666714
0.9997585397666714
0.9997587567000047
0.9997588237000047
0.9997588555000047
0.9997588671666713
0.999758868633338
0.999758868933338
0.9997588689666713
0.9997588690000047
0.9997588690000047
0.9997588690000047
0.9997588690000047
0.9997588690000047
0.9997588690000047
0.9997588690000047
0.9997588690000047
0.9997588690000047
0.9997588690000047
0.9997588690000047
0.9997588690000047
0.9997588690000047
0.9997588690000047
0.9997588690000047
0.9997588698666713
0.9997588699666713
0.9997588700000046
0.999758870033338
0.999758870033338
0.999758870033338
0.999758870033338
0.999758870033338
0.999758870033338
0.999758870033338
0.999758870033338
0.999758870033338
0.999758870033338
0.999760622333338
0.9997614754333379
0.9997618762333379
0.9997620334666713
0.9997620794666713
0.9997628388333379
0.9997628463333379
0.9997628472000045
0.9997629659000046
0.9997629659000046
0.9997629659000046
0.9997629747666712
0.9997629747666712
0.9997629747666712
0.9997629753333379
0.9997629753333379
0.9997629753333379
0.9997629753666712
0.9997629753666712
0.9997629753666712
0.9997629753666712
0.9997629753666712
0.9997629753666712
0.9997629753666712
0.9997629753666712
0.9997693032666712
0.9997709259333379
0.9997738202000046
0.9997738607000046
0.9997738671666713
0.9997739443333379
0.9997739443333379
0.9997739443333379
0.9997739452333378
0.9997739452333378
0.9997739452333378
0.9997739452333378
0.9997739452333378
0.9997739452333378
0.9997739452333378
0.9997739452333378
0.9997739452333378
0.9997739452333378
0.9997739452333378
0.9997739452333378
0.9997739452333378
0.9997739766000046
0.9997741270000046
0.9997741402333379
0.9997741424000045
0.9997741434333378
0.9997741510666711
0.9997741511666711
0.9997741512333378
0.9997741512333378
0.9997741512333378
0.9997741512333378
0.9997741512333378
0.9997741512333378
0.9997741512333378
0.9997741512333378
0.9997741512333378
0.9997741512333378
0.9997741512333378
0.9997741512333378
0.9997754362000044
0.9997760382333377
0.9997763101000043
0.9997764116333376
0.9997764392000043
0.9997769836333376
0.9997769877666709
0.9997769881666709
0.999777065066671
0.999777065066671
0.999777065066671
0.9997770700333376
0.9997770700333376
0.9997770700333376
0.9997770703000043
0.9997770703000043
0.9997770703000043
0.9997770703333376
0.9997770703333376
0.9997770703333376
0.9997770703333376
0.9997770703333376
0.9997770703333376
0.9997770703333376
0.9997770703333376
0.9997770703333376
0.9997770703333376
0.9997770703333376
0.9997770705000043
0.9997770705000043
0.9997770705000043
0.9997770705000043
0.9997770705000043
0.9997770705000043
0.9997770705000043
0.9997770705000043
0.9997770705000043
0.9997770705000043
0.9997770705000043
0.999792167066671
0.9998024058000042
0.999808898066671
0.999813408566671
0.9998153092000044
0.9998163226000044
0.999816783766671
0.9998169858333377
0.9998170585000044
0.999817077166671
0.9998170854333377
0.999817088066671
0.9998170883000044
0.9998170883333377
0.9998170883333377
0.9998170883333377
0.9998170883333377
0.9998170883333377
0.9998170883333377
0.9998170883333377
0.9998170883333377
0.9998170883333377
0.9998170883333377
0.9998170883333377
0.9998170883333377
0.9998170883333377
0.9998170883333377
0.9998170883333377
0.9998170883333377
0.9998170883333377
0.9998171331666711
0.9998171400666711
0.9998171410666711
0.9998171410666711
0.9998171410666711
0.9998171410666711
0.9998171410666711
0.9998171410666711
0.9998171410666711
0.9998171410666711
0.9998171410666711
0.9998171410666711
0.9998310668666711
0.9998403990000044
0.9998462334333378
0.9998502521666711
0.9998518989666711
0.9998527620333378
0.9998531471000045
0.9998533124666712
0.9998533704666712
0.9998533848000045
0.9998533910666711
0.9998533930000045
0.9998533931666712
0.9998533932000045
0.9998533932000045
0.9998533932000045
0.9998533932000045
0.9998533932000045
0.9998533932000045
0.9998533932000045
0.9998533932000045
0.9998533932000045
0.9998533932000045
0.9998533932000045
0.9998533932000045
0.9998533932000045
0.9998533932000045
0.9998533932000045
0.9998533932000045
0.9998533932000045
0.9998533932000045
0.9998533932000045
0.9998533932000045
0.9998533932000045
0.9998533932000045
0.9998533932000045
0.9998533932000045
0.9998533932000045
0.9998533932000045
0.9998533932000045
0.9998533932000045
0.9998569692666712
0.9998571042666712
0.9998571152333379
0.9998571166333379
0.9998571198333379
0.9998571198333379
0.999857120233338
0.999857120233338
0.999857120233338
0.9998571203000046
0.9998571203000046
0.9998571203000046
0.9998571203000046
0.9998571203000046
0.9998571203000046
0.9998571203000046
0.9998571203000046
0.9998571203000046
0.9998571203000046
0.9998573690666713
0.9998574591666713
0.9998574591666713
0.9998574591666713
0.9998574591666713
0.9998574591666713
0.9998574591666713
0.9998574591666713
0.9998574591666713
0.9998574591666713
0.9998574591666713
0.9998574602000047
0.999857460433338
0.9998574605000047
0.9998574621666714
0.9998574621666714
0.9998574621666714
0.9998574621666714
0.9998574621666714
0.9998574621666714
0.9998574621666714
0.9998574621666714
0.9998574621666714
0.9998574621666714
0.9998574621666714
0.9998574621666714
0.9998574621666714
0.9998574621666714
0.9998574621666714
0.9998574621666714
0.9998574621666714
0.9998574621666714
0.9998574621666714
0.9998574621666714
0.9998574621666714
0.9998574621666714
0.9998574621666714
0.9998683350000047
0.9998753566666714
0.9998795601666713
0.999882381033338
0.9998834417000046
0.999883969033338
0.9998841906666713
0.999884280133338
0.9998843091666713
0.9998843155333379
0.9998843182000046
0.9998843189333378
0.9998843190000045
0.9998843190000045
0.9998843190000045
0.9998843190000045
0.9998843190000045
0.9998843190000045
0.9998843190000045
0.9998843190000045
0.9998843190000045
0.9998843190000045
0.9998843190000045
0.9998843190000045
0.9998843190000045
0.9998843190000045
0.9998843190000045
0.9998843190000045
0.9998843190000045
0.9998843190000045
0.9998848040333379
0.9998850058000046
0.9998850864000046
0.999885112233338
0.9998851178000047
0.9998851201000046
0.9998851207666712
0.9998851208000046
0.9998851208000046
0.9998851208000046
0.9998851208000046
0.9998851208000046
0.9998851208000046
0.9998851208000046
0.9998851208000046
0.9998851208000046
0.9998851208000046
0.9998851208000046
0.9998851208000046
0.9998851208000046
0.9998851208000046
0.9998851208000046
0.9998851208000046
0.9998851208000046
0.9998851208000046
0.9998914938333379
0.9998939945000045
0.9998944404000045
0.9998945129666712
0.9998945178000045
0.9998945183333379
0.9998945183333379
0.9998945183333379
0.9998945183333379
0.9998945184666712
0.9998945184666712
0.9998945184666712
0.9998945184666712
0.9998945184666712
0.9998945184666712
0.9998945184666712
0.9998945184666712
0.9998945184666712
0.9998945184666712
0.9998945184666712
0.9998945184666712
0.9998945184666712
0.9998945184666712
0.9998945184666712
0.9998945184666712
0.9998945184666712
0.9998945184666712
0.9998945184666712
0.9998945184666712
0.9998945184666712
0.9998945184666712
0.9998967324666712
0.9998976049000046
0.9998977386333379
0.9998977842333379
0.9998977842333379
0.9998977842333379
0.9998977842333379
0.9998977842333379
0.9998977842333379
0.9998977842333379
0.9998977842333379
0.9998977842333379
0.9998977842333379
0.9998977842333379
0.9998978371000046
0.9998978544666712
0.9998978583666712
0.9998978591666712
0.9998978592333378
0.9998978592666712
0.9998978592666712
0.9998978592666712
0.9998978592666712
0.9998978592666712
0.9998978592666712
0.9998978592666712
0.9998978592666712
0.9998978592666712
0.9998978592666712
0.9998978592666712
0.9998978592666712
0.9999062806000045
0.9999115141666712
0.9999145096666713
0.9999164674666713
0.9999171407333379
0.999917457833338
0.9999175832000047
0.9999176307000047
0.9999176449666713
0.999917647733338
0.999917648833338
0.9999176491000047
0.999917649133338
0.999917649133338
0.999917649133338
0.999917649133338
0.999917649133338
0.999917649133338
0.999917649133338
0.999917649133338
0.999917649133338
0.999917649133338
0.999917649133338
0.999917649133338
0.999917649133338
0.999917649133338
0.999917649133338
0.999917649133338
0.999917649133338
0.999917649133338
0.999917649133338
0.999917649133338
0.999917649133338
0.999917649133338
0.999917649133338
0.999917649133338
0.999917649133338
0.999917649133338
0.999917649133338
0.9999176491666714
0.9999176491666714
0.9999176491666714
0.9999176491666714
0.9999176491666714
0.9999176491666714
0.9999176491666714
0.9999176491666714
0.9999176491666714
0.9999176491666714
0.9999176491666714
0.9999176491666714
0.9999178936000047
0.9999179872666714
0.999918021633338
0.999918031533338
0.9999180333333381
0.999918034033338
0.9999180342000047
0.999918034233338
0.999918034233338
0.999918034233338
0.999918034233338
0.999918034233338
0.999918034233338
0.999918034233338
0.999918034233338
0.999918034233338
0.999918034233338
0.999918034233338
0.999918034233338
0.999918034233338
0.999918034233338
0.999918034233338
0.999918034233338
0.999918034233338
0.999918034233338
0.9999251050666713
0.9999293851000046
0.9999317606666713
0.9999332858666713
0.9999337791666713
0.9999340030666712
0.9999340879666713
0.9999341187666713
0.9999341275333379
0.9999341291000046
0.9999341297000046
0.9999341298666713
0.9999341298666713
0.9999341298666713
0.9999341298666713
0.9999341298666713
0.9999341298666713
0.9999341298666713
0.9999341298666713
0.9999341298666713
0.9999341298666713
0.9999341298666713
0.9999341298666713
0.9999341298666713
0.9999341298666713
0.9999341298666713
0.9999341298666713
0.9999341298666713
0.9999341298666713
0.9999341298666713
0.9999341298666713
0.9999341298666713
0.9999341298666713
0.9999341298666713
0.9999341298666713
0.9999354736000047
0.9999356612666713
0.9999357309666713
0.999935756233338
0.999935757433338
0.999935757533338
0.9999357585666713
0.9999357588000046
0.9999357588000046
0.9999357588000046
0.9999357588000046
0.9999357588000046
0.9999357588000046
0.9999357588000046
0.9999357588000046
0.9999357588000046
0.9999357588000046
0.9999357588000046
0.9999357588000046
0.9999357588000046
0.9999357588000046
0.9999357588000046
0.9999357588000046
0.9999357588000046
0.9999357588000046
0.9999357588000046
0.9999357588000046
0.9999357588000046
0.9999357588000046
0.9999357588000046
0.9999357588000046
0.9999357588000046
0.9999357588000046
0.9999357588000046
0.9999357588000046
0.9999357588000046
0.9999357588000046
0.9999369412000046
0.9999369610666713
0.9999369619333379
0.9999369620333379
0.999936962233338
0.999936962233338
0.999936962233338
0.999936962233338
0.999936962233338
0.999936962233338
0.999936962233338
0.999936962233338
0.999936962233338
0.999936962233338
0.999936962233338
0.999936962233338
0.999936962233338
0.999936962233338
0.999936962233338
0.999936962233338
0.999936962233338
0.999936962233338
0.999936962233338
0.999936962233338
0.9999423661000046
0.9999455071000046
0.999947169933338
0.999948209133338
0.9999485149000047
0.9999486460666713
0.999948692733338
0.9999487086000046
0.9999487127666713
0.999948713433338
0.9999487136666714
0.9999487137000047
0.9999487137000047
0.9999487137000047
0.9999487137000047
0.9999487137000047
0.9999487137000047
0.9999487137000047
0.9999487137000047
0.9999487137000047
0.9999487137000047
0.9999487137000047
0.9999487137000047
0.9999487137000047
0.9999487137000047
0.9999487137000047
0.9999487137000047
0.9999487137000047
0.9999487137000047
0.9999487137000047
0.9999487142666714
0.9999487144000048
0.9999487144333381
0.9999487144333381
0.9999487144333381
0.9999487144333381
0.9999487144333381
0.9999487144333381
0.9999487144333381
0.9999487144333381
0.9999487144333381
0.9999487144333381
0.9999487144333381
0.9999487144333381
0.9999487144333381
0.9999487144333381
0.9999487144333381
0.9999487144333381
0.9999487144333381
0.9999487144333381
0.9999487144333381
0.9999487144333381
0.9999487144333381
0.9999487144333381
0.9999487144333381
0.9999487144333381
0.9999487144333381
0.9999487144333381
0.9999487144333381
0.9999487144333381
0.9999487144333381
0.9999487144333381
0.9999487144333381
0.9999487144333381
0.9999512569666714
0.9999520567666714
0.9999521477666714
0.9999521578333381
0.9999521581666715
0.9999521582000048
0.9999521582000048
0.9999521582000048
0.9999521582000048
0.9999521582000048
0.9999521582000048
0.9999521582000048
0.9999521582000048
0.9999521582000048
0.9999521582000048
0.9999521582000048
0.9999521582000048
0.9999521582000048
0.9999521582000048
0.9999521582000048
0.9999521582000048
0.9999521582000048
0.9999521582000048
0.9999522412000048
0.9999522692000048
0.9999522782000048
0.9999522804000047
0.9999522807333381
0.9999522808666714
0.9999522808666714
0.9999522808666714
0.9999522808666714
0.9999522808666714
0.9999522808666714
0.9999522808666714
0.9999522808666714
0.9999522808666714
0.9999522808666714
0.9999522808666714
0.9999522808666714
0.9999522808666714
0.9999522808666714
0.9999522808666714
0.9999522808666714
0.9999522808666714
0.9999522808666714
0.9999522808666714
0.9999522808666714
0.999956378133338
0.9999586622000047
0.9999598139333381
0.9999605143666714
0.9999607012333381
0.9999607768333382
0.9999608020666715
0.9999608101000048
0.9999608120333382
0.9999608123000049
0.9999608124000049
0.9999608124333382
0.9999608124333382
0.9999608124333382
0.9999608124333382
0.9999608124333382
0.9999608124333382
0.9999608124333382
0.9999608124333382
0.9999608124333382
0.9999608124333382
0.9999608124333382
0.9999608124333382
0.9999608124333382
0.9999608124333382
0.9999608124333382
0.9999608124333382
0.9999608124333382
0.9999608124333382
0.9999608124333382
0.9999608124333382
0.9999608124333382
0.9999608124333382
0.9999608124333382
0.9999608124333382
0.9999645420333383
0.9999665918666716
0.9999676085333382
0.9999682211666715
0.9999683792666715
0.9999684420000048
0.9999684624666715
0.9999684688333381
0.9999684703333381
0.9999684705000048
0.9999684705666715
0.9999684705666715
0.9999684705666715
0.9999684705666715
0.9999684705666715
0.9999684705666715
0.9999684705666715
0.9999684705666715
0.9999684705666715
0.9999684705666715
0.9999684705666715
0.9999684705666715
0.9999684705666715
0.9999684705666715
0.9999684705666715
0.9999684705666715
0.9999684705666715
0.9999684705666715
0.9999684705666715
0.9999684705666715
0.9999684725666715
0.9999684729000049
0.9999684729333382
0.9999684729333382
0.9999684729333382
0.9999684729333382
0.9999684729333382
0.9999684729333382
0.9999684729333382
0.9999684729333382
0.9999684729333382
0.9999684729333382
0.9999684729333382
0.9999684729333382
0.9999684729333382
0.9999703107333382
0.9999708459666715
0.9999708979000048
0.9999709029333381
0.9999709031000048
0.9999709031333381
0.9999709031333381
0.9999709031333381
0.9999709031333381
0.9999709031333381
0.9999709031333381
0.9999709031333381
0.9999709031333381
0.9999709031333381
0.9999709031333381
0.9999709031333381
0.9999709031333381
0.9999709031333381
0.9999709031333381
0.9999709031333381
0.9999709031333381
0.9999709031333381
0.9999709031333381
0.9999709031333381
0.9999709031333381
0.9999709031333381
0.9999709031333381
0.9999709031333381
0.9999709031333381
0.9999709031333381
0.9999709031333381
0.9999709031333381
0.9999709031333381
0.9999709031333381
0.9999709031333381
0.9999709031333381
0.9999709031333381
0.9999709031333381
0.9999709031333381
0.9999709031333381
0.9999709031333381
0.9999709031333381
0.9999709031333381
0.9999709031333381
0.9999709031333381
0.9999709031333381
0.9999709031333381
0.9999709031333381
0.9999709031333381
0.9999709031333381
0.9999709031333381
0.9999709031333381
0.9999709031333381
0.9999709031333381
0.9999709031333381
0.9999709031333381
0.9999713102333382
0.9999713457000049
0.9999713458000049
0.9999713458000049
0.9999713458000049
0.9999713458000049
0.9999713458000049
0.9999713458000049
0.9999713458000049
0.9999713458000049
0.9999713458000049
0.9999713458000049
0.9999713458000049
0.9999713458000049
0.9999713458000049
0.9999713458000049
0.9999713458000049
0.9999713458000049
0.9999713458000049
0.9999713458000049
0.9999713458000049
0.9999713458000049
0.9999713483000049
0.9999713487666716
0.9999713488666716
0.9999713488666716
0.9999713488666716
0.9999713488666716
0.9999713488666716
0.9999713488666716
0.9999713488666716
0.9999713488666716
0.9999713488666716
0.9999713488666716
0.9999713488666716
0.9999713488666716
0.9999713488666716
0.9999713488666716
0.9999713488666716
0.9999713488666716
0.9999713488666716
0.9999713488666716
0.9999713488666716
0.9999713488666716
0.9999713488666716
0.9999713488666716
0.9999713488666716
0.9999713488666716
0.9999736496333382
0.9999748253333383
0.9999753609666716
0.9999756691666716
0.9999757361333382
0.9999757601333382
0.9999757671666716
0.9999757691333383
0.9999757695333383
0.9999757695666717
0.999975769600005
0.999975769600005
0.999975769600005
0.999975769600005
0.999975769600005
0.999975769600005
0.999975769600005
0.999975769600005
0.999975769600005
0.999975769600005
0.999975769600005
0.999975769600005
0.999975769600005
0.999975769600005
0.999975769600005
0.999975769600005
0.999975769600005
0.999975769600005
0.999975769600005
0.999975769600005
0.999975769600005
0.999975769600005
0.9999778531333383
0.9999789020333383
0.9999793716333383
0.999979639300005
0.9999796954333383
0.9999797151333383
0.9999797207666716
0.999979722300005
0.999979722600005
0.9999797226333383
0.9999797226333383
0.9999797226333383
0.9999797226333383
0.9999797226333383
0.9999797226333383
0.9999797226333383
0.9999797226333383
0.9999797226333383
0.9999797226333383
0.9999797226333383
0.9999797226333383
0.9999797226333383
0.9999797226333383
0.9999797226333383
0.9999797226333383
0.9999797226333383
0.9999797226333383
0.9999797226333383
0.9999797226333383
0.9999797226333383
0.999979740500005
0.9999797455333383
0.9999797468666717
0.9999797471333384
0.9999797471666717
0.999979747200005
0.999979747200005
0.999979747200005
0.999979747200005
0.999979747200005
0.999979747200005
0.999979747200005
0.999979747200005
0.999979747200005
0.999979747200005
0.999979747200005
0.999979747200005
0.999979747200005
0.999979747200005
0.999979747200005
0.999979747200005
0.999979747200005
0.999979747200005
0.999979747200005
0.999979747200005
0.999979747200005
0.999979747200005
0.999979747200005
0.999979747200005
0.999979747200005
0.999979747200005
0.999979747200005
0.999979747200005
0.999979747200005
0.999979747200005
0.9999814515000051
0.9999822839333384
0.9999826437000051
0.9999828449666718
0.9999828842333385
0.9999828974666718
0.9999829010666718
0.9999829020000051
0.9999829021666717
0.9999829021666717
0.9999829021666717
0.9999829021666717
0.9999829021666717
0.9999829021666717
0.9999829021666717
0.9999829021666717
0.9999829021666717
0.9999829021666717
0.9999829021666717
0.9999829021666717
0.9999829021666717
0.9999829021666717
0.9999829021666717
0.9999829021666717
0.9999829021666717
0.9999829021666717
0.9999829021666717
0.9999829021666717
0.9999829021666717
0.9999829021666717
0.9999829021666717
0.9999829021666717
0.9999829021666717
0.9999829021666717
0.9999829021666717
0.9999829021666717
0.9999829021666717
0.9999829021666717
0.9999829021666717
0.9999829021666717
0.9999829021666717
0.9999844416333384
0.9999851821000051
0.9999854964333384
0.9999856706333384
0.9999857034000051
0.9999857142333385
0.9999857171000052
0.9999857178333384
0.9999857179666718
0.9999857179666718
0.9999857179666718
0.9999857179666718
0.9999857179666718
0.9999857179666718
0.9999857179666718
0.9999857179666718
0.9999857179666718
0.9999857179666718
0.9999857179666718
0.9999857179666718
0.9999857179666718
0.9999857179666718
0.9999857179666718
0.9999857179666718
0.9999857179666718
0.9999857179666718
0.9999857179666718
0.9999857179666718
0.9999857179666718
0.9999857179666718
0.9999857179666718
0.9999857179666718
0.9999857179666718
0.9999857179666718
0.9999857179666718
0.9999857179666718
0.9999857179666718
0.9999857179666718
0.9999857179666718
0.9999863760666718
0.9999865267000052
0.9999865355333385
0.9999865361000052
0.9999865361333385
0.9999865361333385
0.9999865361333385
0.9999865361333385
0.9999865361333385
0.9999865361333385
0.9999865361333385
0.9999865361333385
0.9999865361333385
0.9999865361333385
0.9999865361333385
0.9999865361333385
0.9999865361333385
0.9999865361333385
0.9999865361333385
0.9999865361333385
0.9999865361333385
0.9999865361333385
0.9999865361333385
0.9999865441000052
0.9999865461666718
0.9999865466666719
0.9999865467666719
0.9999865467666719
0.9999865467666719
0.9999865467666719
0.9999865467666719
0.9999865467666719
0.9999865467666719
0.9999865467666719
0.9999865467666719
0.9999865467666719
0.9999865467666719
0.9999865467666719
0.9999865467666719
0.9999865467666719
0.9999865467666719
0.9999865467666719
0.9999865467666719
0.9999865467666719
0.9999865467666719
0.9999865467666719
0.9999865467666719
0.9999865467666719
0.9999865467666719
0.9999865467666719
0.9999865467666719
0.9999865467666719
0.9999865467666719
0.9999865467666719
0.9999865467666719
0.9999865467666719
0.9999865467666719
0.9999865467666719
0.9999865467666719
0.9999865467666719
0.9999865467666719
0.9999865467666719
0.9999865467666719
0.9999865467666719
0.9999865467666719
0.9999865467666719
0.9999865467666719
0.9999865467666719
0.9999865467666719
0.9999865467666719
0.9999865467666719
0.9999865467666719
0.9999865467666719
0.9999865467666719
0.9999865467666719
0.9999865467666719
0.9999865467666719
0.9999865467666719
0.9999865467666719
0.9999865467666719
0.9999865467666719
0.9999865467666719
0.9999865467666719
0.9999865467666719
0.9999865467666719
0.9999865467666719
0.9999865520333385
0.9999865533333385
0.9999865536333385
0.9999865537000052
0.9999865537000052
0.9999865537000052
0.9999865537000052
0.9999865537000052
0.9999865537000052
0.9999865537000052
0.9999865537000052
0.9999865537000052
0.9999865537000052
0.9999865537000052
0.9999865537000052
0.9999865537000052
0.9999865537000052
0.9999865537000052
0.9999865537000052
0.9999865537000052
0.9999865537000052
0.9999865537000052
0.9999865537000052
0.9999865537000052
0.9999865537000052
0.9999866504000052
0.9999866506666719
0.9999866507000053
0.9999866507000053
0.9999866507000053
0.9999866507000053
0.9999866507000053
0.9999866507000053
0.9999866507000053
0.9999866507000053
0.9999866507000053
0.9999866507000053
0.9999866507000053
0.9999866507000053
0.9999866507000053
0.9999866507000053
0.9999866507000053
0.9999866507000053
0.9999866507000053
0.9999866507000053
0.9999866507000053
0.9999866507000053
0.9999866507000053
0.9999866507000053
0.9999866507000053
0.9999866507000053
0.9999866507000053
0.9999866507000053
0.9999867339333386
0.9999867378000052
0.9999867378000052
0.9999867378000052
0.9999867378000052
0.9999867378000052
0.9999867378000052
0.9999867378000052
0.9999867378000052
0.9999867378000052
0.9999867378000052
0.9999867378000052
0.9999867378000052
0.9999867378000052
0.9999867378000052
0.9999867378000052
0.9999867378000052
0.9999867378000052
0.9999867378000052
0.9999867378000052
0.9999867378000052
0.9999867378000052
0.9999867378000052
0.9999867378000052
0.9999867378000052
0.999987559566672
0.9999879192000053
0.9999880559333386
0.9999881275000053
0.9999881382333387
0.999988141366672
0.999988142066672
0.9999881422000053
0.9999881422333387
0.9999881422333387
0.9999881422333387
0.9999881422333387
0.9999881422333387
0.9999881422333387
0.9999881422333387
0.9999881422333387
0.9999881422333387
0.9999881422333387
0.9999881422333387
0.9999881422333387
0.9999881422333387
0.9999881422333387
0.9999881422333387
0.9999881422333387
0.9999881422333387
0.9999881422333387
0.9999881422333387
0.9999881422333387
0.9999881422333387
0.9999881422333387
0.9999881450333387
0.999988145666672
0.999988145666672
0.999988145666672
0.999988145666672
0.999988145666672
0.999988145666672
0.999988145666672
0.999988145666672
0.999988145666672
0.999988145666672
0.999988145666672
0.999988145666672
0.999988145666672
0.999988145666672
0.999988145666672
0.999988145666672
0.999988145666672
0.999988145666672
0.999988145666672
0.999988145666672
0.999988463466672
0.9999885249333387
0.9999885274333387
0.999988527566672
0.999988527566672
0.999988527566672
0.999988527566672
0.999988527566672
0.999988527566672
0.999988527566672
0.999988527566672
0.999988527566672
0.999988527566672
0.999988527566672
0.999988527566672
0.999988527566672
0.999988527566672
0.999988527566672
0.999988527566672
0.999988527566672
0.999988527566672
0.999988527566672
0.999988527566672
0.9999885298333386
0.999988530366672
0.999988530466672
0.999988530466672
0.999988530466672
0.999988530466672
0.999988530466672
0.999988530466672
0.999988530466672
0.999988530466672
0.999988530466672
0.999988530466672
0.999988530466672
0.999988530466672
0.999988530466672
0.999988530466672
0.999988530466672
0.999988530466672
0.999988530466672
0.999988530466672
0.999988530466672
0.999988530466672
0.999988530466672
0.999988530466672
0.999988530466672
0.999988530466672
0.999988530466672
0.999988530466672
0.999988530466672
0.999988530466672
0.999988530466672
0.999988530466672
0.999988530466672
0.999988530466672
0.999988530466672
0.999988530466672
0.999988530466672
0.999988530466672
0.999988530466672
0.999988530466672
0.999988530466672
0.999988530466672
0.999988530466672
0.999988530466672
0.999988530466672
0.999988530466672
0.999988530466672
0.999988530466672
0.999988530466672
0.999988530466672
0.999988530466672
0.999988530466672
0.999988530466672
0.999988530466672
0.999988530466672
0.999988530466672
0.9999885319333387
0.9999885322666721
0.9999885323333387
0.9999885323333387
0.9999885323333387
0.9999885323333387
0.9999885323333387
0.9999885323333387
0.9999885323333387
0.9999885323333387
0.9999885323333387
0.9999885323333387
0.9999885323333387
0.9999885323333387
0.9999885323333387
0.9999885323333387
0.9999885323333387
0.9999885323333387
0.9999885323333387
0.9999885323333387
0.9999885323333387
0.9999885323333387
0.9999885323333387
0.9999885323333387
0.9999885323333387
0.9999887504333387
0.9999887891000053
0.9999887904000053
0.999988790466672
0.999988790466672
0.999988790466672
0.999988790466672
0.999988790466672
0.999988790466672
0.999988790466672
0.999988790466672
0.999988790466672
0.999988790466672
0.999988790466672
0.999988790466672
0.999988790466672
0.999988790466672
0.999988790466672
0.999988790466672
0.999988790466672
0.999988790466672
0.999988790466672
0.999988790466672
0.999988790466672
0.999988790466672
0.999988790466672
0.999988790466672
0.999988790466672
0.999988790466672
0.9999888235333386
0.9999888245666719
0.9999888245666719
0.9999888245666719
0.9999888245666719
0.9999888245666719
0.9999888245666719
0.9999888245666719
0.9999888245666719
0.9999888245666719
0.9999888245666719
0.9999888245666719
0.9999888245666719
0.9999888245666719
0.9999888245666719
0.9999888245666719
0.9999888245666719
0.9999888245666719
0.9999888245666719
0.9999888245666719
0.9999888245666719
0.9999888245666719
0.9999888245666719
0.9999888245666719
0.9999888245666719
0.9999888245666719
0.9999888245666719
0.9999888245666719
0.9999888245666719
0.9999888245666719
0.9999888245666719
