0.0
3.5228666666666664e-05
7.50601e-05
0.0001203091
0.00017230226666666666
0.00023883863333333332
0.0003088356333333333
0.0003926632333333333
0.0004911172
0.0006024145666666666
0.0007261555
0.0008504359666666667
0.0010189006666666666
0.0011856045666666665
0.0013573766666666665
0.0015797399666666666
0.0018409865
0.0021289518
0.0024404498666666663
0.0027895174999999998
0.0031819643
0.0037225232
0.0042347079
0.0049343554
0.005615729866666666
0.006488274866666666
0.007370666733333333
0.008522197433333333
0.0096976343
0.011145482766666668
0.012641691733333335
0.012820803066666669
0.013032564566666668
0.013278601833333336
0.01355689516666667
0.013867084466666669
0.014330914200000003
0.014745407200000003
0.015172862133333336
0.01580688966666667
0.016371030400000004
0.017022772733333337
0.01799405086666667
0.018786172833333337
0.019675812200000004
0.02099834816666667
0.022325654800000004
0.023620199333333338
0.025733397300000006
0.027413852200000005
0.029532418766666672
0.032185362200000005
0.034900935166666675
0.03769644943333334
0.041756817266666676
0.04527095710000001
0.04543056716666668
0.04563731596666668
0.045910330466666684
0.04628011683333335
0.04674624763333335
0.04736141553333335
0.04805763423333335
0.048904634500000016
0.05013235616666668
0.05167767116666668
0.05286070456666668
0.05418716806666668
0.05567807556666668
0.058683351000000016
0.06058277526666668
0.06303688290000001
0.06544450013333335
0.06938910200000001
0.07300158163333334
0.07676765923333334
0.08056720090000001
0.08655895356666668
0.0915428976
0.09212969010000001
0.09254766343333334
0.09308952310000002
0.09369335620000002
0.09448152596666669
0.09532232460000002
0.09641070343333336
0.09860181363333335
0.10010633153333336
0.10178630913333336
0.1042526812666667
0.10771210816666671
0.11006313233333337
0.1143508974666667
0.1172516610666667
0.12090346276666669
0.12732708130000003
0.1316986788666667
0.1359683444666667
0.14232842323333336
0.14814896463333335
0.1484430544666667
0.14877773903333336
0.14921444020000002
0.14972120086666668
0.15044743256666668
0.1517435779
0.15268124323333335
0.15377972506666668
0.15507109673333336
0.15709396940000003
0.15885320283333337
0.16080558490000005
0.16297312100000005
0.1664235846333334
0.1690765150333334
0.17508649430000006
0.17825976986666672
0.1826879573666667
0.18713095053333337
0.1917139974666667
0.1959987344666667
0.20537659026666671
0.21183884366666672
0.21250723136666672
0.2133416789333334
0.21440700726666673
0.21614611750000007
0.21760305276666672
0.22081003503333338
0.22275846350000006
0.2249037030333334
0.22804841346666674
0.23086122766666675
0.2372865670000001
0.24053433296666676
0.2468207686000001
0.2526152236666668
0.25709218906666675
0.2610509088000001
0.2692775943333334
0.2769324686000001
0.2773260075333334
0.2777719981000001
0.2784328093000001
0.2796086896333334
0.2805377008333334
0.2817097963666667
0.28389773423333337
0.2857847426666667
0.28737058220000006
0.2894449706000001
0.29170698660000005
0.29472290006666674
0.3007604562333334
0.30360523256666677
0.3067622155000001
0.31180503996666675
0.31768088316666676
0.3218263791666668
0.3252463316000001
0.3340542387000001
0.33728601393333346
0.33801270163333347
0.33902295953333345
0.34028167936666676
0.3416512174000001
0.34333045986666677
0.3454714337666668
0.34777992236666677
0.35195757056666677
0.35664553893333345
0.35941387410000014
0.3623539298333335
0.3675801916333335
0.37782320760000015
0.3815044358666668
0.38429239330000015
0.3893221383000001
0.3928736587666668
0.3934159298666668
0.39429653683333343
0.3953750260000001
0.3967010101333334
0.39924968646666675
0.4009885476333334
0.40399310536666677
0.4061466750000001
0.4084391550666668
0.41190482333333345
0.41451123316666677
0.4188744541000001
0.4215123013666668
0.42844307563333345
0.43203041613333343
0.4351951167666668
0.43735249473333343
0.4431173425333334
0.4454853456333334
0.4462248351000001
0.4475551584000001
0.4486892044000001
0.4512938204000001
0.45266860796666675
0.4562495238333334
0.45859554900000005
0.4613567777333334
0.46347557140000006
0.4663093465666667
0.47095083230000007
0.4748584877666667
0.47724158436666675
0.4852280936000001
0.4875168771000001
0.4932641077333334
0.4975675366333334
0.5008760467000001
0.5024672661666667
0.5100681729000001
0.5128055953333334
0.5133617115666667
0.5139855825333334
0.5147686184
0.5162696653333333
0.5174470074666666
0.5188531814333333
0.5204985348666666
0.5229765857333333
0.5248338133333332
0.5268779182999999
0.5297298685999998
0.5335113872999998
0.5356330368666665
0.5407270521999998
0.5426528403999998
0.5451959858333332
0.5483095869666665
0.5512749125333332
0.5523969550666665
0.5578002925666665
0.5584793855999999
0.5596882617333332
0.5611095923666666
0.5637115949333332
0.5656489787999999
0.5684933120666665
0.5732401418999998
0.5750830350333331
0.5811907060666665
0.5827652379999998
0.5884462807666665
0.5911215355999998
0.5918797034999999
0.5959878204333332
0.5992983540333332
0.5999892619999999
0.6008429053333333
0.6017929952
0.6039060638666667
0.6051352966
0.6065568681333333
0.6090900731
0.6117938676333333
0.6135276406333333
0.6153341720666666
0.6181430834
0.6199030775666667
0.6232460003333334
0.6248101671000001
0.6294794006000002
0.6307323205000002
0.6335267840666668
0.6357233875000002
0.6381645272000003
0.6386563269000003
0.6418896837333337
0.6421126753666669
0.6433517518666669
0.6447600633666669
0.6474255604000002
0.6502035734333336
0.651862691166667
0.6545995743000003
0.6592152282000002
0.6605140360000002
0.6614856034000003
0.664043107566667
0.6685369448333336
0.6707646242000003
0.6710713272333336
0.6754376724000003
0.6755561390000003
0.6762997178000003
0.6772026731000003
0.6784418150333336
0.6798248519333335
0.6826595376333335
0.6858523641666668
0.6873544621000002
0.6900021189333335
0.6947778276000002
0.6958339336666668
0.6965688657666668
0.7006781222333335
0.7028371001666668
0.7048785729333334
0.7050626861666668
0.7092520277333334
0.7107945059
0.7120247265333334
0.7133720005
0.7147898891000001
0.7175992165333334
0.7189408212333334
0.7214107862333333
0.7241938878999999
0.7250355119999999
0.7255782832666666
0.7276515100666666
0.7294501053
0.7295566021666666
0.7311353205666666
0.7319308437
0.7325771634333332
0.7333594293666665
0.7342915703999999
0.7353738045999999
0.7365869519999999
0.7378895104
0.7392809456999999
0.7406310414333332
0.7419357813999999
0.7444386946666666
0.7456215127333332
0.7478358546666666
0.7487852235666665
0.7512545832999998
0.7519123431666666
0.7540150999666666
0.7544067467333333
0.7561685469
0.7563435201666667
0.7578587063333334
0.757918116
0.7592384676333334
0.7592517992333334
0.7603278495666668
0.7615166353666668
0.7627670415666669
0.7658316678000002
0.7687102306666669
0.7697401387666669
0.7716473501000003
0.7741428341000003
0.7746472649666669
0.7780223086000002
0.7782985876333336
0.7811910269333336
0.7827580623000003
0.784004849866667
0.7840368373000003
0.7863441945333336
0.787025225566667
0.787702531366667
0.7885100990000004
0.7894528522666671
0.7905172032333337
0.7916752171333338
0.7928675049000005
0.7940827651000004
0.7951457496666671
0.7960317898333338
0.7967976919333338
0.7974316989333339
0.7991623470000006
0.7995421279000006
0.8009400977000005
0.8011307353333339
0.8022622376000006
0.8023284383666672
0.8032847530333339
0.8033013870666672
0.8041187618000005
0.8041212322000005
0.8057245957000005
0.8075099186333339
0.8092958104333339
0.8125881127000005
0.8139492881000006
0.8165903383666673
0.8189916749000006
0.8198314870000005
0.8239692886666672
0.8246293850666672
0.8259984400000004
0.8280758164333337
0.8292849462000004
0.8297655671333337
0.8317151125000004
0.8328926912666671
0.8344257111666671
0.8361682344333338
0.837956328866667
0.8397126137333337
0.8414116098000004
0.8426652429666671
0.8436538481333338
0.8444139716666671
0.8450205393333338
0.8471733013666671
0.8485292193000005
0.8495642444000004
0.8500185106666671
0.8515748287333338
0.8519898541666672
0.8536844660000005
0.8554611572333338
0.8571745951000005
0.8587960318000005
0.8601820445666672
0.8613293373666673
0.8634492631666673
0.864137000433334
0.8646933466000006
0.8652003553666673
0.8664228974000007
0.8673315567000006
0.8677535909666673
0.8690712357333339
0.8694523126666672
0.8702737463000005
0.8720018928666672
0.8737680651333338
0.8755235042666671
0.8771847182666671
0.8787211117333338
0.8800077300000004
0.8810507172000004
0.881852138766667
0.8824711071333337
0.8829762359333336
0.883407773566667
0.8838133384000003
0.8841951128000003
0.8849073752000003
0.8852466630000003
0.886959856466667
0.888548012266667
0.8894773106333337
0.891034472466667
0.891576759466667
0.892019921766667
0.8935843434000004
0.8939134919333337
0.894476629266667
0.8953039635000004
0.8961870130000004
0.8979516540000003
0.8996276656000003
0.9012577932000003
0.9027811776333337
0.904122553466667
0.9053196309333337
0.9063958919000004
0.9072316351333337
0.9079561545333337
0.9085823875333336
0.9095546265000003
0.9100371113333336
0.9113853381000003
0.9117789700333336
0.912851175666667
0.9131831265333337
0.9138096435000004
0.914093779066667
0.9150902936000004
0.9153947019000004
0.9162683292333337
0.917938055566667
0.9195503027000003
0.9209831653333336
0.9223224906666669
0.9234041704333336
0.9243652018000003
0.9250929684000002
0.9257176952333336
0.9262537191333335
0.9271144122000002
0.9275236697000002
0.9286242784666668
0.9289545743333335
0.9295792914333335
0.9300782210666668
0.9306102510000002
0.9308391609000002
0.9313929720666668
0.9315831255666668
0.9324158652666668
0.9339513375333334
0.9352847854
0.9363949967
0.9373607056666667
0.9381041362000001
0.9387295957333335
0.9392610952666668
0.9397136209333334
0.9400553403333335
0.9406883574333335
0.9409603182333335
0.9416787329333335
0.9418997513333335
0.9423460094333335
0.9425261597666668
0.9429174105666668
0.9432633165000002
0.9447125655666668
0.9459399574333335
0.9470541569666668
0.9479033200333336
0.9484296452000002
0.9488712834000002
0.9498469755333335
0.9501228067666668
0.9503375591333335
0.9507859201000002
0.9516579422000002
0.9520235027666669
0.9521575573333336
0.9526925758333337
0.9527973608000003
0.953474526566667
0.954726019466667
0.9558434380000004
0.9568416415666671
0.9577142501333338
0.9584509507333338
0.9590791094666671
0.9596141319000004
0.9600498949000005
0.9604105888666672
0.9607108679666672
0.9612722913666671
0.9614902398666672
0.9619470715333338
0.9621125205333338
0.9624847606000005
0.9626116561000005
0.9629081245666672
0.9630049510000005
0.9632323468666671
0.9633053696666671
0.9643054547666672
0.9653363637333339
0.9656786126333339
0.9662769250666672
0.9664332120000005
0.9665463349333339
0.9672864477000005
0.9676564236666672
0.9680600718000005
0.9681194491333338
0.9684783051666671
0.9686575383666671
0.9690911583333338
0.9698367811333338
0.9704624417333338
0.9709701903333339
0.9713867740000005
0.9717277464000005
0.9719926699333338
0.9722033513333338
0.9723724705000004
0.972764795366667
0.9728797438333338
0.9731890432000004
0.9732704718000005
0.9735133542000005
0.9735712320666672
0.9737559278666672
0.9737966394333338
0.9739311951000005
0.9739594144333338
0.9742721608666671
0.9746754126333338
0.9748664228666671
0.9750130436333339
0.9753323171000006
0.9754047154333338
0.9754527655666672
0.9756431421000005
0.9757844644666671
0.9758053161666671
0.9759055731333338
0.9759596067666672
0.9761619800000005
0.9768148204333339
0.9773673308000006
0.9774982539666672
0.9778368324333339
0.9779084367333338
0.9779507105666672
0.9783121645333338
0.9783382591333338
0.9784892821000005
0.9785779924333339
0.9787915763000006
0.9788012818333339
0.9789617015666673
0.9790433006000007
0.9791578748666674
0.9793293453666674
0.9797054609666673
0.9797916355000007
0.979852337333334
0.9800522932000006
0.980268683533334
0.9802927057666673
0.9805374738333339
0.9805515224666672
0.9806743407666673
0.9807120754333339
0.9807999940000006
0.9808046837666673
0.9808731098666673
0.9808757320666673
0.980932977333334
0.9809715468000006
0.9811748245000006
0.9815806571666673
0.9815943718666673
0.981601947833334
0.9818566172000006
0.9820129535000006
0.9820841430333339
0.9820863923000006
0.982293178233334
0.9822943611000006
0.9823313991666672
0.9825107923666673
0.9827452678333339
0.9827526279666673
0.9830779445666673
0.983081736333334
0.9832198532333339
0.9833287047666672
0.9833296802000006
0.9833935889000005
0.9834508629666672
0.9834608007666672
0.9834721032666672
0.9834786184666673
0.9836116122000006
0.9836141748000006
0.9837111002000005
0.9837122465333339
0.9837817632666672
0.9837822794666672
0.9838291575333339
0.9838293837333338
0.9838595103000005
0.9838596062000006
0.9838624641000006
0.9839483291666672
0.9840634701666672
0.9840643794000005
0.9841819944000004
0.9841823472000004
0.9842403832333337
0.9842498010000004
0.9842880244000004
0.9842880788333337
0.9843139947333337
0.9843140150333337
0.9843146235333338
0.9845739601666671
0.984574234666667
0.9846853209333337
0.984685408066667
0.9847641322333337
0.9847831091000003
0.984832821866667
0.9848328319000004
0.9848643175000004
0.9848873337333337
0.9850422531000004
0.9851180183000003
0.9851746667000003
0.9852668328333336
0.9853629789000002
0.9854237888333336
0.9854540866333336
0.9854977283333336
0.9855236986666669
0.9855237105666669
0.9855745042333336
0.9855745078666669
0.9856078719333335
0.9856078727666668
0.9856281691000002
0.9856281693000002
0.9856400231333335
0.9856400232000002
0.9856761366666669
0.9857644970000002
0.9858014145666669
0.9858436569000002
0.9858609949666669
0.9858878497333335
0.9858995619333335
0.9858995620000002
0.9859221226333336
0.9859221226666669
0.9859350901666669
0.9859350901666669
0.9859422886000002
0.9859422886000002
0.9859607062000002
0.9859971014666669
0.9860194817000002
0.9860292182000002
0.9860427851333335
0.9860501287333335
0.9860608545333336
0.9860695859000003
0.9860695859000003
0.9860846445666669
0.9860903159000002
0.9860966762000002
0.9861016391000001
0.9861088160666668
0.9861117906000001
0.9861117906000001
0.9861142710333334
0.9861142710333334
0.9861161691666667
0.9861204536666667
0.9861204536666667
0.9863435276333333
0.9869217730333333
0.9870921892
0.9873363070666666
0.9874307178
0.9875576926333334
0.9876568299666667
0.9876861966
0.9877035659333333
0.9877448219333334
0.9877645841333333
0.9877905833333334
0.9877964500333334
0.9878242328333334
0.9878275122333334
0.9878421509333334
0.9878440701000001
0.9878521082
0.9878530546000001
0.9878574940000001
0.9878579832666667
0.988237714
0.9885377865
0.9887427737
0.9888593901666667
0.9889137935
0.9889330669666666
0.988936384
0.9889378167999999
0.9889778141666666
0.9889907184666666
0.9889907578
0.9889909691666666
0.9889909701333333
0.9890152898333333
0.9890152898666666
0.9890230949666666
0.9890230949666666
0.9890270125333332
0.9890276874666666
0.9890294358999999
0.9890294358999999
0.9890302190666665
0.9890313609666666
0.9891729889999998
0.9893366858666665
0.9894575277999997
0.989519498933333
0.9895621105666663
0.9895844825666663
0.9896496950666663
0.9896589002999997
0.989665730833333
0.9896707686999996
0.9896874231333329
0.9896901050666662
0.9897030062999995
0.9897043924666662
0.9897084418666662
0.9897128298666662
0.9897146450999995
0.9897149844333328
0.9897158003333328
0.9897160189333328
0.9900966109666661
0.9904424530999995
0.9907498914999995
0.9910135532999995
0.9912279816999995
0.9914000349666662
0.9915278517333328
0.9916203327999995
0.9916823055666661
0.9917223516666661
0.9917427256666661
0.9917556987666661
0.9917609254999995
0.9917628018333329
0.9917635670999996
0.9917638709666663
0.9917639751333329
0.9917639907333329
0.9917639932333329
0.9917639934999996
0.9917746139666662
0.9917746139666662
0.9917796994333329
0.9917796994333329
0.9917820972666662
0.9917820972666662
0.9917831014666663
0.9917831014666663
0.9917835268333329
0.9917835268333329
0.9918655911999996
0.9919495061666663
0.9919891244666663
0.992043564633333
0.9920635016666663
0.992068196733333
0.992071574433333
0.9920771066999997
0.9920782799666664
0.992083685533333
0.9920842445999997
0.9920877156999997
0.992087999333333
0.9920889282999997
0.9920890436666664
0.9920894320666664
0.9920899588333331
0.9923636803999998
0.9925938372666665
0.9927371077666665
0.9929811171666665
0.9930102469333332
0.9930188545666665
0.9930198931999998
0.9930452170999998
0.9930570507999998
0.9930570567999999
0.9930657766
0.9930658159
0.9930658159
0.9930718843333333
0.9930718843333333
0.9930757290333333
0.9930761427666667
0.9930774612
0.9930774612
0.9930787825999999
0.9930787825999999
0.9931338007999999
0.9931570791666666
0.9931713255333333
0.9931775881333333
0.9931795988666666
0.9931809681
0.9931876282666666
0.9931880387666666
0.9931882144333333
0.9931894507333333
0.9931924385666666
0.9931929061
0.9931929349666666
0.9931934853
0.9931934964
0.9934757832333333
0.9936754051333333
0.9937937813
0.9938503237666666
0.9938712661
0.9938768967666667
0.9938774594666667
0.9938932735666667
0.9938932758
0.9938932760666667
0.9938932760666667
0.9939004542
0.9939004542
0.9939025233666666
0.9939025233666666
0.9939033837666666
0.9939034776666666
0.9939037902
0.9939037902
0.9939039081666666
0.993904098
0.9939217779
0.9939943655
0.994007623
0.9940151099
0.9940400357333333
0.9940429631
0.9940448713333333
0.9940524461333333
0.9940532516333334
0.9940537721666667
0.9940552753666667
0.9940595081666667
0.9940596405666666
0.9940615001333333
0.9940615505999999
0.9940622392333333
0.9940622620333333
0.9940625035333333
0.9940625100333332
0.9940625983999999
0.9940626005999998
0.9943562521666666
0.9946092951333332
0.9948225293666665
0.9949945763333331
0.9951259855666664
0.9952230446999998
0.9952890667666664
0.9953326703999997
0.9953587096999997
0.9953735925999997
0.9953797189999997
0.9953833509999996
0.9953844656999996
0.9953847640999997
0.995384866033333
0.9953848990666663
0.9953849078333329
0.9953849086333328
0.9953849086999995
0.9953849086999995
0.9953881861999995
0.9953881861999995
0.9953894747999995
0.9953894747999995
0.9953899760666661
0.9953899760666661
0.9953901452666661
0.9953901452666661
0.9953902054666661
0.9953902054666661
0.9954291756999994
0.9954359579999994
0.9954379131333327
0.9954389198999994
0.9954395401333328
0.9954401161999995
0.9954403612333328
0.9954405729333328
0.9954407626999995
0.9957076337666662
0.9959333094333328
0.9961199220999994
0.9962672834333328
0.9963774303333328
0.9964564109333328
0.9965085035999994
0.9965418258666661
0.9965609320333327
0.996571388466666
0.996575377066666
0.996577687566666
0.9965783305999993
0.9965784855666661
0.9965785353666661
0.9965785503999994
0.9965785540333327
0.9965785542999994
0.9965785543333328
0.9965785543333328
0.9965807088999994
0.9965807088999994
0.9965814988333327
0.9965814988333327
0.9965817858999994
0.9965817858999994
0.9965818756999993
0.9965818756999993
0.9965819057999994
0.9965819057999994
0.9965837391666661
0.9965853670666661
0.9965970403999994
0.9965975011666661
0.9965977664333328
0.9966007672333328
0.9966008553333328
0.9966009059666661
0.996601341866666
0.9966030959999994
0.996603104966666
0.996603761166666
0.9966037637999994
0.9966039809999994
0.996603982366666
0.9966040476999993
0.9966040478999993
0.9966040690999993
0.9966040691333327
0.9968654129333326
0.9969458030333327
0.9969861387333326
0.9970066629333326
0.997020163266666
0.9970230842333326
0.997024748566666
0.997025445866666
0.9970257689999993
0.9970261564333326
0.9970263117999992
0.9970264540666659
0.9970265166333325
0.9970265749666659
0.9970266010999993
0.9970268738999993
0.997026972166666
0.9970269841333327
0.9970269901999993
0.9970281112333327
0.997028111966666
0.9970281121333326
0.9970282325999993
0.997028266066666
0.9970282660999993
0.9970282763333326
0.9970282766333326
0.9971344231333326
0.997185567066666
0.997217212866666
0.997222202766666
0.9972231001999993
0.9972247506999993
0.9972262804999993
0.9972262805333326
0.9972265627999993
0.9972265627999993
0.9972277393999993
0.9972277393999993
0.997228064666666
0.997228064666666
0.9972283596333327
0.9972283746333327
0.9972284034333327
0.9972284034333327
0.9972284476999994
0.9972284476999994
0.9972340166333328
0.9972352917333328
0.9972359994333329
0.9972362485666662
0.9972363523999995
0.9972364542333328
0.9972364992999995
0.9972365421666661
0.9972365581999995
0.9972365728999995
0.9972365878999995
0.9974316843666662
0.9975870776333329
0.9977081055999996
0.9977973870999995
0.9978598034333329
0.9979005097333329
0.9979248794999995
0.9979389795666662
0.9979460874333329
0.9979494774666663
0.9979504894666663
0.9979510375999996
0.9979511489666663
0.9979511680999996
0.9979511731999996
0.9979511744333329
0.9979511746666663
0.9979511746999996
0.9979511746999996
0.9979511746999996
0.9979517391333329
0.9979517391333329
0.9979519048999995
0.9979519048999995
0.9979519534666662
0.9979519534666662
0.9979519654333329
0.9979519654333329
0.9979519687666663
0.9979519687666663
0.9979519721999995
0.9979551474333329
0.9979551477333329
0.9979551478666663
0.997955222033333
0.9979556685999996
0.997955668633333
0.9979558495666663
0.9979558495666663
0.9979558851666662
0.9979559382999995
0.9979559466999995
0.9979559466999995
0.9979559489666662
0.9979559489999995
0.9980306035999995
0.9981049257333329
0.9981379521666662
0.9981517844999995
0.9981577368666662
0.9981603547333329
0.9981633514333329
0.9981638401666663
0.9981640377666663
0.9981641141666663
0.998164142433333
0.998164153433333
0.9981641592999997
0.9981641626999996
0.9981641661999996
0.9981641703333329
0.9981641703999996
0.9981648272666663
0.9981651498999997
0.9981651498999997
0.9981651498999997
0.9981652157999997
0.9981652348666664
0.9981652570666664
0.9981652570666664
0.9981652683333331
0.9981652683333331
0.9983202559333331
0.9984385427666664
0.9985268329333331
0.9985888941666664
0.9986303204999998
0.9986555571666664
0.9986696706999998
0.9986772799999998
0.9986807808666665
0.9986822950333332
0.9986826736333332
0.9986828700999999
0.9986829018999999
0.9986829061999999
0.9986829071999999
0.9986829074333332
0.9986829074666665
0.9986829074666665
0.9986829074666665
0.9986829074666665
0.9986831237333332
0.9986831237333332
0.9986831779666666
0.9986831779666666
0.9986831916
0.9986831916
0.9986831944333333
0.9986831944333333
0.9986831951333333
0.9986831951333333
0.9986833878666665
0.9986834946666665
0.9986835198999998
0.9986835283999999
0.9986835470999998
0.9986835479666665
0.9986835484666665
0.9986835496999998
0.9988208348666665
0.9989233130333331
0.9989981349666665
0.9990494305333332
0.9990828722333331
0.9991025328999998
0.9991131487333331
0.9991186677333331
0.9991210894666664
0.9991220850999998
0.9991223119999998
0.9991224273333331
0.9991224438999998
0.9991224458666665
0.9991224462666666
0.9991224463666666
0.9991224463999999
0.9991224463999999
0.9991224463999999
0.9991224463999999
0.9991225776666666
0.9991225776666666
0.9991226079999999
0.9991226079999999
0.9991226150666666
0.9991226150666666
0.9991226163999999
0.9991226163999999
0.9991226166999999
0.9991226166999999
0.9991226166999999
0.9991226166999999
0.9991226283999999
0.9991227301666665
0.9991227301666665
0.9991227531333332
0.9991227531333332
0.9991227581666665
0.9991227581666665
0.9991227590999998
0.9991227590999998
0.9991227593333332
0.9991227593333332
0.9991379691333332
0.9991414406666665
0.9991426193333333
0.9991428736333332
0.9991435600666665
0.9991436080333331
0.9991436353999998
0.9991437399666665
0.9991437444333332
0.9991437456999999
0.9991437602333332
0.9991437606333332
0.9991437614333332
0.9991437615333332
0.9991437628666665
0.9991437631999999
0.9991437631999999
0.9991437693666665
0.9991438299666665
0.9991438299666665
0.9991438464999999
0.9991438464999999
0.9991438490333332
0.9991438533666666
0.9991438537999999
0.9991438537999999
0.9991438538666666
0.9991438538666666
0.9991967703
0.9992312201333333
0.9992505526333333
0.9992509695666666
0.9992510077999999
0.9992519022666665
0.9992523390999998
0.9992523390999998
0.9992523957666665
0.9992524427333331
0.9992524427333331
0.9992524427333331
0.9992524445333332
0.9992524460999999
0.9992524468999998
0.9992524468999998
0.9992524473333332
0.9992524473333332
0.9992524504999999
0.9992524513333332
0.9992524584333332
0.9992524585999999
0.9992524604999999
0.9992524606
0.9992524608
0.9992524608
0.9992524609
0.999252461
0.9993455893
0.9994104176333333
0.9994545828
0.9994825778666666
0.9994995501999999
0.9995084659666665
0.9995127809666665
0.9995147836333331
0.9995155410999998
0.9995158066666665
0.9995158517333331
0.9995158733333331
0.9995158754666664
0.9995158756333331
0.9995158756333331
0.9995158756333331
0.9995158756333331
0.9995158756333331
0.9995158756333331
0.9995158756333331
0.9995159027999998
0.9995159027999998
0.9995159076666664
0.9995159076666664
0.9995159085666664
0.9995159085666664
0.9995159086999997
0.9995159086999997
0.9995159087333331
0.9995159087333331
0.999515930933333
0.9995159427999997
0.999515946533333
0.9995159491666663
0.999515949833333
0.9995159501666664
0.9995159503333331
0.9995159504333331
0.9995173554666664
0.9995179849999998
0.9995181385333332
0.9995181789666665
0.9995181999999998
0.9995182053999998
0.9995182080666665
0.9995182093666665
0.9995182099999999
0.9995182101333332
0.9995182127333332
0.9995182127333332
0.9995182131666666
0.9995182131999999
0.9995182132666666
0.9995182132666666
0.9995182132666666
0.9995182132999999
0.9995182132999999
0.9995182151666666
0.9995182151666666
0.9995182154333333
0.9995182154333333
0.9995182154666666
0.9995182154666666
0.9995182154666666
0.9995182154666666
0.9995887085333333
0.9996354207666666
0.9996657301666666
0.9996839128333332
0.9996943994333333
0.9996994849333333
0.9997017652666667
0.999702743
0.9997030761666666
0.9997031805666666
0.9997031949333333
0.9997032015666666
0.9997032020666666
0.9997032020666666
0.9997032020666666
0.9997032020666666
0.9997032020666666
0.9997032020666666
0.9997032020666666
0.9997032020666666
0.9997032109999999
0.9997032109999999
0.9997032122999999
0.9997032122999999
0.9997032124999999
0.9997032124999999
0.9997032125333333
0.9997032125333333
0.9997032125666666
0.9997032125666666
0.9997032130666667
0.9997032134333333
0.9997032135
0.9997032135333334
0.9997032135333334
0.9997032135333334
0.9997177473333334
0.9997215495
0.9997216139666667
0.9997216176
0.9997216176
0.9997216176
0.9997216277000001
0.9997216277000001
0.9997216277000001
0.9997216277000001
0.999721633
0.999721633
0.9997216336666668
0.9997216336666668
0.9997216341333335
0.9997216341666668
0.9997216342000002
0.9997216342000002
0.9997216342000002
0.9997216342000002
0.9997216342000002
0.9997216342666668
0.9997216342666668
0.9997216342666668
0.9997216342666668
0.9997216342666668
0.9997216342666668
0.9997216736666669
0.9997216840666668
0.9997216857000002
0.9997216864333335
0.9997217218666669
0.9997217228000002
0.9997217228333335
0.9997217228333335
0.9997217228333335
0.9997217260333335
0.9997217260333335
0.9997217263666669
0.9997217263666669
0.9997217264000002
0.9997217264000002
0.9997217264333336
0.9997217264333336
0.9997217264333336
0.9997217264333336
0.9997217264666669
0.9997217265333336
0.9997217265333336
0.9997217265333336
0.9997217265333336
0.9997217265333336
0.9997668311666669
0.9997944781666669
0.9998110889000003
0.9998202253666669
0.9998251039000002
0.9998271872333335
0.9998280161333335
0.9998283301000002
0.9998284208666668
0.9998284447000001
0.9998284470333334
0.9998284480666667
0.9998284481333334
0.9998284481333334
0.9998284481333334
0.9998284481333334
0.9998284481333334
0.9998284481333334
0.9998284481333334
0.9998284481333334
0.9998284496666667
0.9998284496666667
0.9998284498333334
0.9998284498333334
0.9998284498333334
0.9998284498333334
0.9998284498333334
0.9998284498333334
0.9998284498333334
0.9998284498333334
0.9998284498333334
0.9998284498666667
0.9998284498666667
0.9998284498666667
0.9998284498666667
0.9998356359000001
0.9998362189333334
0.9998362332
0.9998362337333334
0.9998362457333334
0.9998362477666667
0.9998362477666667
0.9998362478666667
0.9998362486666666
0.9998362494999999
0.9998362494999999
0.9998362494999999
0.9998362494999999
0.9998362494999999
0.9998362494999999
0.9998362494999999
0.9998362494999999
0.9998362494999999
0.9998362494999999
0.9998362494999999
0.9998362494999999
0.9998362494999999
0.9998362497666666
0.9998362498333333
0.9998362498333333
0.9998362576
0.9998362577
0.9998362577
0.9998362577
0.9998362577
0.9998362582
0.9998362582
0.9998362582333333
0.9998362582333333
0.9998362582666667
0.9998362582666667
0.9998362582666667
0.9998362582666667
0.9998362582666667
0.9998362582666667
0.9998362582666667
0.9998362582666667
0.9998362582666667
0.9998406336
0.9998414379
0.9998414428666667
0.9998414430333333
0.9998414430333333
0.9998414435333334
0.9998414435333334
0.9998414435333334
0.9998414435333334
0.9998414437666667
0.9998414437666667
0.9998414437666667
0.9998414437666667
0.9998414438000001
0.9998414438000001
0.9998414438000001
0.9998414438000001
0.9998414438000001
0.9998414438000001
0.9998414438000001
0.9998414438000001
0.9998650420333334
0.9998779813
0.9998849484666668
0.9998883357333335
0.9998899615000001
0.9998905396000001
0.9998907339666667
0.9998907957666667
0.9998908099
0.9998908128
0.9998908129666667
0.9998908130333334
0.9998908130333334
0.9998908130333334
0.9998908130333334
0.9998908130333334
0.9998908130333334
0.9998908130333334
0.9998908130333334
0.9998908130333334
0.9998908131666667
0.9998908131666667
0.9998908132000001
0.9998908132000001
0.9998908132000001
0.9998908132000001
0.9998908132000001
0.9998908132000001
0.9998908132000001
0.9998908132000001
0.9998908132000001
0.9998908134000001
0.9998908155333334
0.9998908155333334
0.9998908156
0.9998908156
0.9998908156
0.9998908156
0.9998908156
0.9998908156
0.9998908156
0.9998908156
0.9998908156
0.9998908156
0.9998908156
0.9998927226666667
0.9998928911333334
0.9998929354333334
0.9998929379333333
0.9998929384333334
0.9998929385333334
0.9998929386000001
0.9998929386333334
0.9998929386333334
0.9998929386666667
0.9998929386666667
0.9998929386666667
0.9998929386666667
0.9998929386666667
0.9998929386666667
0.9998929386666667
0.9999096369333333
0.9999182691333334
0.9999226562333333
0.9999246549666666
0.9999255630666666
0.9999258560333333
0.9999259462333333
0.9999259724
0.9999259777
0.9999259786333333
0.9999259786666667
0.9999259787
0.9999259787
0.9999259787
0.9999259787
0.9999259787
0.9999259787
0.9999259787
0.9999259787
0.9999259787
0.9999259787333333
0.9999259787333333
0.9999259787333333
0.9999259787333333
0.9999259787333333
0.9999259787333333
0.9999259787333333
0.9999259787333333
0.9999259787333333
0.9999259787333333
0.9999259787333333
0.9999259788
0.9999259788
0.9999259788
0.9999259788
0.9999259788
0.9999259788
0.9999259788
0.9999259788
0.9999259788
0.9999259788
0.9999259788
0.9999259788
0.9999259788
0.9999399496333333
0.9999469567333333
0.9999504139666666
0.9999519374666667
0.9999526106333333
0.9999528172
0.9999528779666667
0.9999528947999999
0.999952898
0.9999528985333334
0.9999528985666667
0.9999528985666667
0.9999528985666667
0.9999528985666667
0.9999528985666667
0.9999528985666667
0.9999528985666667
0.9999528985666667
0.9999528985666667
0.9999528985666667
0.9999528985666667
0.9999528985666667
0.9999528985666667
0.9999528985666667
0.9999528985666667
0.9999528985666667
0.9999528985666667
0.9999528985666667
0.9999528985666667
0.9999528985666667
0.9999529483666667
0.9999529527000001
0.9999529533666667
0.9999529536333334
0.9999529536666667
0.9999529536666667
0.9999529536666667
0.9999529536666667
0.9999529536666667
0.9999529536666667
0.9999529536666667
0.9999529536666667
0.9999529536666667
0.9999529536666667
0.9999529536666667
0.9999529536666667
0.9999529536666667
0.9999529537333334
0.9999529537333334
0.9999529537333334
0.9999529537333334
0.9999529537333334
0.9999529537333334
0.9999529537333334
0.9999529537333334
0.9999529537333334
0.9999530746
0.9999531078
0.9999531163666667
0.9999531178333334
0.9999531180333334
0.9999531417666667
0.9999531417666667
0.9999531417666667
0.9999531425
0.9999531425
0.9999531425
0.9999531425333333
0.9999531425333333
0.9999531425333333
0.9999531425333333
0.9999531425333333
0.9999531425333333
0.9999531425333333
0.9999531425333333
0.9999531425333333
0.9999531425333333
0.9999531425333333
0.9999531425333333
0.9999531425333333
0.9999531425333333
0.9999628181666667
0.999967379
0.9999694966666667
0.9999703683666666
0.9999707324
0.9999708331666667
0.9999708602333334
0.9999708670666667
0.9999708682
0.9999708683666667
0.9999708683666667
0.9999708683666667
0.9999708683666667
0.9999708683666667
0.9999708683666667
0.9999708683666667
0.9999708683666667
0.9999708683666667
0.9999708683666667
0.9999708683666667
0.9999708683666667
0.9999708683666667
0.9999708683666667
0.9999708683666667
0.9999708683666667
0.9999708683666667
0.9999708683666667
0.9999708683666667
0.9999708683666667
0.9999708683666667
0.9999708683666667
0.9999708683666667
0.9999708683666667
0.9999708683666667
0.9999708683666667
0.9999708683666667
0.9999708683666667
0.9999708683666667
0.9999708683666667
0.9999708683666667
0.9999708683666667
0.9999788778666667
0.9999825351
0.9999841812333333
0.9999848356
0.9999851011666666
0.9999851708999999
0.9999851887333333
0.999985193
0.9999851936666666
0.9999851937666666
0.9999851937666666
0.9999851937666666
0.9999851937666666
0.9999851937666666
0.9999851937666666
0.9999851937666666
0.9999851937666666
0.9999851937666666
0.9999851937666666
0.9999851937666666
0.9999851937666666
0.9999851937666666
0.9999851937666666
0.9999851937666666
0.9999851937666666
0.9999851937666666
0.9999851937666666
0.9999851937666666
0.9999851937666666
0.9999851937666666
0.9999854384333333
0.9999854468
0.9999854483
0.9999854485666667
0.9999854486
0.9999854486
0.9999854486
0.9999854486
0.9999854486
0.9999854486
0.9999854486
0.9999854486
0.9999854486
0.9999854486
0.9999854486
0.9999854486
0.9999854486
0.9999854486
0.9999854486
0.9999854486
0.9999854486
0.9999854486
0.9999854486
0.9999854486
0.9999854486
0.9999854486
0.9999854486
0.9999854486
0.9999854487333334
0.9999854487333334
0.9999854487333334
0.9999854487333334
0.9999854487333334
0.9999854487333334
0.9999854487333334
0.9999854487333334
0.9999854487333334
0.9999854487333334
0.9999854487333334
0.9999854487333334
0.9999854487333334
0.9999854487333334
0.9999908799333334
0.9999932033666666
0.9999941846333333
0.9999945478333333
0.9999946869333333
0.9999947197
0.9999947272999999
0.9999947289666666
0.9999947291666667
0.9999947292
0.9999947292
0.9999947292
0.9999947292
0.9999947292
0.9999947292
0.9999947292
0.9999947292
0.9999947292
0.9999947292
0.9999947292
0.9999947292
0.9999947292
0.9999947292
0.9999947292
0.9999947292
0.9999947292
0.9999947292
0.9999947292
0.9999947292
0.9999947292
0.9999947292
0.9999947292
0.9999947292
0.9999947292
0.9999947292
0.9999947292
0.9999947292
0.9999947292
0.9999947292
0.9999947292
0.9999947292
0.9999949977666667
0.9999950751333333
0.9999950767666667
0.999995077
0.9999950770333333
0.9999950770333333
0.9999950770333333
0.9999950770333333
0.9999950770333333
0.9999950770333333
0.9999950770333333
0.9999950770333333
0.9999950770333333
0.9999950770333333
0.9999950770333333
0.9999950770333333
0.9999950770333333
0.9999950770333333
0.9999950770333333
0.9999950770666667
0.9999950770666667
0.9999950770666667
0.9999950770666667
0.9999950770666667
0.9999950770666667
0.9999950770666667
0.9999950770666667
0.9999950770666667
0.9999950770666667
0.9999950770666667
0.9999950770666667
0.9999950770666667
0.9999950770666667
0.9999950770666667
0.9999950770666667
0.9999950770666667
0.9999950770666667
0.9999950770666667
0.9999950770666667
0.9999950770666667
0.9999950770666667
0.9999950770666667
0.9999950770666667
0.9999950893666667
0.9999950919
0.9999950924000001
0.9999950924666667
0.9999950925000001
0.9999950943000001
0.9999950943000001
0.9999950943000001
0.9999950943333334
0.9999950943333334
0.9999950943333334
0.9999950943333334
0.9999950943333334
0.9999950943333334
0.9999950943333334
0.9999950943333334
0.9999950943333334
0.9999950943333334
0.9999950943333334
0.9999950943333334
0.9999950943333334
0.9999950943333334
0.9999950943333334
0.9999950943333334
0.9999950943333334
0.9999952390000001
0.9999952499333334
0.9999952499333334
0.9999952499333334
0.9999952499666668
0.9999952499666668
0.9999952499666668
0.9999952499666668
0.9999952499666668
0.9999952499666668
0.9999952499666668
0.9999952499666668
0.9999952499666668
0.9999952499666668
0.9999952499666668
0.9999952499666668
0.9999952499666668
0.9999952499666668
0.9999952499666668
0.9999952499666668
0.9999952499666668
0.9999952499666668
0.9999952499666668
0.9999952499666668
0.9999955805000001
0.9999956859000001
0.9999956926000001
0.9999957054666667
0.9999957054666667
0.9999957054666667
0.9999957054666667
0.9999957054666667
0.9999957054666667
0.9999957054666667
0.9999957054666667
0.9999957054666667
0.9999957054666667
0.9999957054666667
0.9999957054666667
0.9999957054666667
0.9999957054666667
0.9999957054666667
0.9999957054666667
0.9999957054666667
0.9999957054666667
0.9999957109333334
0.9999957119333334
0.9999957121333334
0.9999957121666667
0.9999957121666667
0.9999957129
0.9999957129
0.9999957129
0.9999957129
0.9999957129
0.9999957129
0.9999957129
0.9999957129
0.9999957129
0.9999957129
0.9999957129
0.9999957129
0.9999957129
0.9999957129
0.9999957129
0.9999957129
0.9999957129
0.9999957129
0.9999957129
0.9999957129
0.9999957129
0.9999957129
0.9999957129
0.9999957129
0.9999957129
0.9999957129
0.9999957129
0.9999957129
0.9999957129
0.9999957129
0.9999957129
0.9999957129
0.9999957129
0.9999957129
0.9999957129
0.9999957129
0.9999957129
0.9999957129
0.9999957129
0.9999957129
0.9999957129
0.9999957129
0.9999957129
0.9999957129
0.9999957129
0.9999957129
0.9999957158333334
0.9999957173333334
0.9999957173666667
0.9999957173666667
0.9999957173666667
0.9999957173666667
0.9999957173666667
0.9999957173666667
0.9999957173666667
0.9999957173666667
0.9999957173666667
0.9999957173666667
0.9999957173666667
0.9999957173666667
0.9999957173666667
0.9999957173666667
0.9999957173666667
0.9999957173666667
0.9999957173666667
0.9999957173666667
0.9999957173666667
0.9999957173666667
0.9999957173666667
0.9999957173666667
0.9999957173666667
0.9999957173666667
0.9999957173666667
0.9999957173666667
0.9999969686000001
0.9999973878000001
0.9999975273333335
0.9999975669000001
0.9999975792000001
0.9999975811333335
0.9999975814333335
0.9999975814666668
0.9999975814666668
0.9999975814666668
0.9999975814666668
0.9999975814666668
0.9999975814666668
0.9999975814666668
0.9999975814666668
0.9999975814666668
0.9999975814666668
0.9999975814666668
0.9999975814666668
0.9999975814666668
0.9999975814666668
0.9999975814666668
0.9999975814666668
0.9999975814666668
0.9999975814666668
0.9999975814666668
0.9999975814666668
0.9999975814666668
0.9999975814666668
0.9999975814666668
0.9999975814666668
0.9999975814666668
0.9999975814666668
0.9999975814666668
0.9999975814666668
0.9999975814666668
0.9999975814666668
0.9999975814666668
0.9999975814666668
0.9999975814666668
0.9999975814666668
0.9999975814666668
0.9999975814666668
0.9999975814666668
0.9999975814666668
0.9999975814666668
0.9999975814666668
0.9999975814666668
0.9999975814666668
0.9999975874333336
0.9999975874333336
0.9999975874333336
0.9999975874333336
0.9999975874333336
0.9999975874333336
0.9999975874333336
0.9999975874333336
0.9999975874333336
0.9999975874333336
0.9999975874333336
0.9999975874333336
0.9999975874333336
0.9999975874333336
0.9999975874333336
0.9999975874333336
0.9999975874333336
0.9999975874333336
0.9999983853666669
0.9999986335000002
0.9999987103666669
0.9999987304666669
0.9999987363333336
0.9999987371333335
0.9999987372666669
0.9999987373000002
0.9999987373000002
0.9999987373000002
0.9999987373000002
0.9999987373000002
0.9999987373000002
0.9999987373000002
0.9999987373000002
0.9999987373000002
0.9999987373000002
0.9999987373000002
0.9999987373000002
0.9999987373000002
0.9999987373000002
0.9999987373000002
0.9999987373000002
0.9999987373000002
0.9999987373000002
0.9999987373000002
0.9999987373000002
0.9999987373000002
0.9999987373000002
0.9999987373000002
0.9999987373000002
0.9999987373000002
0.9999987373000002
0.9999987373000002
0.9999987373000002
0.9999987515000002
0.9999987520666669
0.9999987520666669
0.9999987520666669
0.9999987520666669
0.9999987520666669
0.9999987520666669
0.9999987520666669
0.9999987520666669
0.9999987520666669
0.9999987520666669
0.9999987520666669
0.9999987520666669
0.9999987520666669
0.9999987520666669
0.9999987520666669
0.9999987520666669
0.9999987525000003
0.9999987525333336
0.9999987525333336
0.9999987525333336
0.9999987525333336
0.9999987525666669
0.9999987525666669
0.9999987525666669
0.9999987525666669
0.9999987525666669
0.9999987525666669
0.9999987525666669
0.9999987525666669
0.9999987525666669
0.9999987525666669
0.9999987525666669
0.9999987525666669
0.9999987525666669
0.9999987525666669
0.9999987525666669
0.9999987525666669
0.9999987525666669
0.9999987525666669
0.9999987525666669
0.9999987525666669
0.9999987525666669
0.9999987525666669
0.9999987525666669
0.9999987525666669
0.9999987525666669
0.9999987525666669
0.9999987525666669
0.9999987525666669
0.9999987525666669
0.9999987525666669
0.9999987525666669
0.9999987525666669
0.9999987525666669
0.9999987525666669
0.9999987525666669
0.9999987525666669
0.9999987525666669
0.9999987525666669
0.9999991489000003
0.9999992587000003
0.9999992891000002
0.9999992961000003
0.999999297966667
0.999999298166667
0.999999298166667
0.999999298166667
0.999999298166667
0.999999298166667
0.999999298166667
0.999999298166667
0.999999298166667
0.999999298166667
0.999999298166667
0.999999298166667
0.999999298166667
0.999999298166667
0.999999298166667
0.999999298166667
0.999999298166667
0.999999298166667
0.999999298166667
0.999999298166667
0.999999298166667
0.999999298166667
0.999999298166667
0.999999298166667
0.999999298166667
0.999999298166667
0.999999298166667
0.999999298166667
0.999999298166667
0.999999298166667
0.9999996100000004
0.999999693066667
0.9999997152000004
0.9999997201000004
0.9999997213333337
0.999999721466667
0.999999721466667
0.999999721466667
0.999999721466667
0.999999721466667
0.999999721466667
0.999999721466667
0.999999721466667
0.999999721466667
0.999999721466667
0.999999721466667
0.999999721466667
0.999999721466667
0.999999721466667
0.999999721466667
0.999999721466667
0.999999721466667
0.999999721466667
0.999999721466667
0.999999721466667
0.999999721466667
0.999999721466667
0.999999721466667
0.999999721466667
0.999999721466667
0.999999721466667
0.999999721466667
0.999999721466667
0.999999721466667
0.999999721466667
0.999999721466667
0.999999721466667
0.999999721466667
0.999999721466667
0.999999721466667
0.999999721466667
0.999999721466667
0.999999721466667
0.9999997215333337
0.9999997215333337
0.9999997215333337
0.9999997215333337
0.9999997215333337
0.9999997215333337
0.9999997215333337
0.9999997215333337
0.9999997215333337
0.9999997215333337
0.9999997215333337
0.9999997215333337
0.9999997215333337
0.9999997215333337
0.9999997215333337
0.9999997215333337
0.9999997215333337
0.9999997215333337
0.9999997215333337
0.9999997215333337
0.9999997215333337
0.9999997215333337
0.9999997215333337
0.9999997215333337
0.9999997215333337
0.999999723866667
0.9999997239000004
0.9999997240000004
0.9999997240000004
0.9999997240000004
0.9999997240000004
0.9999997240000004
0.9999997240000004
0.9999997240000004
0.9999997240000004
0.9999997240000004
0.9999997240000004
0.9999997240000004
0.9999997240000004
0.9999997240000004
0.9999997240000004
0.9999997240000004
0.9999997240000004
0.9999997240000004
0.9999997240000004
0.9999997240000004
0.9999997240000004
0.9999997240000004
0.9999997240000004
0.9999997240000004
0.9999997240000004
0.9999997240000004
0.9999997240000004
0.9999997240000004
0.9999997240000004
0.9999997240000004
0.9999997240000004
0.9999997240000004
0.9999997240000004
0.9999997240000004
0.9999997240000004
0.9999997240000004
0.9999997240000004
0.9999997240000004
0.9999997240000004
0.9999997240000004
0.9999997240000004
0.9999997240000004
0.9999997240000004
0.9999997240000004
0.9999997240000004
0.9999997240000004
0.9999997240000004
0.9999997240000004
0.9999997240000004
0.9999997240000004
0.9999997240000004
0.9999997240000004
0.9999997240000004
0.9999997240000004
0.9999997240000004
0.9999997240000004
0.9999997240000004
0.9999997240000004
0.9999997240000004
0.9999997240000004
0.9999997240000004
0.9999997240000004
0.9999997240000004
0.9999997240000004
0.9999997240000004
0.9999997240000004
0.9999997240000004
0.9999997240000004
0.9999997240000004
0.9999997240000004
0.9999997240000004
0.9999997240000004
0.9999997240000004
0.9999997240000004
0.9999997240000004
0.9999997240000004
0.9999997240000004
0.9999997240000004
0.9999998135000003
0.9999998329000004
0.9999998371333337
0.999999837866667
0.9999998380000004
0.9999998380333337
0.9999998380333337
0.9999998380333337
0.9999998380333337
0.9999998380333337
0.9999998380333337
0.9999998380333337
0.9999998380333337
0.9999998380333337
0.9999998380333337
0.9999998380333337
0.9999998380333337
0.9999998380333337
0.9999998380333337
0.9999998380333337
0.9999998380333337
0.9999998380333337
0.9999998380333337
0.9999998380333337
0.9999998380333337
0.9999998380333337
0.9999998380333337
0.9999998380333337
0.9999998380333337
0.9999998380333337
0.9999998380333337
0.9999998380333337
0.9999998380333337
0.9999998380333337
0.9999998380333337
0.9999998380333337
0.9999998380333337
0.9999998380333337
0.9999998380333337
0.9999998380333337
0.9999998380333337
0.9999998380333337
0.9999999071000003
0.9999999214666669
0.999999924466667
0.999999924966667
0.9999999251000004
0.9999999251000004
0.9999999251000004
0.9999999251000004
0.9999999251000004
0.9999999251000004
0.9999999251000004
0.9999999251000004
0.9999999251000004
0.9999999251000004
0.9999999251000004
0.9999999251000004
0.9999999251000004
0.9999999251000004
0.9999999251000004
0.9999999251000004
0.9999999251000004
0.9999999251000004
0.9999999251000004
0.9999999251000004
0.9999999251000004
0.9999999251000004
0.9999999251000004
0.9999999251000004
0.9999999251000004
0.9999999251000004
0.9999999251000004
0.9999999251000004
0.9999999251000004
0.9999999251000004
0.9999999251000004
0.9999999251000004
0.9999999251000004
0.9999999251000004
0.9999999251000004
0.9999999251000004
0.9999999251000004
0.9999999254333337
0.9999999254333337
0.9999999254333337
0.9999999254333337
0.9999999254333337
0.9999999254333337
0.9999999254333337
0.9999999254333337
0.9999999254333337
0.9999999254333337
0.9999999254333337
0.9999999254333337
0.9999999254333337
0.9999999254333337
0.9999999254333337
0.9999999254333337
0.9999999254333337
0.9999999254333337
0.9999999254333337
0.9999999254333337
0.9999999254333337
0.9999999254333337
0.9999999254333337
0.9999999254333337
0.9999999254333337
0.9999999254333337
0.9999999254333337
0.9999999254333337
0.9999999254333337
0.9999999254333337
0.9999999254333337
0.9999999254333337
0.9999999254333337
0.9999999254333337
0.9999999254333337
0.9999999254333337
0.9999999254333337
0.9999999254333337
0.9999999254333337
0.9999999254333337
0.9999999254333337
0.9999999254333337
0.9999999254333337
0.9999999254333337
0.9999999254333337
0.9999999254333337
0.9999999254333337
0.9999999254333337
0.9999999254333337
0.9999999254333337
0.9999999254333337
0.9999999254333337
0.9999999254333337
0.9999999254333337
0.9999999254333337
0.9999999254333337
0.9999999565666671
0.9999999622333338
0.9999999632666671
0.9999999634333337
0.9999999634333337
0.9999999634333337
0.9999999634333337
0.9999999634333337
0.9999999634333337
0.9999999634333337
0.9999999634333337
0.9999999634333337
0.9999999634333337
0.9999999634333337
0.9999999634333337
0.9999999634333337
0.9999999634333337
0.9999999634333337
0.9999999634333337
0.9999999634333337
0.9999999634333337
0.9999999634333337
0.9999999634333337
0.9999999634333337
0.9999999634333337
0.9999999634333337
0.9999999634333337
0.9999999634333337
0.9999999634333337
0.9999999634333337
0.9999999634333337
0.9999999634333337
0.9999999634333337
0.9999999634333337
0.9999999634333337
0.9999999634333337
0.9999999634333337
0.9999999634333337
0.9999999634333337
0.9999999634333337
0.9999999634333337
0.9999999634333337
0.9999999634333337
0.9999999634333337
0.9999999634333337
0.9999999634333337
0.9999999634333337
0.9999999634333337
0.9999999634333337
0.9999999634333337
0.9999999634333337
0.9999999634333337
0.9999999634333337
0.9999999634333337
0.9999999634333337
0.9999999675666671
0.9999999676666671
0.9999999676666671
0.9999999676666671
0.9999999676666671
0.9999999676666671
0.9999999676666671
0.9999999676666671
0.9999999676666671
0.9999999676666671
0.9999999676666671
0.9999999676666671
0.9999999676666671
0.9999999676666671
0.9999999676666671
0.9999999676666671
0.9999999676666671
0.9999999676666671
0.9999999676666671
0.9999999676666671
0.9999999676666671
0.9999999676666671
0.9999999676666671
0.9999999676666671
0.9999999676666671
0.9999999676666671
0.9999999676666671
0.9999999676666671
0.9999999676666671
0.9999999676666671
0.9999999676666671
0.9999999677333338
0.9999999677333338
0.9999999677333338
0.9999999677333338
0.9999999677333338
0.9999999677333338
0.9999999677333338
0.9999999677333338
0.9999999677333338
0.9999999677333338
0.9999999677333338
0.9999999677333338
0.9999999677333338
0.9999999677333338
0.9999999677333338
0.9999999677333338
0.9999999677333338
0.9999999677333338
0.9999999677333338
0.9999999677333338
0.9999999677333338
0.9999999677333338
0.9999999677333338
0.9999999677333338
0.9999999677333338
0.9999999677333338
0.9999999677333338
0.9999999677333338
0.9999999677333338
0.9999999677333338
0.9999999677333338
0.9999999813333338
0.9999999835000004
0.9999999838666671
0.9999999839000004
0.9999999839000004
0.9999999839000004
0.9999999839000004
0.9999999839000004
0.9999999839000004
0.9999999839000004
0.9999999839000004
0.9999999839000004
0.9999999839000004
0.9999999839000004
0.9999999839000004
0.9999999839000004
0.9999999839000004
0.9999999839000004
0.9999999839000004
0.9999999839000004
0.9999999839000004
0.9999999839000004
0.9999999839000004
0.9999999839000004
0.9999999839000004
0.9999999839000004
0.9999999839000004
0.9999999839000004
0.9999999839000004
0.9999999839000004
0.9999999839000004
0.9999999839000004
0.9999999839000004
0.9999999839000004
0.9999999839000004
0.9999999839000004
0.9999999839000004
0.9999999839000004
0.9999999839000004
0.9999999839000004
0.9999999839000004
0.9999999839000004
0.9999999839000004
0.9999999839000004
0.9999999839000004
0.9999999839000004
0.9999999839000004
0.9999999839000004
0.9999999839000004
0.9999999839000004
0.9999999839000004
0.9999999839000004
0.9999999839000004
0.9999999839000004
0.9999999839000004
0.9999999839000004
0.9999999839000004
0.9999999839000004
0.9999999839000004
0.9999999839000004
0.9999999839000004
0.9999999839000004
0.9999999839000004
0.9999999839000004
0.9999999839000004
0.9999999839000004
0.9999999839000004
0.9999999839000004
0.9999999839000004
0.9999999839000004
0.9999999839000004
0.9999999839000004
0.9999999839000004
0.9999999839000004
0.9999999839000004
0.9999999839000004
0.9999999916000004
0.9999999927333337
0.9999999929000004
0.9999999929333337
0.9999999929333337
0.9999999929333337
0.9999999929333337
0.9999999929333337
0.9999999929333337
0.9999999929333337
0.9999999929333337
0.9999999929333337
0.9999999929333337
0.9999999929333337
0.9999999929333337
0.9999999929333337
0.9999999929333337
0.9999999929333337
0.9999999929333337
0.9999999929333337
0.9999999929333337
0.9999999929333337
0.9999999929333337
0.9999999929333337
0.9999999929333337
0.9999999929333337
0.9999999929333337
0.9999999929333337
0.9999999929333337
0.9999999929333337
0.9999999929333337
0.9999999929333337
0.9999999929333337
0.9999999929333337
0.9999999929333337
0.9999999929333337
0.9999999929333337
0.9999999929333337
0.9999999929333337
0.9999999929333337
0.9999999929333337
0.9999999929333337
0.9999999929333337
0.9999999929333337
0.9999999929333337
0.9999999929333337
0.9999999929333337
0.9999999929333337
0.9999999929333337
0.9999999929333337
0.9999999929333337
0.9999999929333337
0.9999999929333337
0.9999999929333337
0.9999999929333337
0.9999999929333337
0.9999999929333337
0.9999999929333337
0.9999999929333337
0.9999999929333337
0.9999999929333337
0.9999999929333337
0.9999999929333337
0.9999999929333337
0.9999999929333337
0.9999999929333337
0.9999999929333337
0.9999999929333337
0.9999999929333337
0.9999999929333337
0.9999999929333337
0.9999999929333337
0.9999999929333337
0.9999999929333337
0.9999999929333337
0.9999999929333337
0.9999999929333337
0.9999999929333337
0.9999999929333337
0.9999999929333337
0.9999999929333337
0.9999999929333337
0.9999999929333337
0.9999999929333337
0.9999999929333337
0.9999999929333337
0.9999999929333337
0.9999999929333337
0.9999999929333337
0.9999999929333337
0.9999999929333337
0.9999999929333337
0.9999999929333337
0.9999999929333337
0.9999999929333337
0.9999999929333337
0.9999999961666671
0.9999999965666672
0.9999999966333338
0.9999999966333338
0.9999999966333338
0.9999999966333338
0.9999999966333338
0.9999999966333338
0.9999999966333338
0.9999999966333338
0.9999999966333338
0.9999999966333338
0.9999999966333338
0.9999999966333338
0.9999999966333338
0.9999999966333338
0.9999999966333338
0.9999999966333338
0.9999999966333338
0.9999999966333338
0.9999999966333338
0.9999999966333338
0.9999999966333338
0.9999999966333338
0.9999999966333338
0.9999999966333338
0.9999999966333338
0.9999999966333338
0.9999999966333338
0.9999999966333338
0.9999999966333338
0.9999999966333338
0.9999999966333338
0.9999999966333338
0.9999999966333338
0.9999999966333338
0.9999999966333338
0.9999999966333338
0.9999999966333338
0.9999999966333338
0.9999999966333338
0.9999999966333338
0.9999999966333338
0.9999999966333338
0.9999999966333338
0.9999999966333338
0.9999999966333338
0.9999999966333338
0.9999999966333338
0.9999999966333338
0.9999999966333338
0.9999999966333338
0.9999999966333338
0.9999999966333338
0.9999999966333338
0.9999999966333338
0.9999999966333338
0.9999999966333338
0.9999999966333338
0.9999999966333338
0.9999999966333338
0.9999999966333338
0.9999999966333338
0.9999999966333338
0.9999999968333338
0.9999999968333338
0.9999999968333338
0.9999999968333338
0.9999999968333338
0.9999999968333338
0.9999999968333338
0.9999999968333338
0.9999999968333338
0.9999999968333338
0.9999999968333338
0.9999999968333338
0.9999999968333338
0.9999999968333338
0.9999999968333338
0.9999999968333338
0.9999999968333338
0.9999999968333338
0.9999999968333338
0.9999999968333338
0.9999999968333338
0.9999999968333338
0.9999999968333338
0.9999999968333338
0.9999999968333338
0.9999999968333338
0.9999999968333338
0.9999999968333338
0.9999999968333338
0.9999999968333338
0.9999999968333338
0.9999999968333338
0.9999999968333338
0.9999999968333338
0.9999999968333338
0.9999999968333338
0.9999999968333338
0.9999999968333338
0.9999999968333338
0.9999999968333338
0.9999999968333338
0.9999999968333338
0.9999999968333338
0.9999999968333338
0.9999999968333338
0.9999999968333338
0.9999999968333338
0.9999999968333338
0.9999999981333338
0.9999999983000005
0.9999999983333339
0.9999999983333339
0.9999999983333339
0.9999999983333339
0.9999999983333339
0.9999999983333339
0.9999999983333339
0.9999999983333339
0.9999999983333339
0.9999999983333339
0.9999999983333339
0.9999999983333339
0.9999999983333339
0.9999999983333339
0.9999999983333339
0.9999999983333339
0.9999999983333339
0.9999999983333339
0.9999999983333339
0.9999999983333339
0.9999999983333339
0.9999999983333339
0.9999999983333339
0.9999999983333339
0.9999999983333339
0.9999999983333339
0.9999999983333339
0.9999999983333339
0.9999999983333339
0.9999999983333339
0.9999999983333339
0.9999999983333339
0.9999999983333339
0.9999999993000005
0.9999999994000005
0.9999999994333338
0.9999999994333338
0.9999999994333338
0.9999999994333338
0.9999999994333338
0.9999999994333338
0.9999999994333338
0.9999999994333338
0.9999999994333338
0.9999999994333338
0.9999999994333338
0.9999999994333338
0.9999999994333338
0.9999999994333338
0.9999999994333338
0.9999999994333338
0.9999999994333338
0.9999999994333338
0.9999999994333338
0.9999999994333338
0.9999999994333338
0.9999999994333338
0.9999999994333338
0.9999999994333338
0.9999999994333338
0.9999999994333338
0.9999999994333338
0.9999999994333338
0.9999999994333338
0.9999999994333338
0.9999999994333338
0.9999999994333338
0.9999999994333338
0.9999999994333338
0.9999999994333338
0.9999999994333338
0.9999999994333338
0.9999999994333338
0.9999999994333338
0.9999999994333338
0.9999999994333338
0.9999999994333338
0.9999999994333338
0.9999999995000005
0.9999999995000005
0.9999999995000005
0.9999999995000005
0.9999999995000005
0.9999999995000005
0.9999999995000005
0.9999999995000005
0.9999999995000005
0.9999999995000005
0.9999999995000005
0.9999999995000005
0.9999999995000005
0.9999999995000005
0.9999999995000005
0.9999999995000005
0.9999999995000005
0.9999999995000005
0.9999999995000005
0.9999999995000005
0.9999999995000005
0.9999999995000005
0.9999999995000005
0.9999999995000005
0.9999999995000005
0.9999999995000005
0.9999999995000005
0.9999999995000005
0.9999999995000005
0.9999999995000005
0.9999999995000005
0.9999999995000005
0.9999999995000005
0.9999999995000005
0.9999999995000005
0.9999999995000005
0.9999999995000005
0.9999999995000005
0.9999999995000005
0.9999999995000005
0.9999999995000005
0.9999999995000005
0.9999999995000005
0.9999999995000005
0.9999999995000005
0.9999999995000005
0.9999999995000005
0.9999999995000005
0.9999999995000005
0.9999999995000005
0.9999999995000005
0.9999999995000005
0.9999999995000005
0.9999999995000005
0.9999999995000005
0.9999999995000005
0.9999999995000005
0.9999999995000005
0.9999999995000005
0.9999999995000005
0.9999999995000005
0.9999999995000005
0.9999999995000005
0.9999999995000005
0.9999999995000005
0.9999999995000005
0.9999999995000005
0.9999999995000005
0.9999999995000005
0.9999999995000005
0.9999999995000005
0.9999999995000005
0.9999999995000005
0.9999999995000005
0.9999999995000005
0.9999999995000005
0.9999999995000005
0.9999999995000005
0.9999999995000005
0.9999999995000005
0.9999999995000005
0.9999999995000005
0.9999999995000005
0.9999999995000005
0.9999999995000005
0.9999999995000005
0.9999999995000005
0.9999999995000005
0.9999999995000005
0.9999999995000005
0.9999999995000005
0.9999999995000005
0.9999999995000005
0.9999999995000005
0.9999999995000005
0.9999999995000005
0.9999999995000005
0.9999999995000005
0.9999999995000005
0.9999999995000005
0.9999999995000005
0.9999999995000005
0.9999999995000005
0.9999999995000005
0.9999999997000005
0.9999999997333339
0.9999999997333339
0.9999999997333339
0.9999999997333339
0.9999999997333339
0.9999999997333339
0.9999999997333339
0.9999999997333339
0.9999999997333339
0.9999999997333339
0.9999999997333339
0.9999999997333339
0.9999999997333339
0.9999999997333339
0.9999999997333339
0.9999999997333339
0.9999999997333339
0.9999999997333339
0.9999999997333339
0.9999999997333339
0.9999999997333339
0.9999999997333339
0.9999999997333339
0.9999999997333339
0.9999999997333339
0.9999999997333339
0.9999999997333339
0.9999999997333339
0.9999999997333339
0.9999999997333339
0.9999999997333339
0.9999999998666672
0.9999999998666672
0.9999999998666672
0.9999999998666672
0.9999999998666672
0.9999999998666672
0.9999999998666672
0.9999999998666672
0.9999999998666672
0.9999999998666672
0.9999999998666672
0.9999999998666672
0.9999999998666672
0.9999999998666672
0.9999999998666672
0.9999999998666672
0.9999999998666672
0.9999999998666672
0.9999999998666672
0.9999999998666672
0.9999999998666672
0.9999999998666672
0.9999999998666672
0.9999999998666672
0.9999999998666672
0.9999999998666672
0.9999999998666672
0.9999999998666672
0.9999999998666672
0.9999999998666672
0.9999999998666672
0.9999999998666672
0.9999999998666672
0.9999999998666672
0.9999999998666672
0.9999999998666672
0.9999999998666672
0.9999999998666672
0.9999999998666672
0.9999999998666672
0.9999999998666672
0.9999999998666672
0.9999999998666672
0.9999999998666672
0.9999999998666672
0.9999999998666672
0.9999999998666672
0.9999999998666672
0.9999999998666672
0.9999999998666672
0.9999999998666672
0.9999999998666672
0.9999999998666672
0.9999999998666672
0.9999999998666672
0.9999999998666672
0.9999999998666672
0.9999999998666672
0.9999999998666672
0.9999999998666672
0.9999999998666672
0.9999999998666672
0.9999999998666672
0.9999999998666672
0.9999999998666672
0.9999999999333339
0.9999999999333339
0.9999999999333339
0.9999999999333339
0.9999999999333339
0.9999999999333339
0.9999999999333339
0.9999999999333339
0.9999999999333339
0.9999999999333339
0.9999999999333339
0.9999999999333339
0.9999999999333339
0.9999999999333339
0.9999999999333339
0.9999999999333339
0.9999999999333339
0.9999999999333339
0.9999999999333339
0.9999999999333339
0.9999999999333339
0.9999999999333339
0.9999999999333339
0.9999999999333339
0.9999999999333339
0.9999999999333339
0.9999999999333339
0.9999999999333339
0.9999999999333339
0.9999999999333339
0.9999999999333339
0.9999999999333339
0.9999999999333339
0.9999999999333339
0.9999999999333339
0.9999999999333339
0.9999999999333339
0.9999999999333339
0.9999999999333339
0.9999999999333339
0.9999999999333339
0.9999999999666672
1.0000000000000004
1.0000000000000004
1.0000000000000004
1.0000000000000004
1.0000000000000004
1.0000000000000004
1.0000000000000004
1.0000000000000004
1.0000000000000004
1.0000000000000004
1.0000000000000004
1.0000000000000004
1.0000000000000004
1.0000000000000004
1.0000000000000004
1.0000000000000004
1.0000000000000004
1.0000000000000004
1.0000000000000004
1.0000000000000004
1.0000000000000004
1.0000000000000004
1.0000000000000004
1.0000000000000004
1.0000000000000004
1.0000000000000004
1.0000000000000004
1.0000000000000004
1.0000000000000004
1.0000000000000004
1.0000000000000004
1.0000000000000004
1.0000000000000004
1.0000000000000004
1.0000000000000004
1.0000000000000004
1.0000000000000004
1.0000000000000004
1.0000000000000004
1.0000000000000004
1.0000000000000004
1.0000000000000004
1.0000000000000004
1.0000000000000004
1.0000000000000004
1.0000000000000004
1.0000000000000004
1.0000000000000004
1.0000000000000004
1.0000000000000004
1.0000000000000004
1.0000000000000004
1.0000000000000004
1.0000000000000004
1.0000000000000004
1.0000000000000004
1.0000000000000004
1.0000000000000004
1.0000000000000004
1.0000000000000004
1.0000000000000004
1.0000000000000004
1.0000000000000004
1.0000000000000004
1.0000000000000004
1.0000000000000004
1.0000000000000004
1.0000000000000004
1.0000000000000004
1.0000000000000004
1.0000000000000004
1.0000000000000004
1.0000000000000004
1.0000000000000004
1.0000000000000004
1.0000000000000004
1.0000000000000004
1.0000000000000004
1.0000000000000004
1.0000000000000004
1.0000000000000004
1.0000000000000004
1.0000000000000004
1.0000000000000004
1.0000000000000004
1.0000000000000004
1.0000000000000004
1.0000000000000004
1.0000000000000004
1.0000000000000004
1.0000000000000004
1.0000000000000004
1.0000000000000004
1.0000000000000004
1.0000000000000004
1.0000000000000004
1.0000000000000004
1.0000000000000004
1.0000000000000004
1.0000000000000004
1.0000000000000004
1.0000000000000004
1.0000000000000004
1.0000000000000004
1.0000000000000004
1.0000000000000004
1.0000000000000004
1.0000000000000004
1.0000000000000004
1.0000000000000004
1.0000000000000004
1.0000000000000004
1.0000000000000004
1.0000000000000004
1.0000000000000004
1.0000000000000004
1.0000000000000004
1.0000000000000004
1.0000000000000004
1.0000000000000004
1.0000000000000004
1.0000000000000004
1.0000000000000004
1.0000000000000004
1.0000000000000004
1.0000000000000004
1.0000000000000004
1.0000000000000004
1.0000000000000004
1.0000000000000004
1.0000000000000004
1.0000000000000004
1.0000000000000004
1.0000000000000004
1.0000000000000004
1.0000000000000004
1.0000000000000004
1.0000000000000004
1.0000000000000004
1.0000000000000004
1.0000000000000004
1.0000000000000004
1.0000000000000004
1.0000000000000004
1.0000000000000004
1.0000000000000004
1.0000000000000004
1.0000000000000004
1.0000000000000004
1.0000000000000004
1.0000000000000004
1.0000000000000004
1.0000000000000004
1.0000000000000004
1.0000000000000004
1.0000000000000004
1.0000000000000004
1.0000000000000004
1.0000000000000004
1.0000000000000004
1.0000000000000004
1.0000000000000004
1.0000000000000004
1.0000000000000004
1.0000000000000004
1.0000000000000004
1.0000000000000004
1.0000000000000004
1.0000000000000004
1.0000000000000004
1.0000000000000004
1.0000000000000004
1.0000000000000004
1.0000000000000004
1.0000000000000004
1.0000000000000004
1.0000000000000004
1.0000000000000004
1.0000000000000004
1.0000000000000004
1.0000000000000004
1.0000000000000004
1.0000000000000004
1.0000000000000004
1.0000000000000004
1.0000000000000004
1.0000000000000004
1.0000000000000004
1.0000000000000004
1.0000000000000004
1.0000000000000004
1.0000000000000004
1.0000000000000004
1.0000000000000004
1.0000000000000004
1.0000000000000004
1.0000000000000004
1.0000000000000004
1.0000000000000004
1.0000000000000004
1.0000000000000004
1.0000000000000004
1.0000000000000004
1.0000000000000004
1.0000000000000004
1.0000000000000004
1.0000000000000004
1.0000000000000004
1.0000000000000004
1.0000000000000004
1.0000000000000004
1.0000000000000004
1.0000000000000004
1.0000000000000004
1.0000000000000004
1.0000000000000004
1.0000000000000004
1.0000000000000004
1.0000000000000004
1.0000000000000004
1.0000000000000004
1.0000000000000004
1.0000000000000004
1.0000000000000004
1.0000000000000004
1.0000000000000004
1.0000000000000004
1.0000000000000004
1.0000000000000004
1.0000000000000004
1.0000000000000004
1.0000000000000004
1.0000000000000004
1.0000000000000004
1.0000000000000004
1.0000000000000004
1.0000000000000004
1.0000000000000004
1.0000000000000004
1.0000000000000004
1.0000000000000004
1.0000000000000004
1.0000000000000004
1.0000000000000004
1.0000000000000004
1.0000000000000004
1.0000000000000004
1.0000000000000004
1.0000000000000004
1.0000000000000004
1.0000000000000004
1.0000000000000004
1.0000000000000004
1.0000000000000004
1.0000000000000004
1.0000000000000004
1.0000000000000004
1.0000000000000004
1.0000000000000004
1.0000000000000004
1.0000000000000004
1.0000000000000004
1.0000000000000004
1.0000000000000004
1.0000000000000004
1.0000000000000004
1.0000000000000004
1.0000000000000004
1.0000000000000004
1.0000000000000004
1.0000000000000004
1.0000000000000004
1.0000000000000004
1.0000000000000004
1.0000000000000004
1.0000000000000004
1.0000000000000004
1.0000000000000004
1.0000000000000004
1.0000000000000004
1.0000000000000004
1.0000000000000004
1.0000000000000004
1.0000000000000004
1.0000000000000004
1.0000000000000004
1.0000000000000004
1.0000000000000004
1.0000000000000004
1.0000000000000004
1.0000000000000004
1.0000000000000004
1.0000000000000004
1.0000000000000004
1.0000000000000004
1.0000000000000004
1.0000000000000004
1.0000000000000004
1.0000000000000004
1.0000000000000004
1.0000000000000004
1.0000000000000004
1.0000000000000004
1.0000000000000004
1.0000000000000004
1.0000000000000004
1.0000000000000004
1.0000000000000004
1.0000000000000004
1.0000000000000004
1.0000000000000004
1.0000000000000004
1.0000000000000004
1.0000000000000004
1.0000000000000004
1.0000000000000004
1.0000000000000004
1.0000000000000004
1.0000000000000004
1.0000000000000004
1.0000000000000004
1.0000000000000004
1.0000000000000004
1.0000000000000004
1.0000000000000004
1.0000000000000004
1.0000000000000004
1.0000000000000004
1.0000000000000004
1.0000000000000004
1.0000000000000004
1.0000000000000004
1.0000000000000004
1.0000000000000004
1.0000000000000004
1.0000000000000004
1.0000000000000004
1.0000000000000004
1.0000000000000004
1.0000000000000004
1.0000000000000004
1.0000000000000004
1.0000000000000004
1.0000000000000004
1.0000000000000004
1.0000000000000004
1.0000000000000004
1.0000000000000004
1.0000000000000004
1.0000000000000004
1.0000000000000004
1.0000000000000004
1.0000000000000004
1.0000000000000004
1.0000000000000004
1.0000000000000004
1.0000000000000004
1.0000000000000004
1.0000000000000004
1.0000000000000004
1.0000000000000004
1.0000000000000004
1.0000000000000004
1.0000000000000004
1.0000000000000004
1.0000000000000004
1.0000000000000004
1.0000000000000004
1.0000000000000004
1.0000000000000004
1.0000000000000004
1.0000000000000004
1.0000000000000004
1.0000000000000004
1.0000000000000004
1.0000000000000004
1.0000000000000004
1.0000000000000004
1.0000000000000004
1.0000000000000004
1.0000000000000004
1.0000000000000004
1.0000000000000004
1.0000000000000004
1.0000000000000004
1.0000000000000004
1.0000000000000004
1.0000000000000004
1.0000000000000004
1.0000000000000004
1.0000000000000004
1.0000000000000004
1.0000000000000004
1.0000000000000004
1.0000000000000004
1.0000000000000004
1.0000000000000004
1.0000000000000004
1.0000000000000004
1.0000000000000004
1.0000000000000004
1.0000000000000004
1.0000000000000004
1.0000000000000004
1.0000000000000004
1.0000000000000004
1.0000000000000004
1.0000000000000004
1.0000000000000004
1.0000000000000004
1.0000000000000004
1.0000000000000004
1.0000000000000004
1.0000000000000004
1.0000000000000004
1.0000000000000004
1.0000000000000004
