0.0
2.548353333333333e-05
5.36837e-05
8.51239e-05
0.0001215333
0.00016273943333333332
0.00020961566666666666
0.00026098586666666664
0.0003237201333333333
0.00039707216666666663
0.00047937969999999996
0.0005679316333333333
0.0006732578666666666
0.0007891694666666666
0.0009246400999999999
0.0010850985666666666
0.0012656142999999999
0.0014701529999999999
0.0017031577666666666
0.0019802165
0.0022819776
0.0027006845333333333
0.003119323166666667
0.0036525568333333333
0.0041865219
0.0048932512000000004
0.005580775600000001
0.006467694366666667
0.007353385433333333
0.008504870933333334
0.009678816966666667
0.009812049266666666
0.0099597617
0.010137189
0.010343416099999999
0.010575870566666666
0.010944532066666667
0.011243230866666667
0.011574991533333334
0.012106098033333334
0.012557505733333333
0.0130666438
0.013832924
0.014490909333333333
0.0152608756
0.016351505366666665
0.017480992199999996
0.01862827443333333
0.020398221666666664
0.021866230166666663
0.023745174366666663
0.0260369642
0.02839655983333333
0.030782151866666663
0.03433182556666666
0.037441539399999994
0.03757018573333333
0.03773612073333333
0.03795091973333333
0.03823582566666667
0.03860815296666667
0.03908665416666667
0.039706254600000004
0.04042275236666667
0.04145144086666667
0.042752786
0.04379228696666667
0.0449940136
0.04632953436666667
0.04895912583333333
0.05071499883333333
0.05292549966666666
0.05515149829999999
0.05880225409999999
0.062092537433333324
0.06557772279999999
0.06904590689999998
0.07457949543333331
0.07924956449999998
0.07973872919999998
0.08006627229999998
0.08051231599999997
0.08101583336666664
0.08166149269999998
0.08238216926666664
0.08333790239999997
0.08523972106666663
0.0866116476333333
0.08817907456666664
0.09041287723333331
0.09357023123333331
0.09580125269999998
0.09971805319999998
0.10249498043333331
0.10597985533333332
0.11201537669999999
0.11621487679999999
0.12028283356666666
0.12631836813333333
0.13192490593333334
0.13217354133333334
0.1324576315
0.13282475946666666
0.13323630646666668
0.13386186190000002
0.13499180263333335
0.13579067286666668
0.13681635046666668
0.13798234333333334
0.13979274033333333
0.14144040603333333
0.14329961193333332
0.14536012613333332
0.14858962136666665
0.1511505662333333
0.15681489399999998
0.15992025399999998
0.1641954290333333
0.16850161626666665
0.17300165313333332
0.17720365756666664
0.18624979276666664
0.19259623299999998
0.19316867356666664
0.193906326
0.1948429578
0.19646863316666666
0.1978130589333333
0.20076743686666665
0.20262896396666666
0.20470159936666665
0.20768354909999998
0.21042884636666664
0.21662804706666663
0.2198486537333333
0.22593385726666662
0.23156188643333328
0.23600903269999995
0.23997142906666663
0.24800957509999996
0.2556512733
0.25599620846666665
0.25638848406666664
0.25695434986666665
0.2579950493
0.25883407236666667
0.2598917065
0.2618960341666667
0.2636856992666667
0.2651747986333334
0.2671863212666667
0.2693939734333334
0.27232205610000004
0.27813260590000005
0.2809276926333334
0.2840804824333334
0.28899982623333337
0.2947994532666667
0.2989389649
0.3024182783
0.3111135196
0.3144168735333333
0.3150522010333333
0.3159812036333333
0.31714210666666665
0.3184256929
0.32002489126666667
0.32212379793333334
0.3243921668
0.3284172929
0.332982561
0.33571271733333335
0.33865779363333337
0.3437866056
0.3539080309
0.3575930301
0.36047594963333335
0.3654766138666667
0.36909666500000005
0.3695861467333334
0.37038613490000005
0.3713932343666667
0.37263909390000005
0.3750831609333334
0.3767582074333334
0.37968917856666673
0.38181700686666675
0.3840793684333334
0.3874817504666667
0.3900574503666667
0.39436788486666674
0.39701298406666674
0.4038886627333334
0.4074758667000001
0.4106532761000001
0.41293025820000007
0.41873602246666675
0.42121051430000006
0.4218873003333334
0.4231066999666667
0.42417971836666674
0.42663774500000007
0.4279500821000001
0.4314049129666667
0.4336770066000001
0.43636433780000006
0.4384690882333334
0.4412574209000001
0.44580987236666675
0.4496510942666668
0.45200978146666676
0.4599108787333334
0.4622084950000001
0.4679135446000001
0.47220789963333343
0.4755272963000001
0.4772555874000001
0.48490616323333346
0.4878053557000001
0.48831601783333345
0.48889057093333343
0.48961512366666676
0.4910021182000001
0.4921287861666668
0.4934893585000001
0.49510613746666676
0.4975168207000001
0.49936000796666674
0.5013977512666667
0.5042038030333335
0.5079601054666668
0.5100649085333335
0.5151157310666669
0.5170552930666669
0.5195977451666669
0.5227492082000003
0.5257424890333335
0.5270114834666668
0.5325369127333335
0.5333675928666668
0.5345357503666668
0.5359269263000002
0.5384675782333335
0.5404033254333335
0.5432051989000002
0.5479500835000002
0.5497863366666669
0.5558957149666669
0.5574934900666669
0.5632402756666669
0.565970265466667
0.5668761032333336
0.5711376416666669
0.5746220309000003
0.575268591466667
0.576073188866667
0.5769660735333337
0.578988536266667
0.580186321866667
0.5815914122000003
0.5840648210000003
0.5867255552333337
0.5884665816000003
0.5902744626666669
0.5930561876333336
0.5948211154666669
0.598156222166667
0.5997267688000003
0.6044201544000003
0.6057091593666669
0.6085487117000002
0.6108500853333336
0.613373032666667
0.6140037319333337
0.6173951122000003
0.6177344268333337
0.6189504501333337
0.6203539873000004
0.6229831828000003
0.625739792866667
0.6274026478333337
0.6301284747000003
0.6347799938333336
0.6361001612333336
0.6371215961333335
0.6397488559000002
0.6444057731000002
0.6467260582333336
0.6471550991333336
0.6517101409333336
0.651917312466667
0.6526222367000003
0.6534859251333336
0.6547094179666669
0.6560973763000003
0.6589123223333336
0.662092319966667
0.6636008422000003
0.6662375097000003
0.671022777666667
0.672115703666667
0.6729126075666669
0.6770742774666669
0.6793402287000002
0.6814668459000002
0.6817520787333335
0.6862109345666669
0.6878442976666669
0.6890652410333336
0.6904251965666669
0.6918381025666669
0.6946501018000002
0.6960016860666669
0.698485335966667
0.701317273966667
0.7022100054000003
0.7028231707333337
0.7049933491333337
0.706886029566667
0.7070712196333336
0.7087430833333337
0.7095938952000004
0.7102098102333337
0.7109592635333337
0.7118614136333337
0.7129254404000003
0.7141346655666669
0.7154558943000002
0.7168265528000002
0.7181844745000002
0.7195139391666668
0.7220471333666668
0.7232445772333335
0.7254917296666668
0.7264736983000001
0.7290145595333334
0.7297351005666667
0.7319257436666666
0.7323915204666667
0.7342635758
0.7345179623
0.7361320259333334
0.7362493032666667
0.7376627184000001
0.7377010029000001
0.7387646996666667
0.7399539626
0.7412274813666667
0.7442653436000001
0.7471734876666667
0.7482236737
0.7501772623666666
0.7527401305999999
0.7533154282999999
0.7568122121666665
0.7571616723666665
0.7601730114666665
0.7618376455999998
0.7631698397999997
0.7632421809666664
0.7656787221666664
0.7664325042333331
0.7670833108333331
0.7678636548999999
0.7687846779666665
0.7698418406333332
0.7710038702666665
0.7722224249666665
0.7734199236333331
0.7745129434666664
0.7754256028999997
0.7762264264333331
0.7769095906333331
0.7787489595999998
0.7792036955333331
0.7807182922666664
0.7809772403999998
0.7822278502666665
0.7823462808666666
0.7834005296
0.7834439383666666
0.7843519601333333
0.7843622219333333
0.7859337694666666
0.7877157047333333
0.7895210528666666
0.7928507842666667
0.7942385663666667
0.7969572446666666
0.799458625
0.8003681483666667
0.8047305514666667
0.8054465154333333
0.8069355887666667
0.8091229836
0.8104248430000001
0.8109191997666667
0.8130223089333334
0.8142764468333333
0.8157678508666667
0.8174974454
0.8192825159
0.8210582821333333
0.8227371996
0.8240239348333334
0.8250670142666667
0.8258951969333334
0.8265507337
0.8288474819333334
0.8303037895333334
0.8314074121333334
0.8318724315666667
0.8335582930000001
0.8339775452666667
0.8356460366333334
0.8374242855
0.8391612040333334
0.8407705309666668
0.8421918744333334
0.8433817086666667
0.8455990717
0.8463536589
0.8469543238
0.8474961196666667
0.8488121068000001
0.8497682014000001
0.8502020678333334
0.8516536744333334
0.8520435476333335
0.8528472856333335
0.8545525320333335
0.8563151257666668
0.8580745270333334
0.8597611112333334
0.8612923935333334
0.8626196237000001
0.8637121709666667
0.8645770413333335
0.8652591437666668
0.8658038212666668
0.8662571999333334
0.8666800366333334
0.8670760859666667
0.8678279424
0.8681809133666667
0.8699124016333334
0.8715403121333334
0.8725366430666667
0.8742336837
0.8748445423333333
0.8753323597333333
0.8770706467333333
0.8774239239
0.8780916143
0.8789954554333334
0.8798741054
0.8816452343666666
0.8833376500666666
0.8849791840333333
0.8865393183666667
0.8878984650333334
0.8891474549333334
0.8902811316
0.8911829056333334
0.8919787112666667
0.8926745680000001
0.8937127818333335
0.8942544995666668
0.8957401595666667
0.8961715948333334
0.8972858026333335
0.8976444111000002
0.8983103192666668
0.8986186813666668
0.8997309107666668
0.9000959977666668
0.9009808466000001
0.9026774836666668
0.9043209424333335
0.9058044724666668
0.9071918228000002
0.9083414130333336
0.9093739867333336
0.9101793223666669
0.9108837923000002
0.9114950321666668
0.9124254581000002
0.9128957104666668
0.9141181907000002
0.9144896768333336
0.9151610471000002
0.9157616136666669
0.9163411095666668
0.9166002372000002
0.9172688417333335
0.9174892265333334
0.9183362659666667
0.9199042881
0.9212889421
0.9224419570333333
0.9234784888666666
0.9242879305999999
0.9249904064999999
0.9255987342666665
0.9261218334333332
0.9265186512999999
0.9272039637666666
0.9275142895666666
0.9283553046999999
0.9286081261999999
0.9291039677333333
0.9293146361666665
0.9297844581333332
0.9301762235333332
0.9316581537333332
0.9329369705333331
0.9341056451333332
0.9350284396333332
0.9356314239666664
0.9361476028666664
0.9372771327666665
0.9376047392999998
0.9378575995666665
0.9383559134999998
0.9393877470333332
0.9398062718666665
0.9399723757333333
0.9406193509666666
0.9407550721
0.9414503866333334
0.9427417806333334
0.9439138824333334
0.9449721136333334
0.9459009615333335
0.9467151591333335
0.9474203429333334
0.9480247597666668
0.9485362934000001
0.9489685746333334
0.9493320831666667
0.9499527507000001
0.9502183581666668
0.9507268420666668
0.9509281984666668
0.9513503716333335
0.9515088265333335
0.9518576194666668
0.9519839552000001
0.9522665460000002
0.9523668967666669
0.9534287202333336
0.9545469446666669
0.9549730893666669
0.955653122066667
0.955863550666667
0.9560199608333336
0.9568983558666669
0.9573634360333336
0.9578388663333336
0.9579323700333335
0.9584050804666668
0.9586483624000002
0.9591174794333335
0.9599420272000001
0.9606446117000002
0.9612420301666669
0.9617438054000002
0.9621600890000002
0.9625009116000002
0.9627795425000002
0.9630066297000002
0.9634555128000002
0.9636126941000002
0.9639731137000002
0.9640867199000002
0.9643785301000002
0.9644634435333336
0.9646968286333336
0.9647606136333337
0.9649423125000003
0.9649898123666669
0.9653469816666669
0.9658476670000002
0.9661176977000002
0.9663340672000003
0.9667126227000002
0.9668283212000003
0.9669093448333336
0.9671499390000002
0.9673392639666669
0.9673815444333336
0.9675259864333335
0.9676200985333335
0.9678664384666669
0.9686231395333336
0.9692705810333335
0.9694730979666668
0.9698891926000002
0.9700121240333335
0.9700905945666668
0.9705208303333335
0.9705735590666668
0.9707693064333334
0.9709049026666667
0.9711823665666668
0.9712075904000002
0.9714320114333335
0.9715459041666668
0.9717073948666668
0.9719620315333335
0.9724325329333335
0.9725815843666669
0.9726940254333335
0.9729654146333335
0.9732266577000002
0.9732774420333334
0.9735923665666668
0.9736246463000001
0.9737846563000001
0.9738610234000001
0.9739835863333335
0.9739973643666668
0.9741088438333335
0.9741176516333335
0.9742248639333335
0.9743027948333335
0.9745533056333335
0.9750528252000003
0.9750845257333336
0.9751035405666669
0.9754305871333336
0.975639671266667
0.9757401774000003
0.9757474055333336
0.9760507331000002
0.9760550721000002
0.9761289604000002
0.9763625212000002
0.9766748587000003
0.9766927918666669
0.9771234891333336
0.9771334020666669
0.9773328096333336
0.9774888273333335
0.9774920569000002
0.9776016009666668
0.9776931496666668
0.9777177058333334
0.9777496764000001
0.9777702223666668
0.9779281235000001
0.9779374199666668
0.9780599809666668
0.9780646440000001
0.9781581720000001
0.9781606390333334
0.9782301330666667
0.9782314198000001
0.9782802236666668
0.9782808754000001
0.9782905386333334
0.9784124006
0.9785489667333334
0.9785533405333333
0.9787160815666667
0.978718008
0.9787978976666666
0.9788221156333332
0.9788807976999999
0.9788812324999999
0.9789284985333333
0.978928697
0.9789317054333333
0.9792834156666667
0.9792852558333334
0.9794398052666667
0.9794404805000001
0.9795647718333335
0.9795990279666668
0.9796826105
0.9796827308333333
0.9797414473333333
0.9797800604666667
0.9799908083666666
0.9800843938333333
0.9801581475333333
0.9802927862666666
0.9804488142333333
0.9805421743
0.9805872260666667
0.9806659836333333
0.9807124004000001
0.9807125564000001
0.9807832739333334
0.9807833366
0.9808345019333334
0.9808345212333335
0.9808704037000001
0.9808704099333334
0.9808935517
0.9808935536333334
0.9809478521666668
0.9810988891000001
0.9811690162000001
0.9812479586666667
0.9812791341333333
0.9813355689
0.9813588284
0.9813588300666667
0.9813966737666667
0.9813966742000001
0.9814222596000001
0.9814222597000001
0.9814379286666668
0.9814379287000001
0.9814703356000001
0.9815376710333334
0.9815827031333334
0.9816026679000001
0.9816338534666668
0.9816520304333334
0.9816770790333333
0.981698162
0.981698162
0.9817329233666667
0.9817465511333334
0.9817615483000001
0.9817740046666668
0.9817932052666668
0.9818016980000002
0.9818016980000002
0.9818084933666669
0.9818084933666669
0.9818141669333336
0.9818274315333335
0.9818274315333335
0.9820761441333336
0.9827212178000002
0.9829446176333335
0.9832584893666668
0.9833952830666668
0.9835923344666668
0.9837334989333335
0.9837833521333335
0.9838152956333335
0.9838833844666668
0.9839279955333334
0.9839753496666668
0.9839889141333334
0.9840495413333334
0.9840581596666668
0.9840920946000001
0.9840984160000001
0.9841200522666668
0.9841233034666668
0.9841368213666668
0.9841387554000002
0.9845226596666669
0.9848382639666668
0.9850694609333335
0.9852154521666668
0.9852945896666668
0.9853295752333335
0.9853410526666668
0.9853465735000002
0.9854071389333335
0.9854346384333336
0.9854349587333335
0.9854362523666669
0.9854362714000002
0.9854844604333336
0.9854844610000003
0.985501844666667
0.985501844666667
0.9855121026000003
0.9855145178333337
0.985520249666667
0.985520249666667
0.9855229907666669
0.9855271249000003
0.9856987815000002
0.9859189342000002
0.9860897928666669
0.9861886618333335
0.9862630283666669
0.9863049362000003
0.9864130846333335
0.9864327666666669
0.9864482669666669
0.9864604580000003
0.9864944355666669
0.9865018687000002
0.9865350753666668
0.9865394955333335
0.9865511912333336
0.9865632731666669
0.9865698414333336
0.9865712854333336
0.9865745457333336
0.9865757162000003
0.9869566547666669
0.987308664366667
0.9876281130000003
0.987909409066667
0.9881496029333336
0.988348660066667
0.9885062133000003
0.988626808866667
0.988715906966667
0.9887778293333337
0.9888196582666671
0.9888451298000004
0.9888598802333337
0.9888674285666671
0.9888708209333338
0.9888722815333337
0.9888727846666671
0.9888729374333337
0.9888729747333337
0.9888729818666671
0.9888931928333338
0.9888931930000004
0.9889057142333337
0.9889057142333337
0.9889126245000004
0.9889126245000004
0.9889163857666671
0.9889163857666671
0.9889180628000004
0.9889180628000004
0.9890274419333337
0.989155040166667
0.9892242615000003
0.9893156314000003
0.9893560318333336
0.9893674332000003
0.989376260966667
0.989391310066667
0.989395071466667
0.9894106470000004
0.989412722866667
0.9894239055000004
0.9894252894666671
0.9894291320333337
0.9894297098333337
0.9894314453333337
0.9894338919666671
0.9897216151666671
0.9899712887333338
0.9901418773000005
0.9904357664666671
0.990483826966667
0.990502150966667
0.990507030466667
0.9905499198333336
0.9905739250000003
0.9905739957000003
0.9905923742333336
0.9905928012666669
0.9905928013333336
0.9906101848000003
0.9906101848000003
0.9906214740333337
0.9906231846333337
0.9906284886000003
0.9906284886000003
0.9906338845333337
0.990633884866667
0.9907269088000004
0.990773829066667
0.9908065982333336
0.9908226586000003
0.9908289223000003
0.990833544666667
0.9908495462333337
0.9908513393333337
0.990852255366667
0.9908568304000003
0.9908674763666669
0.9908697458333336
0.990869962166667
0.990872672666667
0.9908727727000003
0.991165287466667
0.9913860302333336
0.991531564166667
0.9916124929000003
0.9916494821000003
0.9916625030000003
0.9916656030333336
0.9916950545333336
0.9916950863000003
0.9916950924000002
0.9916950933000002
0.9917132745666668
0.9917132746000001
0.9917197044000001
0.9917197044000001
0.9917228904333335
0.9917233787333335
0.9917249377666668
0.9917249377666668
0.9917255350333335
0.9917266155333335
0.9917589606333335
0.9918728307000001
0.9919022480000002
0.9919215843666668
0.9919692583333335
0.9919776295000001
0.9919833569333335
0.9920014913666668
0.9920042623000002
0.9920061997000001
0.9920114119333335
0.9920220529666669
0.9920226860333335
0.9920292852000002
0.9920295712666669
0.9920323436666669
0.9920325369666669
0.9920338555000002
0.9920339073333335
0.9920343988666669
0.9920344196666668
0.9923330898333335
0.9925983239000001
0.9928291019000002
0.9930235509666668
0.9931816224000002
0.9933052342666668
0.9933970726000002
0.9934628051333335
0.9935079960000002
0.9935362175333335
0.9935533306333335
0.9935624676666669
0.9935669770666669
0.9935689126333336
0.9935696105000003
0.9935698510333336
0.993569912766667
0.9935699266333337
0.9935699290000003
0.9935699293000003
0.993578255166667
0.993578255166667
0.9935827781333336
0.9935827781333336
0.9935848759333337
0.9935848759333337
0.9935858547000004
0.9935858547000004
0.9935862005333337
0.9935862005333337
0.9936523364000004
0.9936676481000004
0.9936734655333338
0.9936769556666671
0.9936796838333338
0.9936825365333338
0.9936837164000005
0.9936848660000005
0.9936860741333339
0.9939596209666672
0.9941993377333339
0.9944049427666672
0.9945756350333339
0.9947120735333339
0.9948166067333339
0.9948925815333339
0.9949456570333339
0.9949812097666673
0.9950025494666672
0.9950149837000005
0.9950213141000005
0.9950242610333339
0.9950254487000005
0.9950258445000005
0.9950259705333339
0.9950259996333338
0.9950260055000005
0.9950260063666672
0.9950260064333338
0.9950320761000006
0.9950320761000006
0.9950352181666672
0.9950352181666672
0.9950365862333338
0.9950365862333338
0.9950371904333338
0.9950371904333338
0.9950373867333339
0.9950373867333339
0.9950426305000005
0.9950485624000005
0.9950735645666672
0.9950754426333338
0.9950765669666671
0.9950848285333338
0.9950852568000005
0.9950855240666672
0.9950873600333339
0.9950926232000006
0.9950926844000005
0.9950955883666672
0.9950956099000006
0.9950967209666672
0.9950967440000006
0.9950972198666672
0.9950972221666672
0.9950973706333338
0.9950973713000004
0.9954021005666671
0.9955199619333338
0.9955867084000005
0.9956245251000005
0.9956544042333338
0.9956627090000005
0.9956686002000006
0.9956714631000005
0.9956730739666673
0.9956752314000006
0.9956761939666673
0.995677204833334
0.9956776726000006
0.9956781526000006
0.9956783939666672
0.9956799067000006
0.995680658733334
0.9956807880000007
0.9956808625666673
0.9956845902000007
0.9956846036666673
0.9956846076666673
0.995685310033334
0.9956855945666674
0.9956855948666674
0.9956856759000008
0.9956856811666674
0.9958159213333341
0.9958896955666674
0.9959409063000008
0.9959527722666675
0.9959556953000008
0.9959608610333341
0.9959656301666675
0.9959656311333341
0.9959668774333341
0.9959668774666675
0.9959714270000007
0.9959714270000007
0.995973173433334
0.995973173433334
0.9959748089000007
0.9959749262000007
0.9959751912666673
0.9959751912666673
0.995975536733334
0.995975536733334
0.9959888920000007
0.9959931995000008
0.9959962174666674
0.9959974464333341
0.9959980712666674
0.9959987378000007
0.9959990794666673
0.995999460133334
0.9959996060666673
0.9959997491666672
0.9959999238000006
0.9962064100333339
0.9963802869000006
0.9965229642333339
0.9966361917333338
0.9967220122333338
0.9967835734333338
0.9968252863333338
0.9968522028000004
0.9968687668333338
0.9968774894333338
0.9968819480666671
0.996883895866667
0.9968846460000004
0.9968848932333337
0.9968849573333337
0.996884973166667
0.996884975766667
0.9968849761333337
0.9968849762000004
0.9968849762000004
0.996887181566667
0.996887181566667
0.9968881574000004
0.9968881574000004
0.996888503766667
0.996888503766667
0.996888632266667
0.996888632266667
0.9968886641000003
0.9968886641000003
0.996888710566667
0.9968975335333337
0.996897539866667
0.996897542866667
0.9968979683000003
0.9968998197000003
0.9968998200000003
0.996900959766667
0.9969009598000004
0.996901231666667
0.9969015959666669
0.9969016938000003
0.9969016938000003
0.996901716966667
0.9969017180000003
0.9969998515666669
0.9971137004666669
0.9971738349333336
0.9972036449000002
0.9972186004333335
0.9972264400333335
0.9972365221333335
0.9972387085000002
0.9972398098000002
0.9972403439666668
0.9972405934333335
0.9972407170333335
0.9972407912333335
0.9972408398333336
0.9972408881333336
0.9972409545000003
0.9972409556666669
0.9972435435333336
0.9972451500666669
0.9972451501000003
0.9972451501000003
0.9972456515333336
0.9972458495666668
0.9972460657333335
0.9972460657333335
0.9972462040666669
0.9972462040666669
0.9974151518666668
0.9975536723666668
0.9976638809000001
0.9977486716000001
0.9978105163000002
0.9978527881666669
0.9978800053000002
0.9978965666000003
0.9979061428000002
0.9979107201333336
0.9979128452000002
0.9979136768666669
0.9979139559000002
0.9979140356000002
0.9979140528666669
0.9979140564333335
0.9979140568666669
0.9979140569333336
0.9979140569333336
0.9979140569333336
0.9979151202333336
0.9979151202333336
0.9979155399666669
0.9979155399666669
0.9979156684333336
0.9979156684333336
0.9979157105333336
0.9979157105333336
0.9979157191333337
0.9979157191333337
0.997916607166667
0.9979172607333336
0.9979174306000003
0.9979175000666669
0.9979176729666669
0.9979176831333335
0.9979176899333335
0.9979177128000002
0.9980699894666668
0.9981931744666668
0.9982896279333334
0.9983626642000001
0.9984148629
0.9984496397
0.9984714347
0.9984842909
0.9984914848
0.9984947518666667
0.9984961937
0.9984967266
0.9984968929333333
0.998496937
0.9984969456999999
0.9984969473333333
0.9984969475333333
0.9984969475333333
0.9984969475333333
0.9984969475333333
0.9984976737666666
0.9984976737666666
0.9984979438
0.9984979438
0.9984980202666667
0.9984980202666667
0.9984980438
0.9984980438
0.9984980481333333
0.9984980481333333
0.9984980481666667
0.9984980481666667
0.9984981422
0.9984987399
0.9984987399
0.9984989619666668
0.9984989619666668
0.9984990206666667
0.9984990208000001
0.9984990382666667
0.9984990382666667
0.9984990413333334
0.9984990413333334
0.9985275100000002
0.9985374865000002
0.9985415145666668
0.9985427471000001
0.9985458500666669
0.9985461507333335
0.9985463492333335
0.9985470408333336
0.9985470842333336
0.998547099466667
0.998547255466667
0.9985472619000003
0.9985472777000003
0.9985472793000003
0.9985473006000003
0.9985473086000003
0.9985473086000003
0.9985473638333336
0.998547765566667
0.998547765566667
0.9985479422333337
0.9985479422333337
0.9985479764000004
0.9985480286333337
0.998548038166667
0.998548038166667
0.998548039666667
0.9985480397000004
0.9986213038333337
0.9986749862000004
0.998714240766667
0.9987158561000004
0.9987160665000003
0.9987195250333336
0.9987214149000003
0.9987214149000003
0.9987218053000003
0.9987221817666669
0.9987221817666669
0.9987221817666669
0.9987222083000002
0.9987222362333336
0.9987222528333336
0.9987222528333336
0.998722263866667
0.998722263866667
0.9987222958333336
0.9987223061000002
0.9987223982000002
0.9987224013000002
0.9987224297666669
0.9987224311333336
0.9987224367000003
0.9987224369333336
0.9987224377333336
0.9987224406666669
0.9988324765333336
0.9989179032333336
0.998981486966667
0.9990272888000004
0.9990579249333337
0.9990767105333337
0.9990875011333337
0.999093261366667
0.999096164366667
0.999097283266667
0.9990977034333337
0.9990978331000003
0.999097865266667
0.9990978720000003
0.9990978730000003
0.999097873166667
0.9990978732000003
0.9990978732000003
0.9990978732000003
0.9990978732000003
0.9990980897333337
0.9990980897333337
0.999098156366667
0.999098156366667
0.9990981711333337
0.9990981711333337
0.999098174866667
0.999098174866667
0.999098175366667
0.999098175366667
0.999098368966667
0.9990984829333337
0.9990985295333337
0.9990985699000003
0.9990985838000004
0.9990985906333337
0.9990985951000004
0.9990985975666671
0.9991029411333338
0.9991054893333338
0.9991062507000005
0.9991064986333338
0.9991066417333337
0.9991066879000005
0.9991067135333338
0.9991067275333338
0.9991067350333338
0.9991067370666671
0.9991067788333338
0.9991067793666671
0.9991067879000005
0.9991067880333339
0.9991067900333339
0.9991067900666672
0.9991067903333339
0.9991067913666672
0.9991067913666672
0.9991068234333339
0.9991068234333339
0.9991068296000005
0.9991068296000005
0.9991068310000005
0.9991068310000005
0.9991068311666672
0.9991068311666672
0.9991945157666672
0.9992606758000006
0.9993081547333339
0.9993411636333339
0.999362188933334
0.9993743238000006
0.9993808670000006
0.9993841180666673
0.9993856387666673
0.9993861597666673
0.9993863340666673
0.9993863814666674
0.9993863914333341
0.9993863932000008
0.9993863934000008
0.9993863934333341
0.9993863934333341
0.9993863934333341
0.9993863934333341
0.9993863934333341
0.9993864849000008
0.9993864849000008
0.9993865094666675
0.9993865094666675
0.9993865140333342
0.9993865140333342
0.9993865150333342
0.9993865150333342
0.9993865151333342
0.9993865151333342
0.9993865265000009
0.9993865363666676
0.9993865395333343
0.9993865407666677
0.999386541500001
0.9993865418666676
0.9994144194333343
0.9994240925666676
0.9994244427666676
0.9994244708333343
0.9994244717333343
0.9994244718333343
0.9994245565666676
0.9994245565666676
0.9994245565666676
0.9994245565666676
0.9994246192666676
0.9994246192666676
0.9994246339000009
0.9994246339000009
0.9994246441666675
0.9994246443000009
0.9994246448000009
0.9994246448000009
0.9994246457000009
0.9994246457000009
0.9994246457000009
0.9994246475000009
0.9994246475000009
0.9994246478666676
0.9994246478666676
0.999424647900001
0.999424647900001
0.9994248810000009
0.9994249621666677
0.9994249790666676
0.9994249871666676
0.9994252929000009
0.9994253039333343
0.9994253047333342
0.9994253051000009
0.9994253052666676
0.9994253474666677
0.999425347500001
0.9994253561333344
0.9994253561666677
0.999425357500001
0.999425357500001
0.9994253577333344
0.9994253577333344
0.9994253577333344
0.9994253578666678
0.9994253588333344
0.999425361400001
0.9994253618666677
0.9994253620000011
0.9994253620666678
0.9994253621000011
0.9994867928333344
0.9995310912666677
0.9995610451000011
0.9995807158333344
0.999592272600001
0.9995983165000011
0.9996012585333344
0.9996025618333344
0.999603103400001
0.9996032570000011
0.9996032997666677
0.9996033092666677
0.9996033108000011
0.9996033110000011
0.9996033110333344
0.9996033110333344
0.9996033110333344
0.9996033110333344
0.9996033110333344
0.9996033110333344
0.9996033342000011
0.9996033342000011
0.9996033392000011
0.9996033392000011
0.999603339900001
0.999603339900001
0.9996033400333344
0.9996033400333344
0.9996033400333344
0.9996033400333344
0.9996033400666677
0.9996033407000011
0.9996033407000011
0.9996033408333345
0.9996033408666678
0.9996197728666678
0.9996219971000011
0.9996220973000011
0.9996221027000011
0.9996222119333344
0.9996222340000012
0.9996222340000012
0.9996222353666678
0.9996222520666679
0.9996222667666679
0.9996222667666679
0.9996222667666679
0.9996222671666679
0.9996222676000013
0.9996222676333346
0.9996222676333346
0.9996222677000013
0.9996222677000013
0.9996222677333346
0.9996222677333346
0.9996222677333346
0.9996222677333346
0.999622270766668
0.9996222713000014
0.9996222715000014
0.9996223671000014
0.9996223688000014
0.9996223688000014
0.9996223688000014
0.9996223688000014
0.9996223784333348
0.9996223784333348
0.9996223800666681
0.9996223800666681
0.9996223802333348
0.9996223802333348
0.9996223802666682
0.9996223802666682
0.9996223802666682
0.9996223803000015
0.9996223803000015
0.9996223803000015
0.9996223803000015
0.9996337160000015
0.9996365756000015
0.9996366170000015
0.9996366187000015
0.9996366187333349
0.9996366261000016
0.9996366261000016
0.9996366261000016
0.9996366261000016
0.9996366316000016
0.9996366316000016
0.9996366325333349
0.9996366325333349
0.9996366330666683
0.9996366330666683
0.9996366330666683
0.9996366330666683
0.9996366330666683
0.9996366330666683
0.9996366330666683
0.9996366330666683
0.9996737667000016
0.999698818433335
0.999714313933335
0.999723674033335
0.9997285441000017
0.9997307466666684
0.9997316701666684
0.9997320169333351
0.9997321386000018
0.999732164833335
0.9997321704000017
0.999732171333335
0.999732171433335
0.999732171433335
0.999732171433335
0.999732171433335
0.999732171433335
0.999732171433335
0.999732171433335
0.999732171433335
0.9997321746333351
0.9997321746333351
0.9997321751333351
0.9997321751333351
0.9997321752000018
0.9997321752000018
0.9997321752000018
0.9997321752000018
0.9997321752000018
0.9997321752000018
0.9997321752000018
0.9997321784000018
0.9997322081666685
0.9997322081666685
0.9997322103000018
0.9997322103000018
0.9997322103000018
0.9997322106666685
0.9997322106666685
0.9997322107000018
0.9997322107000018
0.9997322107000018
0.9997322107000018
0.9997322107000018
0.9997322107000018
0.9997384388666685
0.9997393892333352
0.9997397220000018
0.9997397571333352
0.9997397674666685
0.9997397703666685
0.9997397718333352
0.9997397726000018
0.9997397732000018
0.9997397734000019
0.9997397735333352
0.9997397735333352
0.9997397735333352
0.9997397735333352
0.9997397735333352
0.9997397735333352
0.9997682721000019
0.9997868101666685
0.9997977296000018
0.9998040352333352
0.9998071053666685
0.9998083893666685
0.9998088864333352
0.9998090574333353
0.9998091123333352
0.9998091225666685
0.9998091244666686
0.9998091247333353
0.9998091247333353
0.9998091247333353
0.9998091247333353
0.9998091247333353
0.9998091247333353
0.9998091247333353
0.9998091247333353
0.9998091247333353
0.9998091258333353
0.9998091258333353
0.9998091259666686
0.9998091259666686
0.9998091259666686
0.9998091259666686
0.9998091259666686
0.9998091259666686
0.9998091259666686
0.9998091259666686
0.9998091259666686
0.9998091273333353
0.9998091273333353
0.9998091273333353
0.9998091273333353
0.9998091273333353
0.9998091274333353
0.9998091274333353
0.9998091274333353
0.9998091274333353
0.9998091274333353
0.9998091274333353
0.9998091274333353
0.9998091274333353
0.9998340090666686
0.999849888700002
0.9998590065666687
0.9998641506666687
0.9998665702333354
0.9998675420333354
0.9998679031000021
0.9998680218333355
0.9998680582333355
0.9998680645000021
0.9998680655666687
0.9998680657000021
0.9998680657000021
0.9998680657000021
0.9998680657000021
0.9998680657000021
0.9998680657000021
0.9998680657000021
0.9998680657000021
0.9998680657000021
0.9998680663666688
0.9998680663666688
0.9998680664666688
0.9998680664666688
0.9998680664666688
0.9998680664666688
0.9998680664666688
0.9998680664666688
0.9998680664666688
0.9998680664666688
0.9998683734000021
0.9998684167333355
0.9998684252666689
0.9998684290666688
0.9998684297666688
0.9998684298333355
0.9998684298666688
0.9998684299000021
0.9998684304000022
0.9998684304000022
0.9998684304000022
0.9998684304000022
0.9998684304000022
0.9998684304000022
0.9998684304000022
0.9998684304000022
0.9998684304000022
0.9998684322666689
0.9998684323666689
0.9998684324000022
0.9998684324333356
0.9998684324333356
0.9998684324333356
0.9998684324333356
0.9998684324333356
0.9998684324333356
0.9998690652666689
0.9998692860333355
0.9998693538000021
0.9998693731666688
0.9998693761666688
0.9998695715333354
0.9998695716000021
0.9998695716000021
0.9998695843666687
0.9998695843666687
0.9998695843666687
0.9998695847666688
0.9998695847666688
0.9998695847666688
0.9998695847666688
0.9998695850666688
0.9998695850666688
0.9998695851000021
0.9998695851000021
0.9998695851000021
0.9998695851000021
0.9998695851000021
0.9998695851000021
0.9998695851000021
0.9998695851000021
0.9998884193666688
0.9998999700666689
0.9999062588666688
0.9999096403666689
0.9999111208333356
0.9999116677666688
0.9999118544666689
0.9999119104666688
0.9999119261333355
0.9999119284333354
0.9999119287666688
0.9999119288000021
0.9999119288000021
0.9999119288000021
0.9999119288000021
0.9999119288000021
0.9999119288000021
0.9999119288000021
0.9999119288000021
0.9999119288000021
0.9999119290000021
0.9999119290000021
0.9999119290000021
0.9999119290000021
0.9999119290000021
0.9999119290000021
0.9999119290000021
0.9999119290000021
0.9999119290000021
0.9999119290000021
0.9999119290333355
0.9999119290666688
0.9999119290666688
0.9999119290666688
0.9999119290666688
0.9999119290666688
0.9999119290666688
0.9999119290666688
0.9999119290666688
0.9999119290666688
0.9999119290666688
0.9999282568000022
0.9999380643666689
0.9999432586000022
0.9999459832000022
0.9999471326000021
0.9999475393333355
0.9999476722666688
0.9999477103000022
0.9999477204333355
0.9999477218333355
0.9999477220000021
0.9999477220333355
0.9999477220333355
0.9999477220333355
0.9999477220333355
0.9999477220333355
0.9999477220333355
0.9999477220333355
0.9999477220333355
0.9999477220333355
0.9999477221333355
0.9999477221333355
0.9999477221333355
0.9999477221333355
0.9999477221333355
0.9999477221333355
0.9999477221333355
0.9999477221333355
0.9999477221333355
0.9999477221333355
0.9999490550333355
0.9999491433000022
0.9999491658666688
0.9999491711666688
0.9999491724000021
0.9999491726333355
0.9999491726666688
0.9999491726666688
0.9999491726666688
0.9999491726666688
0.9999491726666688
0.9999491726666688
0.9999491726666688
0.9999491726666688
0.9999491726666688
0.9999491726666688
0.9999491726666688
0.9999491726666688
0.9999491727333355
0.9999491727333355
0.9999491727333355
0.9999491727333355
0.9999491727333355
0.9999491727333355
0.9999491727333355
0.9999491727333355
0.9999491727333355
0.9999491727333355
0.9999491754333355
0.9999491757666689
0.9999491758666689
0.9999491759000022
0.9999491759000022
0.9999491759000022
0.9999491759000022
0.9999491759000022
0.9999491759000022
0.9999491759000022
0.9999491759000022
0.9999491759000022
0.9999491759000022
0.9999491759000022
0.9999613566000022
0.9999683633666688
0.9999718675333356
0.9999736143666689
0.9999742968333355
0.9999745178000021
0.9999745839000022
0.9999746010333355
0.9999746051666688
0.9999746056333355
0.9999746057000022
0.9999746057000022
0.9999746057000022
0.9999746057000022
0.9999746057000022
0.9999746057000022
0.9999746057000022
0.9999746057000022
0.9999746057000022
0.9999746057000022
0.9999746057000022
0.9999746057000022
0.9999746057000022
0.9999746057000022
0.9999746057000022
0.9999746057000022
0.9999746057000022
0.9999746057000022
0.9999746057000022
0.9999746057000022
0.9999746057000022
0.9999746057000022
0.9999746057000022
0.9999746057000022
0.9999746057000022
0.9999746057000022
0.9999746057000022
0.9999746057000022
0.9999746057000022
0.9999746057000022
0.9999746057000022
0.9999759956333355
0.9999765732666689
0.9999766008000022
0.9999766067666689
0.9999766079333355
0.9999766081666689
0.9999766082000022
0.9999766082000022
0.9999766082000022
0.9999766082000022
0.9999766082000022
0.9999766082000022
0.9999766082000022
0.9999766082000022
0.9999766082000022
0.9999766084000022
0.9999766084000022
0.9999766084000022
0.9999766084000022
0.9999766093666689
0.9999766093666689
0.9999766093666689
0.9999766093666689
0.9999766093666689
0.9999766093666689
0.9999766093666689
0.9999766093666689
0.9999766093666689
0.9999766093666689
0.9999766093666689
0.9999766093666689
0.9999766093666689
0.9999766093666689
0.9999766093666689
0.9999766093666689
0.9999766093666689
0.9999766093666689
0.9999766093666689
0.9999766093666689
0.9999766093666689
0.9999766093666689
0.9999766093666689
0.9999766093666689
0.9999767091000022
0.9999767356666689
0.9999767417333355
0.9999767430000022
0.9999767431000022
0.9999767691333356
0.9999767691333356
0.9999767691333356
0.9999767699666688
0.9999767699666688
0.9999767699666688
0.9999767700000022
0.9999767700000022
0.9999767700000022
0.9999767700000022
0.9999767700000022
0.9999767700000022
0.9999767700000022
0.9999767700000022
0.9999767700000022
0.9999767700000022
0.9999767700000022
0.9999767700000022
0.9999767700000022
0.9999767700000022
0.9999776389333355
0.9999777649000021
0.9999777650000021
0.9999777650000021
0.9999777664333355
0.9999777664333355
0.9999777664333355
0.9999777664333355
0.9999777664333355
0.9999777664333355
0.9999777664333355
0.9999777664333355
0.9999777664333355
0.9999777664333355
0.9999777664333355
0.9999777664333355
0.9999777664333355
0.9999777664333355
0.9999777664333355
0.9999777664333355
0.9999777664333355
0.9999777664333355
0.9999777664333355
0.9999777664333355
0.9999792909666688
0.9999799737000021
0.9999800345333355
0.9999801626333356
0.9999801627000022
0.9999801627000022
0.9999801627000022
0.9999801628666689
0.9999801628666689
0.9999801628666689
0.9999801629000022
0.9999801629000022
0.9999801629000022
0.9999801629000022
0.9999801629000022
0.9999801629000022
0.9999801629000022
0.9999801629000022
0.9999801629000022
0.9999801629000022
0.9999801629000022
0.9999802143333356
0.999980226766669
0.9999802293333356
0.9999802298333357
0.999980229866669
0.9999802425666691
0.9999802425666691
0.9999802425666691
0.9999802428666691
0.9999802428666691
0.9999802428666691
0.9999802428666691
0.9999802428666691
0.9999802428666691
0.9999802428666691
0.9999802428666691
0.9999802428666691
0.9999802428666691
0.9999802428666691
0.9999802428666691
0.9999802428666691
0.9999802428666691
0.9999802428666691
0.9999802428666691
0.9999802428666691
0.9999802428666691
0.9999802428666691
0.9999802428666691
0.9999802428666691
0.9999802428666691
0.9999802428666691
0.9999802428666691
0.9999802428666691
0.9999802428666691
0.9999802428666691
0.9999802428666691
0.9999802428666691
0.9999802430333358
0.9999802430333358
0.9999802430333358
0.9999802430333358
0.9999802430333358
0.9999802430333358
0.9999802430333358
0.9999802430333358
0.9999802430333358
0.9999802430333358
0.9999802430333358
0.9999802430333358
0.9999802430333358
0.9999802430333358
0.9999802738666691
0.9999802935666691
0.9999802943333357
0.999980294566669
0.999980294666669
0.999980294666669
0.999980294666669
0.999980294666669
0.999980294666669
0.999980294666669
0.999980294666669
0.999980294666669
0.999980294666669
0.999980294666669
0.999980294666669
0.999980294666669
0.999980294666669
0.999980294666669
0.999980294666669
0.999980294666669
0.999980294666669
0.999980294666669
0.999980294666669
0.999980294666669
0.999980294666669
0.999980294666669
0.999980294666669
0.999980294666669
0.9999843227333357
0.9999862802000024
0.9999870650000023
0.9999873879000023
0.9999874819333356
0.999987503666669
0.9999875083333357
0.999987509166669
0.9999875093000024
0.9999875093000024
0.9999875093000024
0.9999875093000024
0.9999875093000024
0.9999875093000024
0.9999875093000024
0.9999875093000024
0.9999875093000024
0.9999875093000024
0.9999875093000024
0.9999875093000024
0.9999875093000024
0.9999875093000024
0.9999875093000024
0.9999875093000024
0.9999875093000024
0.9999875093000024
0.9999875093000024
0.9999875093000024
0.9999875093000024
0.9999875093000024
0.9999875093000024
0.9999875093000024
0.9999875093000024
0.9999875093000024
0.9999875093000024
0.9999875093000024
0.9999875093000024
0.9999875093000024
0.9999875093000024
0.9999875093000024
0.9999875093000024
0.9999875093000024
0.9999875093000024
0.9999875093000024
0.9999875093000024
0.9999875093000024
0.9999875093000024
0.9999875093000024
0.9999875093000024
0.999987577266669
0.999987577366669
0.999987577366669
0.9999875774333357
0.9999875774333357
0.9999875774333357
0.9999875774333357
0.9999875774333357
0.9999875774333357
0.9999875774333357
0.9999875774333357
0.9999875774333357
0.9999875774333357
0.9999875774333357
0.9999875774333357
0.9999875774333357
0.9999875774333357
0.9999875774333357
0.9999904441000024
0.9999917655000023
0.9999922601000023
0.9999924520333356
0.999992503066669
0.9999925137000023
0.9999925157666689
0.9999925161000023
0.9999925161333356
0.9999925161333356
0.9999925161333356
0.9999925161333356
0.9999925161333356
0.9999925161333356
0.9999925161333356
0.9999925161333356
0.9999925161333356
0.9999925161333356
0.9999925161333356
0.9999925161333356
0.9999925161333356
0.9999925161333356
0.9999925161333356
0.9999925161333356
0.9999925161333356
0.9999925161333356
0.9999925161333356
0.9999925161333356
0.9999925161333356
0.9999925161333356
0.9999925161333356
0.9999925161333356
0.9999925161333356
0.9999925161333356
0.9999925161333356
0.9999926632000022
0.9999926762666689
0.9999926762666689
0.9999926762666689
0.9999926763333356
0.9999926763333356
0.9999926763333356
0.9999926763333356
0.9999926763333356
0.9999926763333356
0.9999926763333356
0.9999926763333356
0.9999926763333356
0.9999926763333356
0.9999926763333356
0.9999926763333356
0.9999926763333356
0.9999926824666688
0.9999926835333355
0.9999926837000022
0.9999926837333355
0.9999926837333355
0.9999926850000022
0.9999926850000022
0.9999926850000022
0.9999926850000022
0.9999926850000022
0.9999926850000022
0.9999926850000022
0.9999926850000022
0.9999926850000022
0.9999926850000022
0.9999926850000022
0.9999926850000022
0.9999926850000022
0.9999926850000022
0.9999926850000022
0.9999926850000022
0.9999926850000022
0.9999926850000022
0.9999926850000022
0.9999926850000022
0.9999926850000022
0.9999926850000022
0.9999926850000022
0.9999926850000022
0.9999926850000022
0.9999926850000022
0.9999926850000022
0.9999926850000022
0.9999926850000022
0.9999926850000022
0.9999926850000022
0.9999926850000022
0.9999926850000022
0.9999926850000022
0.9999926850000022
0.9999926850000022
0.9999926850000022
0.9999926850000022
0.9999943712000021
0.9999950867000021
0.9999953272000022
0.9999954124333355
0.9999954321000021
0.999995435600002
0.9999954361666687
0.9999954362333354
0.9999954362333354
0.9999954362333354
0.9999954362333354
0.9999954362333354
0.9999954362333354
0.9999954362333354
0.9999954362333354
0.9999954362333354
0.9999954362333354
0.9999954362333354
0.9999954362333354
0.9999954362333354
0.9999954362333354
0.9999954362333354
0.9999954362333354
0.9999954362333354
0.9999954362333354
0.9999954362333354
0.9999954362333354
0.9999954362333354
0.9999954362333354
0.9999954362333354
0.9999954362333354
0.9999954362333354
0.9999954362333354
0.9999954362333354
0.9999968413333354
0.9999974207666688
0.9999976084666687
0.9999976729666687
0.9999976871333354
0.9999976895333353
0.999997689900002
0.9999976899333354
0.9999976899333354
0.9999976899333354
0.9999976899333354
0.9999976899333354
0.9999976899333354
0.9999976899333354
0.9999976899333354
0.9999976899333354
0.9999976899333354
0.9999976899333354
0.9999976899333354
0.9999976899333354
0.9999976899333354
0.9999976899333354
0.9999976899333354
0.9999976899333354
0.9999976899333354
0.9999976899333354
0.9999976899333354
0.9999976899333354
0.9999976899333354
0.9999976899333354
0.9999976899333354
0.9999976899333354
0.9999976899333354
0.9999976899333354
0.9999976899333354
0.9999976899333354
0.9999976899333354
0.9999976899333354
0.9999976899333354
0.9999976899333354
0.9999976899333354
0.9999976899333354
0.9999976899333354
0.9999976912666687
0.9999976914666687
0.9999976915000021
0.9999976915000021
0.9999976915000021
0.9999976917333354
0.9999976917333354
0.9999976917333354
0.9999976917333354
0.9999976917333354
0.9999976917333354
0.9999976917333354
0.9999976917333354
0.9999976917333354
0.9999976917333354
0.9999976917333354
0.9999976917333354
0.9999976917333354
0.9999976917333354
0.9999976917333354
0.9999976917333354
0.9999976917333354
0.9999976917333354
0.9999976917333354
0.9999976917333354
0.9999977282000021
0.9999977292666687
0.9999977323333354
0.9999977323333354
0.9999977323333354
0.9999977323333354
0.9999977323333354
0.9999977323333354
0.9999977323333354
0.9999977323333354
0.9999977323333354
0.9999977323333354
0.9999977323333354
0.9999977323333354
0.9999977323333354
0.9999977323333354
0.9999977323333354
0.9999977323333354
0.9999977323333354
0.9999977323333354
0.9999977323333354
0.9999977323333354
0.9999977323333354
0.9999977323333354
0.9999977323333354
0.9999977323333354
0.9999977323333354
0.9999977323333354
0.9999977323333354
0.9999977323333354
0.9999977323333354
0.9999977323333354
0.9999977323333354
0.9999977323333354
0.9999977323333354
0.9999977323333354
0.9999977323333354
0.9999977323333354
0.9999977323333354
0.9999977323333354
0.9999977329333355
0.9999977330333355
0.9999977330333355
0.9999977330333355
0.9999977330333355
0.9999977331333355
0.9999977331333355
0.9999977331333355
0.9999977331333355
0.9999977331333355
0.9999977331333355
0.9999977331333355
0.9999977331333355
0.9999977331333355
0.9999977331333355
0.9999977331333355
0.9999977331333355
0.9999977331333355
0.9999977331333355
0.9999977331333355
0.9999977331333355
0.9999977331333355
0.9999977331333355
0.9999977331333355
0.9999977331333355
0.9999977331333355
0.9999977331333355
0.9999977331333355
0.9999977331333355
0.9999977331333355
0.9999977331333355
0.9999977331333355
0.9999977331333355
0.9999977331333355
0.9999977331333355
0.9999977331333355
0.9999977331333355
0.9999977331333355
0.9999977331333355
0.9999982748000021
0.9999984671666688
0.9999985185000022
0.9999985335333356
0.9999985361000022
0.9999985364333356
0.9999985364666689
0.9999985364666689
0.9999985364666689
0.9999985364666689
0.9999985364666689
0.9999985364666689
0.9999985364666689
0.9999985364666689
0.9999985364666689
0.9999985364666689
0.9999985364666689
0.9999985364666689
0.9999985364666689
0.9999985364666689
0.9999985364666689
0.9999985364666689
0.9999985364666689
0.9999985364666689
0.9999985364666689
0.9999985364666689
0.9999985364666689
0.9999985364666689
0.9999985364666689
0.9999985364666689
0.9999985364666689
0.9999985364666689
0.9999985364666689
0.9999985364666689
0.9999985364666689
0.9999985364666689
0.9999985364666689
0.9999985364666689
0.9999985364666689
0.9999985364666689
0.9999985364666689
0.9999985364666689
0.9999989804333356
0.9999991332666689
0.9999991724333356
0.9999991835333356
0.9999991853000023
0.9999991855333357
0.9999991855333357
0.9999991855333357
0.9999991855333357
0.9999991855333357
0.9999991855333357
0.9999991855333357
0.9999991855333357
0.9999991855333357
0.9999991855333357
0.9999991855333357
0.9999991855333357
0.9999991855333357
0.9999991855333357
0.9999991855333357
0.9999991855333357
0.9999991855333357
0.9999991855333357
0.9999991855333357
0.9999991855333357
0.9999991855333357
0.9999991855333357
0.9999991855333357
0.9999991855333357
0.9999991855333357
0.9999991855333357
0.9999991855333357
0.9999991855333357
0.9999991855333357
0.9999991855333357
0.9999991855333357
0.9999991855333357
0.9999991855333357
0.9999991855333357
0.9999991855333357
0.9999991855333357
0.999999193666669
0.999999193666669
0.999999193666669
0.999999193666669
0.999999193666669
0.999999193666669
0.999999193666669
0.999999193666669
0.999999193666669
0.999999193666669
0.999999193666669
0.999999193666669
0.999999193666669
0.999999193666669
0.999999193666669
0.999999193666669
0.999999193666669
0.999999193666669
0.999999193666669
0.9999991937000023
0.9999991937000023
0.9999991937000023
0.9999991937000023
0.9999991937000023
0.9999991937000023
0.9999991937000023
0.9999991937000023
0.9999991937000023
0.9999991937000023
0.9999991937000023
0.9999991937000023
0.9999991937000023
0.9999991937000023
0.9999991937000023
0.9999991937000023
0.9999991937000023
0.9999991937000023
0.9999991937000023
0.9999991937000023
0.9999991937000023
0.9999991937000023
0.9999991937000023
0.9999991937000023
0.9999991937000023
0.9999991937000023
0.9999991937000023
0.9999991937000023
0.9999991937000023
0.9999991937000023
0.9999991937000023
0.9999991937000023
0.9999991937000023
0.9999991937000023
0.9999991937000023
0.9999991937000023
0.9999991937000023
0.999999434166669
0.9999995093333357
0.9999995263333357
0.999999530666669
0.9999995312666691
0.9999995313333357
0.9999995313333357
0.9999995313333357
0.9999995313333357
0.9999995313333357
0.9999995313333357
0.9999995313333357
0.9999995313333357
0.9999995313333357
0.9999995313333357
0.9999995313333357
0.9999995313333357
0.9999995313333357
0.9999995313333357
0.9999995313333357
0.9999995313333357
0.9999995313333357
0.9999995313333357
0.9999995313333357
0.9999995313333357
0.9999995313333357
0.9999995313333357
0.9999995313333357
0.9999995313333357
0.9999995313333357
0.9999995313666691
0.9999995314000024
0.9999995314000024
0.9999995314000024
0.9999995314000024
0.9999995314000024
0.9999995314000024
0.9999995314000024
0.9999995314000024
0.9999995314000024
0.9999995314000024
0.9999995314000024
0.9999995314000024
0.9999995314000024
0.9999995314000024
0.9999995314000024
0.9999995314000024
0.9999995314000024
0.9999995314000024
0.9999995314000024
0.9999995314000024
0.9999995314000024
0.9999995314000024
0.9999995314000024
0.9999995314000024
0.9999995903666691
0.9999995935000024
0.9999995935666691
0.9999995935666691
0.9999995935666691
0.9999995935666691
0.9999995935666691
0.9999995935666691
0.9999995935666691
0.9999995935666691
0.9999995935666691
0.9999995935666691
0.9999995935666691
0.9999995935666691
0.9999995935666691
0.9999995935666691
0.9999995935666691
0.9999995935666691
0.9999995935666691
0.9999995935666691
0.9999995935666691
0.9999995935666691
0.9999995935666691
0.9999995935666691
0.9999995935666691
0.9999995935666691
0.9999995935666691
0.9999995935666691
0.9999995935666691
0.9999995935666691
0.9999995935666691
0.9999995958666691
0.9999995959666691
0.9999995959666691
0.9999995959666691
0.9999995959666691
0.9999995959666691
0.9999995959666691
0.9999995959666691
0.9999995959666691
0.9999995959666691
0.9999995959666691
0.9999995959666691
0.9999995959666691
0.9999995959666691
0.9999995959666691
0.9999995959666691
0.9999995959666691
0.9999995959666691
0.9999995959666691
0.9999995959666691
0.9999995959666691
0.9999995959666691
0.9999995959666691
0.9999995959666691
0.9999995959666691
0.9999995959666691
0.9999995959666691
0.9999995959666691
0.9999995959666691
0.9999995959666691
0.9999995959666691
0.9999997230000024
0.9999997589333357
0.9999997660666691
0.9999997677000024
0.9999997678666691
0.9999997678666691
0.9999997678666691
0.9999997678666691
0.9999997678666691
0.9999997678666691
0.9999997678666691
0.9999997678666691
0.9999997678666691
0.9999997678666691
0.9999997678666691
0.9999997678666691
0.9999997678666691
0.9999997678666691
0.9999997678666691
0.9999997678666691
0.9999997678666691
0.9999997678666691
0.9999997678666691
0.9999997678666691
0.9999997678666691
0.9999997678666691
0.9999997678666691
0.9999997678666691
0.9999997678666691
0.9999997678666691
0.9999997678666691
0.9999997678666691
0.9999997678666691
0.9999997678666691
0.9999997678666691
0.9999997678666691
0.9999997678666691
0.9999997678666691
0.9999997678666691
0.9999997678666691
0.9999997678666691
0.9999997678666691
0.9999997678666691
0.9999997678666691
0.9999997678666691
0.9999997678666691
0.9999997678666691
0.9999997678666691
0.9999997678666691
0.9999997678666691
0.9999997678666691
0.9999997678666691
0.9999997678666691
0.9999997678666691
0.9999997678666691
0.9999997678666691
0.9999997678666691
0.9999997678666691
0.9999997678666691
0.9999997678666691
0.9999997678666691
0.9999997678666691
0.9999997678666691
0.9999997678666691
0.9999997678666691
0.9999997678666691
0.9999997678666691
0.9999997678666691
0.9999997678666691
0.9999997678666691
0.9999997678666691
0.9999997678666691
0.9999997678666691
0.9999997678666691
0.9999997678666691
0.9999997678666691
0.9999998497666691
0.9999998714000025
0.9999998753333358
0.9999998762000024
0.9999998763000024
0.9999998763000024
0.9999998763000024
0.9999998763000024
0.9999998763000024
0.9999998763000024
0.9999998763000024
0.9999998763000024
0.9999998763000024
0.9999998763000024
0.9999998763000024
0.9999998763000024
0.9999998763000024
0.9999998763000024
0.9999998763000024
0.9999998763000024
0.9999998763000024
0.9999998763000024
0.9999998763000024
0.9999998763000024
0.9999998763000024
0.9999998763000024
0.9999998763000024
0.9999998763000024
0.9999998763000024
0.9999998763000024
0.9999998763000024
0.9999998763000024
0.9999998763000024
0.9999998763000024
0.9999998763000024
0.9999998769000025
0.9999998769333358
0.9999998769333358
0.9999998769333358
0.9999998769333358
0.9999998769333358
0.9999998769333358
0.9999998769333358
0.9999998769333358
0.9999998769333358
0.9999998769333358
0.9999998769333358
0.9999998769333358
0.9999998769333358
0.9999998769333358
0.9999998769333358
0.9999998769333358
0.9999998769333358
0.9999998769333358
0.9999998769333358
0.9999998769333358
0.9999998769333358
0.9999998769333358
0.9999998769333358
0.9999998769333358
0.9999998769333358
0.9999998769333358
0.9999998769333358
0.9999998769333358
0.9999998769333358
0.9999998769333358
0.9999998769333358
0.9999998769333358
0.9999998769333358
0.9999998769333358
0.9999998769333358
0.9999998769333358
0.9999998773666692
0.9999998773666692
0.9999998773666692
0.9999998773666692
0.9999998773666692
0.9999998773666692
0.9999998773666692
0.9999998773666692
0.9999998773666692
0.9999998773666692
0.9999998773666692
0.9999998773666692
0.9999998773666692
0.9999998773666692
0.9999998773666692
0.9999998773666692
0.9999998773666692
0.9999998773666692
0.9999998773666692
0.9999998773666692
0.9999998773666692
0.9999998773666692
0.9999998773666692
0.9999998773666692
0.9999999189000025
0.9999999287666692
0.9999999303333359
0.9999999306333359
0.9999999306666693
0.9999999306666693
0.9999999306666693
0.9999999306666693
0.9999999306666693
0.9999999306666693
0.9999999306666693
0.9999999306666693
0.9999999306666693
0.9999999306666693
0.9999999306666693
0.9999999306666693
0.9999999306666693
0.9999999306666693
0.9999999306666693
0.9999999306666693
0.9999999306666693
0.9999999306666693
0.9999999306666693
0.9999999306666693
0.9999999306666693
0.9999999306666693
0.9999999306666693
0.9999999306666693
0.9999999306666693
0.9999999306666693
0.9999999306666693
0.9999999306666693
0.9999999306666693
0.9999999306666693
0.9999999306666693
0.9999999306666693
0.9999999306666693
0.9999999306666693
0.9999999306666693
0.9999999306666693
0.9999999306666693
0.9999999306666693
0.9999999306666693
0.9999999306666693
0.9999999306666693
0.9999999306666693
0.9999999306666693
0.9999999306666693
0.9999999306666693
0.9999999306666693
0.9999999306666693
0.9999999306666693
0.9999999306666693
0.9999999306666693
0.9999999306666693
0.9999999306666693
0.9999999306666693
0.9999999306666693
0.9999999306666693
0.9999999306666693
0.9999999306666693
0.9999999306666693
0.9999999306666693
0.9999999306666693
0.999999936433336
0.9999999365666693
0.9999999365666693
0.9999999365666693
0.9999999365666693
0.9999999365666693
0.9999999365666693
0.9999999365666693
0.9999999365666693
0.9999999365666693
0.9999999365666693
0.9999999365666693
0.9999999365666693
0.9999999365666693
0.9999999365666693
0.9999999365666693
0.9999999365666693
0.9999999365666693
0.9999999365666693
0.9999999365666693
0.9999999365666693
0.9999999365666693
0.9999999365666693
0.9999999365666693
0.9999999365666693
0.9999999365666693
0.9999999365666693
0.9999999365666693
0.9999999365666693
0.9999999365666693
0.9999999365666693
0.9999999365666693
0.9999999365666693
0.9999999365666693
0.9999999365666693
0.9999999365666693
0.9999999365666693
0.9999999365666693
0.9999999365666693
0.9999999365666693
0.9999999365666693
0.9999999365666693
0.9999999365666693
0.9999999365666693
0.9999999365666693
0.9999999365666693
0.9999999365666693
0.9999999365666693
0.9999999571000027
0.9999999614666694
0.9999999620666694
0.9999999621666694
0.9999999621666694
0.9999999621666694
0.9999999621666694
0.9999999621666694
0.9999999621666694
0.9999999621666694
0.9999999621666694
0.9999999621666694
0.9999999621666694
0.9999999621666694
0.9999999621666694
0.9999999621666694
0.9999999621666694
0.9999999621666694
0.9999999621666694
0.9999999621666694
0.9999999621666694
0.9999999621666694
0.9999999621666694
0.9999999621666694
0.9999999621666694
0.9999999621666694
0.9999999621666694
0.9999999621666694
0.9999999621666694
0.9999999621666694
0.9999999621666694
0.9999999621666694
0.9999999621666694
0.9999999621666694
0.9999999621666694
0.9999999783333361
0.9999999816333361
0.9999999820666695
0.9999999821333362
0.9999999821333362
0.9999999821333362
0.9999999821333362
0.9999999821333362
0.9999999821333362
0.9999999821333362
0.9999999821333362
0.9999999821333362
0.9999999821333362
0.9999999821333362
0.9999999821333362
0.9999999821333362
0.9999999821333362
0.9999999821333362
0.9999999821333362
0.9999999821333362
0.9999999821333362
0.9999999821333362
0.9999999821333362
0.9999999821333362
0.9999999821333362
0.9999999821333362
0.9999999821333362
0.9999999821333362
0.9999999821333362
0.9999999821333362
0.9999999821333362
0.9999999821333362
0.9999999821333362
0.9999999821333362
0.9999999821333362
0.9999999821333362
0.9999999821333362
0.9999999821333362
0.9999999821333362
0.9999999821333362
0.9999999821333362
0.9999999821333362
0.9999999821333362
0.9999999821333362
0.9999999821333362
0.9999999846333362
0.9999999847000028
0.9999999847000028
0.9999999847000028
0.9999999847000028
0.9999999847000028
0.9999999847000028
0.9999999847000028
0.9999999847000028
0.9999999847000028
0.9999999847000028
0.9999999847000028
0.9999999847000028
0.9999999847000028
0.9999999847000028
0.9999999847000028
0.9999999847000028
0.9999999847000028
0.9999999847000028
0.9999999847000028
0.9999999847000028
0.9999999847000028
0.9999999847000028
0.9999999847000028
0.9999999847000028
0.9999999847000028
0.9999999847000028
0.9999999847000028
0.9999999847000028
0.9999999847000028
0.9999999847000028
0.9999999847000028
0.9999999847000028
0.9999999847000028
0.9999999847000028
0.9999999847000028
0.9999999847000028
0.9999999847000028
0.9999999847000028
0.9999999847000028
0.9999999847000028
0.9999999847000028
0.9999999847000028
0.9999999847000028
0.9999999847000028
0.9999999847000028
0.9999999847000028
0.9999999847000028
0.9999999847000028
0.9999999847000028
0.9999999847000028
0.9999999847000028
0.9999999847000028
0.9999999847000028
0.9999999847000028
0.9999999847000028
0.9999999847333362
0.9999999847333362
0.9999999847333362
0.9999999847333362
0.9999999847333362
0.9999999847333362
0.9999999847333362
0.9999999847333362
0.9999999847333362
0.9999999847333362
0.9999999847333362
0.9999999847333362
0.9999999847333362
0.9999999847333362
0.9999999847333362
0.9999999847333362
0.9999999847333362
0.9999999847333362
0.9999999847333362
0.9999999847333362
0.9999999847333362
0.9999999847333362
0.9999999847333362
0.9999999847333362
0.9999999847333362
0.9999999847333362
0.9999999847333362
0.9999999847333362
0.9999999847333362
0.9999999847333362
0.9999999847333362
0.9999999847333362
0.9999999847333362
0.9999999847333362
0.9999999847333362
0.9999999847333362
0.9999999847333362
0.9999999847333362
0.9999999847333362
0.9999999847333362
0.9999999847333362
0.9999999847333362
0.9999999847333362
0.9999999847333362
0.9999999847333362
0.9999999847333362
0.9999999847333362
0.9999999847333362
0.9999999894000029
0.9999999902000029
0.9999999903000029
0.9999999903333362
0.9999999903333362
0.9999999903333362
0.9999999903333362
0.9999999903333362
0.9999999903333362
0.9999999903333362
0.9999999903333362
0.9999999903333362
0.9999999903333362
0.9999999903333362
0.9999999903333362
0.9999999903333362
0.9999999903333362
0.9999999903333362
0.9999999903333362
0.9999999903333362
0.9999999903333362
0.9999999903333362
0.9999999903333362
0.9999999903333362
0.9999999903333362
0.9999999903333362
0.9999999903333362
0.9999999903333362
0.9999999903333362
0.9999999903333362
0.9999999903333362
0.9999999903333362
0.9999999939333362
0.9999999945333362
0.9999999945666695
0.9999999945666695
0.9999999945666695
0.9999999945666695
0.9999999945666695
0.9999999945666695
0.9999999945666695
0.9999999945666695
0.9999999945666695
0.9999999945666695
0.9999999945666695
0.9999999945666695
0.9999999945666695
0.9999999945666695
0.9999999945666695
0.9999999945666695
0.9999999945666695
0.9999999945666695
0.9999999945666695
0.9999999945666695
0.9999999945666695
0.9999999945666695
0.9999999945666695
0.9999999945666695
0.9999999945666695
0.9999999945666695
0.9999999945666695
0.9999999945666695
0.9999999945666695
0.9999999945666695
0.9999999945666695
0.9999999945666695
0.9999999945666695
0.9999999945666695
0.9999999945666695
0.9999999945666695
0.9999999945666695
0.9999999945666695
0.9999999945666695
0.9999999945666695
0.9999999945666695
0.9999999945666695
0.9999999945666695
0.9999999945666695
0.9999999945666695
0.9999999945666695
0.9999999945666695
0.9999999945666695
0.9999999945666695
0.9999999945666695
0.9999999945666695
0.9999999945666695
0.9999999945666695
0.9999999945666695
0.9999999945666695
0.9999999945666695
0.9999999945666695
0.9999999945666695
0.9999999945666695
0.9999999945666695
0.9999999945666695
0.9999999945666695
0.9999999945666695
0.9999999967333362
0.9999999970666695
0.9999999971000029
0.9999999971333362
0.9999999971333362
0.9999999971333362
0.9999999971333362
0.9999999971333362
0.9999999971333362
0.9999999971333362
0.9999999971333362
0.9999999971333362
0.9999999971333362
0.9999999971333362
0.9999999971333362
0.9999999971333362
0.9999999971333362
0.9999999971333362
0.9999999971333362
0.9999999971333362
0.9999999971333362
0.9999999971333362
0.9999999971333362
0.9999999971333362
0.9999999971333362
0.9999999971333362
0.9999999971333362
0.9999999971333362
0.9999999971333362
0.9999999971333362
0.9999999971333362
0.9999999971333362
0.9999999971333362
0.9999999971333362
0.9999999971333362
0.9999999971333362
0.9999999971333362
0.9999999971333362
0.9999999971333362
0.9999999971333362
0.9999999971333362
0.9999999987666696
0.9999999990000029
0.9999999990000029
0.9999999990000029
0.9999999990000029
0.9999999990000029
0.9999999990000029
0.9999999990000029
0.9999999990000029
0.9999999990000029
0.9999999990000029
0.9999999990000029
0.9999999990000029
0.9999999990000029
0.9999999990000029
0.9999999990000029
0.9999999990000029
0.9999999990000029
0.9999999990000029
0.9999999990000029
0.9999999990000029
0.9999999990000029
0.9999999990000029
0.9999999990000029
0.9999999990000029
0.9999999990000029
0.9999999990000029
0.9999999990000029
0.9999999990000029
0.9999999990000029
0.9999999990000029
0.9999999990000029
0.9999999990000029
0.9999999990000029
0.9999999990000029
0.9999999990000029
0.9999999990000029
0.9999999990000029
0.9999999990000029
0.9999999992000029
0.9999999992000029
0.9999999992000029
0.9999999992000029
0.9999999992000029
0.9999999992000029
0.9999999992000029
0.9999999992000029
0.9999999992000029
0.9999999992000029
0.9999999992000029
0.9999999992000029
0.9999999992000029
0.9999999992000029
0.9999999992000029
0.9999999992000029
0.9999999992000029
0.9999999992000029
0.9999999992000029
0.9999999992000029
0.9999999992000029
0.9999999992000029
0.9999999992000029
0.9999999992000029
0.9999999992000029
0.9999999992000029
0.9999999992000029
0.9999999992000029
0.9999999992000029
0.9999999992000029
0.9999999992000029
0.9999999992000029
0.9999999992000029
0.9999999992000029
0.9999999992000029
0.9999999992000029
0.9999999992000029
0.9999999992000029
0.9999999992000029
0.9999999992000029
0.9999999992000029
0.9999999992000029
0.9999999992000029
0.9999999992000029
0.9999999992000029
0.9999999992000029
0.9999999992000029
0.9999999992000029
0.9999999992000029
0.9999999992000029
0.9999999992000029
0.9999999992000029
0.9999999992000029
0.9999999992000029
0.9999999992000029
0.9999999992000029
0.9999999992000029
0.9999999992000029
0.9999999992000029
0.9999999992000029
0.9999999992000029
0.9999999992000029
0.9999999992000029
0.9999999992000029
0.9999999992000029
0.9999999992000029
0.9999999992000029
0.9999999992000029
0.9999999992000029
0.9999999992000029
0.9999999992000029
0.9999999992000029
0.9999999992000029
0.9999999992000029
0.9999999992000029
0.9999999992000029
0.9999999992000029
0.9999999992000029
0.9999999992000029
0.9999999992000029
0.9999999992000029
0.9999999992000029
0.9999999992000029
0.9999999992000029
0.9999999992000029
0.9999999992000029
0.9999999992000029
0.9999999992000029
0.9999999992000029
0.9999999992000029
0.9999999992000029
0.9999999992000029
0.9999999992000029
0.9999999992000029
0.9999999992000029
0.9999999992000029
0.9999999992000029
0.9999999992000029
0.9999999992000029
0.9999999992000029
0.9999999992000029
0.9999999992000029
0.9999999992000029
0.9999999992000029
0.9999999992000029
0.9999999992000029
0.9999999992000029
0.9999999992000029
0.9999999992000029
0.9999999992000029
0.9999999992000029
0.9999999992000029
0.9999999992000029
0.9999999992000029
0.9999999992000029
0.9999999992000029
0.9999999992000029
0.9999999992000029
0.9999999992000029
0.9999999992000029
0.9999999992000029
0.9999999992000029
0.9999999992000029
0.9999999992000029
0.9999999992000029
0.9999999992000029
0.9999999992000029
0.9999999992000029
0.9999999992000029
0.9999999992000029
0.9999999992000029
0.9999999992000029
0.9999999992000029
0.9999999992000029
0.9999999992000029
0.9999999992000029
0.9999999992000029
0.9999999992000029
0.9999999992000029
0.9999999992000029
0.9999999992000029
0.9999999992000029
0.9999999992000029
0.9999999992000029
0.9999999992000029
0.9999999992000029
0.9999999992000029
0.9999999992000029
0.9999999992000029
0.9999999992000029
0.9999999992000029
0.9999999992000029
0.9999999992000029
0.9999999992000029
0.9999999992000029
0.9999999992000029
0.9999999992000029
0.9999999992000029
0.9999999992000029
0.9999999992000029
0.9999999992000029
0.9999999992000029
0.9999999992000029
0.9999999992000029
0.999999999500003
0.9999999995333363
0.9999999995333363
0.9999999995333363
0.9999999995333363
0.9999999995333363
0.9999999995333363
0.9999999995333363
0.9999999995333363
0.9999999995333363
0.9999999995333363
0.9999999995333363
0.9999999995333363
0.9999999995333363
0.9999999995333363
0.9999999995333363
0.9999999995333363
0.9999999995333363
0.9999999995333363
0.9999999995333363
0.9999999995333363
0.9999999995333363
0.9999999995333363
0.9999999995333363
0.9999999995333363
0.9999999995333363
0.9999999995333363
0.9999999995333363
0.9999999995333363
0.9999999995333363
0.9999999995333363
0.9999999995333363
0.9999999995333363
0.9999999995333363
0.9999999995333363
0.9999999995333363
0.9999999995333363
0.9999999995333363
0.9999999995333363
0.9999999995333363
0.9999999995333363
0.9999999995333363
0.9999999995333363
0.9999999995333363
0.9999999995333363
0.9999999995333363
0.9999999995333363
0.9999999995333363
0.9999999995333363
0.9999999995333363
0.9999999995333363
0.9999999995666696
0.9999999995666696
0.9999999995666696
0.9999999995666696
0.9999999995666696
0.9999999995666696
0.9999999995666696
0.9999999995666696
0.9999999995666696
0.9999999995666696
0.9999999995666696
0.9999999995666696
0.9999999995666696
0.9999999995666696
0.9999999995666696
0.9999999995666696
0.9999999995666696
0.9999999995666696
0.9999999995666696
0.9999999995666696
0.9999999995666696
0.9999999995666696
0.9999999995666696
0.9999999995666696
0.9999999995666696
0.9999999995666696
0.9999999995666696
0.9999999995666696
0.9999999995666696
0.9999999995666696
0.9999999995666696
0.9999999995666696
0.9999999995666696
0.9999999995666696
0.9999999995666696
0.9999999995666696
0.9999999995666696
0.9999999995666696
0.9999999995666696
0.9999999995666696
0.9999999995666696
0.9999999995666696
0.9999999995666696
0.9999999995666696
0.9999999995666696
0.9999999995666696
0.9999999995666696
0.9999999995666696
0.9999999995666696
0.9999999995666696
0.9999999995666696
0.9999999995666696
0.9999999995666696
0.9999999995666696
0.9999999995666696
0.9999999995666696
0.9999999995666696
0.9999999995666696
0.9999999995666696
0.9999999995666696
0.9999999995666696
0.9999999995666696
0.9999999995666696
0.9999999995666696
0.9999999995666696
0.9999999995666696
0.9999999995666696
0.9999999995666696
0.9999999995666696
0.9999999995666696
0.9999999995666696
0.9999999995666696
0.9999999995666696
0.9999999995666696
0.9999999995666696
0.9999999995666696
0.9999999995666696
0.9999999995666696
0.9999999995666696
0.9999999995666696
0.9999999995666696
0.9999999995666696
0.9999999995666696
0.9999999995666696
0.9999999995666696
0.9999999995666696
0.9999999995666696
0.9999999995666696
0.9999999995666696
0.9999999995666696
0.9999999995666696
0.9999999995666696
0.9999999995666696
0.9999999995666696
0.9999999995666696
0.9999999995666696
0.9999999995666696
0.9999999995666696
0.9999999995666696
0.9999999995666696
0.9999999995666696
0.9999999995666696
0.9999999995666696
0.9999999995666696
0.9999999995666696
0.9999999995666696
0.9999999995666696
0.9999999995666696
0.9999999995666696
0.9999999995666696
0.9999999995666696
0.9999999995666696
0.9999999995666696
0.9999999995666696
0.9999999995666696
0.9999999995666696
0.9999999995666696
0.9999999995666696
0.9999999995666696
0.9999999995666696
0.9999999995666696
0.9999999995666696
0.9999999995666696
0.9999999995666696
0.9999999995666696
0.9999999995666696
0.9999999995666696
0.9999999995666696
0.9999999995666696
0.9999999995666696
0.9999999995666696
0.9999999995666696
0.9999999995666696
0.9999999995666696
0.9999999995666696
0.9999999995666696
0.9999999995666696
0.9999999995666696
0.9999999995666696
0.9999999995666696
0.9999999995666696
0.9999999995666696
0.9999999995666696
0.9999999995666696
0.9999999995666696
0.9999999995666696
0.9999999995666696
0.9999999995666696
0.9999999995666696
0.9999999995666696
0.9999999995666696
0.9999999995666696
0.9999999995666696
0.9999999995666696
0.9999999995666696
0.9999999995666696
0.9999999995666696
0.9999999995666696
0.9999999995666696
0.9999999995666696
0.9999999995666696
0.9999999995666696
0.9999999995666696
0.9999999995666696
