0.0
1.747823333333333e-05
3.692133333333333e-05
5.799326666666666e-05
8.346193333333333e-05
0.00011071273333333333
0.00014115023333333333
0.00017693543333333333
0.00021936096666666668
0.0002704765666666667
0.00032545590000000003
0.00038636080000000004
0.0004592754666666667
0.0005382133666666667
0.0006323581666666668
0.0007399834333333335
0.0008634337000000001
0.0009994748333333335
0.001158852666666667
0.0013412531000000002
0.0015545426
0.0018310314333333335
0.002113662866666667
0.002493510966666667
0.002856680066666667
0.0033359126
0.0038038245
0.0044301619
0.005036733933333333
0.005819284533333333
0.0066186951666666665
0.0067062524666666665
0.006808567466666667
0.0069288173333333335
0.0070716719
0.007227842833333333
0.007480458033333333
0.0076865504
0.0079123948
0.008276394566666666
0.008581377833333332
0.008929974266666666
0.009443719566666666
0.0098943816
0.010409454666666667
0.011173527066666666
0.0119310574
0.012715547666666667
0.0139631763
0.0149721144
0.016265983133333335
0.017849299500000002
0.019517755666666668
0.021192613266666667
0.0236549898
0.025834679200000002
0.0259228578
0.026038097833333333
0.026180412
0.026374147
0.0266257858
0.026956514266666665
0.027384005466666667
0.027872696833333332
0.0285811552
0.029466675066666666
0.0301849138
0.0310036804
0.0319492975
0.03374870926666667
0.03497475236666667
0.036554205933333334
0.038121178066666664
0.040693054699999995
0.04303111236666666
0.04555632696666666
0.04809650696666666
0.05207625273333333
0.05551969043333333
0.05584994513333333
0.0560767633
0.0563861561
0.05672889876666667
0.05717744363333333
0.05767345993333333
0.0583334679
0.059657260399999995
0.06061927986666666
0.06171177526666666
0.06330785376666666
0.06551921153333333
0.06712308003333332
0.06994183729999999
0.07196787193333333
0.07453005923333333
0.07892646776666667
0.08209950016666667
0.08525929830000001
0.08986068726666667
0.09428024586666667
0.09444893343333334
0.09464655046666667
0.09489338693333334
0.09517917973333334
0.09560866320000001
0.09638549693333334
0.09694486496666667
0.09766333616666667
0.09848112693333334
0.09975060793333335
0.10092949733333334
0.10226158956666667
0.1037785574
0.10609946916666667
0.10800970226666667
0.11218457776666667
0.11455800103333333
0.11782711566666666
0.12118852946666667
0.12478400973333334
0.12829568016666668
0.13549162480000002
0.14085391176666667
0.14125009730000002
0.14176168390000002
0.14242435776666668
0.14357055726666668
0.14453116696666668
0.14663557940000002
0.14800141470000003
0.14953523060000004
0.15176459910000004
0.1539045152666667
0.15862565840000004
0.16122876033333336
0.16600470753333335
0.1705532757
0.17434982616666667
0.17795443173333333
0.18476795973333335
0.1917042366666667
0.19194031770000003
0.19221484873333336
0.19261174373333337
0.19333693160000004
0.1939256319666667
0.1946835036666667
0.19611528743333337
0.1973976976666667
0.19848484740000003
0.20000540970000003
0.20170047543333336
0.20396364800000003
0.20842053040000003
0.2107119134666667
0.21342867533333337
0.21756356283333336
0.22254529683333335
0.22634472693333335
0.22981894426666669
0.2377407139
0.24139808010000002
0.24184679416666668
0.24250726100000003
0.24335166713333337
0.2442858387666667
0.24548219870000004
0.2471239104666667
0.2489385275666667
0.25209387120000004
0.25574756723333336
0.2581144622
0.2608376887666667
0.26536016673333335
0.27422116096666665
0.2778625257333333
0.2810365655
0.2860048302
0.28998823496666665
0.2903341069
0.2909040328
0.2916305873333333
0.2925523919
0.29437139889999997
0.2956589191333333
0.2979344054
0.299663333
0.30155599413333334
0.30437081043333336
0.3067429396666667
0.3105099944666667
0.31314700500000003
0.3193999979
0.32301017883333333
0.32637722016666665
0.3291422654333333
0.33496691829999997
0.33798164833333333
0.33845802536666664
0.33933041109999995
0.3401170873333333
0.3419110540333333
0.3429007556333333
0.34551585979999994
0.3472809030666666
0.34939365069999995
0.3511764882999999
0.35354455733333323
0.3573718299999999
0.36071277756666653
0.36302829266666653
0.36992734916666653
0.37240378706666655
0.3780975062999999
0.3823886402999999
0.38590131083333323
0.3882073186999999
0.3959389824666666
0.3994009591999999
0.3997592126999999
0.4001704319999999
0.4006862670999999
0.40168576359999986
0.40252636269999986
0.4035742147999999
0.4048565198333332
0.4067751213999999
0.40831602536666656
0.41012100156666653
0.4125937877333332
0.4159969271333332
0.41820434079999985
0.42292388356666655
0.4251855210999999
0.4279920723999999
0.4315088529666666
0.43475419793333325
0.4366005531999999
0.44281239546666656
0.44419026883333323
0.4450784195333332
0.4461745560333332
0.4482524088999999
0.4500500743333332
0.45261481556666655
0.4570686590333332
0.45912790676666654
0.46502648289999987
0.4670391557333332
0.47296324706666654
0.47595697659999986
0.47737920629999986
0.48207217589999984
0.48617055199999987
0.4866406669333332
0.4872280143333332
0.48789218769999987
0.4894292860333332
0.4903585079666665
0.49149306956666655
0.4934823941999999
0.49572964576666656
0.4973022214666666
0.49906608873333325
0.5017162880333332
0.5036005133999999
0.5068701361333332
0.5087528046333332
0.5137502515333332
0.5154982471333333
0.5185728418
0.5216466755333333
0.5244250777333334
0.5254807083
0.5293664509333333
0.5299931903
0.5309569584
0.5321202149666667
0.5343050382333334
0.5367203286000001
0.5384273477000001
0.5411420973666667
0.5458969787000001
0.5475858062333334
0.5490691419333334
0.5519808473666667
0.5575245256000001
0.5601075734666667
0.5608634994
0.5659992852333333
0.5663940288
0.5669161836
0.5675645796
0.5685563878666666
0.5697388549333333
0.5723066727
0.5751635836333333
0.5767944474666666
0.5795483778666667
0.5843056052
0.5857934040333334
0.5870244659333334
0.5915487054
0.5940942324666667
0.5965086947666667
0.5970314531
0.6025729060333334
0.6045198121666667
0.6055332355
0.6067257812666668
0.6080022155000001
0.6107046733000001
0.6122439564333334
0.6149982759666668
0.6181664493666668
0.6194546249666668
0.6204546095333334
0.6230250884
0.6252582927333333
0.6256076958666666
0.6275586214
0.6285515637666667
0.6290036544
0.6295706834666666
0.6302691706333332
0.6311292024666666
0.6321579552333333
0.6333518968999999
0.6346894777333333
0.6360838889999999
0.6375116381666666
0.6403074162333332
0.6417435599999999
0.6444282200666666
0.6457485660999999
0.6487686371333332
0.6498654801999999
0.6525593517666666
0.6533548747333332
0.6556885444333332
0.6561586953333333
0.6581630631
0.6583889267333333
0.6601402735999999
0.6602161920999999
0.6610934094666666
0.6621314003666666
0.6633185878333333
0.6661600461333334
0.6691530671
0.6704782287666666
0.6730098353333333
0.6758813814666665
0.6768002950666665
0.6809490520666664
0.6815691870666665
0.6852978841333331
0.6873322983666664
0.6890725181999997
0.6892138053666663
0.692325695833333
0.6932897962666664
0.6937766931333331
0.6943812341999998
0.6951186210333331
0.6960088607333331
0.6970502426999998
0.6982231291333332
0.6994881437999998
0.7007721764999998
0.7019819664333331
0.7031125357666664
0.7041300090999998
0.7065911301999998
0.7073489276666665
0.7094157104666665
0.7098896105333332
0.7115924053666666
0.7118207692666666
0.7132412111666666
0.7133267774666666
0.7145558508333333
0.7145763292333333
0.7158401887666666
0.7174198787999999
0.7191208518
0.7225810189666666
0.7242282246333333
0.7273819144666666
0.7303855168666665
0.7315421855666665
0.7369456892666665
0.7378316786666664
0.7397006740333331
0.7424986951333331
0.7441149224999998
0.7446682324666665
0.7474676633666665
0.7491419486999998
0.7503184629666665
0.7518000013666665
0.7534196563999997
0.7551377784999997
0.7568957085999998
0.7584601971333331
0.7597824430999998
0.7608385801666664
0.7616478910333331
0.7646197280333331
0.7665334300999997
0.7678906879999997
0.7684291344666664
0.7707130735666664
0.771205838933333
0.7725976837666664
0.7742551419666663
0.775986729733333
0.7777271908999998
0.7793848401333331
0.7808687536333331
0.7836731902666664
0.7846439084666663
0.785393100033333
0.7860557242666663
0.7878797284666662
0.7890559435333329
0.7895819342666662
0.7916441052999996
0.7921288687666663
0.7927861642666664
0.7942408674666663
0.7958252368999996
0.7975111644999996
0.799243994833333
0.800953366933333
0.8025471810666663
0.8039420433666663
0.8050739604999997
0.8059604709999997
0.8066501575999997
0.8072155288666664
0.8077460076999997
0.8082477070999997
0.8092333540333331
0.8096946133666664
0.8114061067666664
0.8131373263999997
0.8144500482999997
0.816760643733333
0.8175781132999996
0.818221354233333
0.8207096295666663
0.821188419333333
0.822240412233333
0.8235332878999997
0.8243216861999997
0.8259518221999996
0.8276823372666663
0.8294208054999996
0.831141547233333
0.8327759467999997
0.8343319268999997
0.835793418733333
0.8370194408999997
0.8381153325666664
0.8390784672666664
0.8404059259666663
0.8411536464999997
0.843253191533333
0.843845892733333
0.8452814204666663
0.8457806020333329
0.8466935400999996
0.8471361997999997
0.8487703105999996
0.849351959733333
0.8501886010666664
0.8519091239333331
0.8536440306666664
0.855337975333333
0.8569918874666663
0.8584751901666663
0.859853021433333
0.8609830032666663
0.8619831696666663
0.862855652833333
0.864079656833333
0.8647524323666663
0.8664825798666663
0.8670170764666664
0.867943277333333
0.868893744033333
0.869725293133333
0.8701198533999996
0.8711866572999997
0.871534197633333
0.8723959383666663
0.8741202610999996
0.875771831833333
0.8772752968666663
0.8786732495333329
0.8798346834666663
0.8808622493666662
0.8817622724666663
0.8825410001333329
0.8831359628999996
0.8840897313333329
0.8845610899999996
0.8858757542666663
0.8862701304999997
0.8870136119333331
0.8873533151999997
0.8881143291666663
0.8887225828999996
0.8904178799999997
0.8920091314666664
0.8935302393333331
0.8948295386999997
0.8957486591999997
0.8965445405666663
0.898267176233333
0.8987821901333329
0.8991871742666663
0.8999343677333329
0.9015588079999995
0.9022117119666662
0.9024940962333329
0.9035453906333328
0.9037827393333329
0.9046143704999995
0.9062250397666661
0.9077530424666661
0.9091967216666661
0.9105228042999994
0.9117234030333328
0.9127971145999995
0.9137422655333328
0.9145569250333329
0.9152533568333329
0.9158438937666662
0.9167456625333329
0.9171837552999995
0.9179445030999995
0.9182836529666663
0.9189393707999995
0.9192135906333329
0.9197761959666662
0.9200007813666662
0.9204787514666661
0.9206613533999994
0.9221082655999995
0.9236681005333328
0.9243764317666662
0.9253806697666662
0.9257443861666662
0.9260206908333328
0.9274084551999995
0.9281942982666661
0.9289501428999994
0.9291231878666661
0.9299286020999995
0.9303473785666662
0.9310161961999995
0.9322469385666662
0.9333439979999996
0.9343056938666663
0.9351383241666663
0.9358460702666663
0.936435444133333
0.936922690333333
0.9373234185999997
0.938009271333333
0.9382913928666663
0.9388599222333329
0.939067847833333
0.9395451118999997
0.939703675133333
0.9400985303666664
0.940219698533333
0.9405406471999996
0.9406321055999997
0.941189986033333
0.9420315163666664
0.942517069833333
0.9429102168333331
0.9434995241666664
0.943714834233333
0.9438680434666663
0.9442686579999996
0.944594188233333
0.9446763068666663
0.9449351398999996
0.9451142982666663
0.9455343060666662
0.9466953091333329
0.9476981425666662
0.9480758694999996
0.9487395659666662
0.9489726741666662
0.9491232575333328
0.9498089864999995
0.9499113114999994
0.9502411769999994
0.9504907318333328
0.9509639240333327
0.9510136852999994
0.951411687566666
0.951611912666666
0.9519019693333327
0.9523709178999994
0.9531378172999994
0.9534209223333326
0.9536360743333326
0.9541032345333327
0.9545157666999994
0.9546143919333328
0.9551472000333328
0.9552104171999994
0.9554822175333327
0.9556295167999994
0.9558445172333327
0.9558718233999994
0.956078522766666
0.9560960366333328
0.9563036283333327
0.9564554288333327
0.9568573820333327
0.9576838074999994
0.9577462181999994
0.9577838494333327
0.9583441302666661
0.9587094820333327
0.9588877089333327
0.9589021084333328
0.9594516591666661
0.9594603170666661
0.9596052456666662
0.9599974221999995
0.9605430993999995
0.9605786889666662
0.9613307600333328
0.9613504892666662
0.9617088771999995
0.9619904844999996
0.9619969333666663
0.9622045833666663
0.9623746317333329
0.962423179233333
0.962486618633333
0.962527491533333
0.962781300333333
0.962799832433333
0.9630066157666664
0.963015924033333
0.9631802337333331
0.9631851627999998
0.9633112882333331
0.9633138603666664
0.9634056516333331
0.9634069547333332
0.9634261870333332
0.9636438415999998
0.9638657966999998
0.9638745299333331
0.9641631771999998
0.9641670264666664
0.9643092781333331
0.9643568860333331
0.9644646968333331
0.9644655662666665
0.9645559312333332
0.9645563280999998
0.9645623380333331
0.9651804310333332
0.9651841096999998
0.9654603664666664
0.9654617165666665
0.9656921002666665
0.9657581461999999
0.9659157725666665
0.9659160131999999
0.9660292794333332
0.9661019706999998
0.9664726996666665
0.9666320103333331
0.9667614789999998
0.9670060704999998
0.9672977813999998
0.9674703723666664
0.9675534245666665
0.9677033559666665
0.9677917123333332
0.9677920242666666
0.9679185307333332
0.9679186560666666
0.9680133303999999
0.9680133688999999
0.9680814194333333
0.9680814319333333
0.9681263496
0.9681263534666666
0.9682260086666666
0.9685113967333333
0.9686455752333333
0.9687965674333333
0.9688559610666666
0.9689655720333332
0.9690104573999999
0.9690104607666665
0.9690819083333332
0.9690819091666665
0.9691311854666664
0.9691311856333331
0.9691619000999998
0.9691619001333331
0.9692235952333331
0.9693522070333331
0.9694392863666664
0.9694780302666665
0.9695391390999998
0.9695748674999998
0.9696241605666664
0.9696653802999998
0.9696653802999998
0.9697334796999998
0.9697601926333331
0.9697895400666665
0.9698140083333332
0.9698519278999999
0.9698687088333332
0.9698687088333332
0.9698821840999998
0.9698821840999998
0.9698934572333332
0.9699197705999999
0.9699197705999999
0.9702959332666665
0.9712766276333332
0.9716686431666666
0.9722039682333332
0.9724532849999998
0.9728145893999999
0.9730689034666665
0.9731631792999998
0.9732245373333331
0.9733527872999999
0.9734401803333332
0.9735308664666665
0.9735575148333332
0.9736755315333332
0.9736925723666665
0.9737590788666665
0.9737716442333332
0.9738143442333331
0.9738208181666664
0.9738476292333331
0.9738514870999998
0.9743163961666664
0.9747434796999997
0.9750990474999998
0.9753491675333331
0.9754960151999997
0.9755640792333331
0.9755869040666665
0.9755979059666665
0.9757088396999999
0.9757626093333333
0.9757632498333333
0.9757658352666666
0.9757658733
0.9758589562333333
0.9758589573666666
0.9758928458666666
0.9758928458666666
0.9759130679666665
0.9759178864333332
0.9759292590666665
0.9759292590666665
0.9759347230666665
0.9759429442999998
0.9762269118666665
0.9766176731999999
0.9769285662999999
0.9771144927333333
0.9772557572666666
0.9773364455999999
0.9775397223666665
0.9775782705666666
0.9776087625
0.9776328317666666
0.9776986795999999
0.9777134322333332
0.9777788995333332
0.9777877006999999
0.9778108663666666
0.9778347314999999
0.9778478008666666
0.9778506848999999
0.9778571921333332
0.9778595317333332
0.9783082698666665
0.9787490229666665
0.9791739218999999
0.9795678902333332
0.9799288987999999
0.9802448746999999
0.9805093005666665
0.9807212226333332
0.9808842983666665
0.9810010735999998
0.9810819791999997
0.981131922333333
0.9811611424666663
0.9811761854999996
0.9811829551999997
0.9811858741999997
0.9811868801999997
0.981187185733333
0.9811872603333329
0.9811872745999995
0.9812262448999995
0.9812262452333329
0.9812508272333329
0.9812508272333329
0.9812645079666662
0.9812645079666662
0.9812719913333329
0.9812719913333329
0.9812753385666662
0.9812753385666662
0.9814697673999995
0.9817082752999995
0.9818411801333328
0.9820130958333327
0.982091792766666
0.9821143259999994
0.982131823366666
0.9821616830333327
0.982169176566666
0.9821999741333327
0.982204117066666
0.9822263449666659
0.9822291103666659
0.9822367687999992
0.9822379237333325
0.9822413902666659
0.9822462710333326
0.982641835666666
0.9830032311333327
0.9832820227333327
0.9837667978333327
0.9838586326333326
0.9838947700333326
0.9839045077333326
0.9839853517666659
0.9840319757333326
0.9840321171333326
0.9840678716999993
0.984068725666666
0.9840687257333327
0.9841030884333327
0.9841030884333327
0.9841254507333327
0.9841288641333327
0.984139432166666
0.984139432166666
0.9841501894333327
0.984150190066666
0.9843279750333327
0.9844195817999993
0.984483912366666
0.9845156472333326
0.984528107566666
0.9845373160333326
0.9845686982999993
0.9845722793666659
0.984574110166666
0.9845832162333327
0.984604393266666
0.9846089216333327
0.9846093541999994
0.9846147653999994
0.9846149654333327
0.985005713866666
0.985335417766666
0.9855796748999993
0.9857278831666659
0.9857993144666659
0.9858251023666659
0.9858312942999992
0.9858876411333325
0.9858877046999992
0.9858877169333325
0.9858877187333326
0.9859235356999992
0.9859235356999992
0.9859362783999992
0.9859362783999992
0.9859426215333326
0.985943597666666
0.9859467091666659
0.9859467091666659
0.9859479028666659
0.9859500608666659
0.9860128021333325
0.9862226926666658
0.9862807142333325
0.9863189969666658
0.9864105082333324
0.9864271471999991
0.9864385484666658
0.9864742805333324
0.9864798085333324
0.9864836764666657
0.9864940679333324
0.9865150150666657
0.9865162804666657
0.9865293958999991
0.9865299678666658
0.9865354934333325
0.9865358799999991
0.9865385128999992
0.9865386165999992
0.9865395991666659
0.9865396407666659
0.9869250878666659
0.9872905640666659
0.9876282607999992
0.9879274375666659
0.9881868988333325
0.9883994187333326
0.988564862166666
0.988687221166666
0.9887736951333326
0.9888286544333326
0.9888624429666659
0.988880594066666
0.9888895884333326
0.9888934565333326
0.9888948516666659
0.988895332666666
0.9888954561333326
0.9888954838333326
0.9888954885333325
0.9888954891333326
0.9889118967333326
0.9889118967333326
0.988920886066666
0.988920886066666
0.9889250690333327
0.9889250690333327
0.9889270239999993
0.9889270239999993
0.9889277153999994
0.9889277153999994
0.9890517712333327
0.9890816851333326
0.989093210266666
0.989100150466666
0.9891055920999994
0.9891112872333327
0.9891136423666661
0.9891159387333328
0.9891183527666662
0.9894818702333328
0.9898222362333328
0.9901319666666661
0.9904020093666661
0.9906316046333328
0.9908152480333328
0.9909545922333327
0.991054760966666
0.9911234631333327
0.9911652950999993
0.9911899373333326
0.9912025400333326
0.991208423666666
0.9912107978999993
0.9912115892999993
0.9912118412999993
0.9912118994999993
0.9912119112333326
0.991211912966666
0.991211913166666
0.991223923466666
0.991223923466666
0.991230180866666
0.991230180866666
0.991232911666666
0.991232911666666
0.9912341191333327
0.9912341191333327
0.991234511666666
0.991234511666666
0.9912449597333326
0.991256799066666
0.9913053950999993
0.9913091477666659
0.9913113949999992
0.9913277737666659
0.9913286300666659
0.9913291644999993
0.9913328309999994
0.9913432642999993
0.9913433867333327
0.9913491763999993
0.9913492194333327
0.991351438066666
0.9913514840666661
0.9913524350999994
0.9913524396333327
0.9913527365333328
0.9913527379333328
0.9918407898999995
0.9920557452333328
0.9921809306333328
0.9922531213999994
0.9923113562999994
0.9923277680333328
0.9923394805333328
0.9923451841999994
0.9923483991666661
0.9923527081666661
0.9923546312999995
0.9923566516999994
0.9923575866666661
0.9923585463999994
0.9923590289999994
0.9923620518333327
0.9923635554999993
0.992363813966666
0.992363963166666
0.9923713707999993
0.9923713976999993
0.9923714056666659
0.9923728089999992
0.9923733778666659
0.9923733784333326
0.9923735404666659
0.9923735509666659
0.992590162066666
0.992724542166666
0.992821186666666
0.9928446579999993
0.992850492066666
0.9928607721999994
0.9928702505333327
0.992870252466666
0.9928727421333328
0.9928727421333328
0.9928818049999995
0.9928818049999995
0.9928852922666661
0.9928852922666661
0.9928885590999994
0.992888793666666
0.992889323666666
0.992889323666666
0.9928900142333327
0.9928900142333327
0.9929162219999993
0.992924783966666
0.9929308035333326
0.9929332571666659
0.9929345057333325
0.9929358381333325
0.9929365211999992
0.9929372824333326
0.992937574266666
0.9929378603999993
0.992938209566666
0.9932363289333327
0.993504420466666
0.9937366760999993
0.993929200366666
0.994082748066666
0.9941965580333326
0.994276153566666
0.994328438566666
0.9943610626333327
0.9943783674999993
0.9943872575999994
0.9943911479666661
0.9943926476333327
0.9943931420999994
0.9943932702333327
0.9943933018999993
0.9943933071333326
0.9943933078999992
0.9943933079666659
0.9943933079666659
0.9943977019999992
0.9943977019999992
0.9943996512999992
0.9943996512999992
0.9944003436999992
0.9944003436999992
0.9944006006999991
0.9944006006999991
0.9944006644333325
0.9944006644333325
0.9944007573999992
0.9944181927666659
0.9944182054666659
0.9944182114999993
0.9944190620333326
0.994422753166666
0.994422753766666
0.9944250314333327
0.9944250315666661
0.9944255750999994
0.9944263032999994
0.994426498966666
0.994426498966666
0.9944265452666661
0.9944265472999994
0.994596807766666
0.9948068999999994
0.9949218401666661
0.9949797936666661
0.9950091657666661
0.9950246773666661
0.9950446953333327
0.9950490549666661
0.9950512543333327
0.9950523218999994
0.995052820666666
0.9950530677999994
0.995053216166666
0.9950533133333327
0.9950534097999993
0.995053542566666
0.9950535449333326
0.995058700766666
0.9950619080333327
0.9950619080999994
0.9950619080999994
0.9950629104666661
0.9950633064666661
0.9950637387666661
0.9950637387666661
0.9950640153666661
0.9950640153666661
0.9953204998333328
0.9955445518666661
0.9957318687999994
0.9958816958999994
0.9959957799666661
0.9960758255666661
0.9961286441999994
0.9961611838333327
0.9961801729333327
0.9961892891999994
0.9961935334333327
0.9961951958333327
0.996195753866666
0.9961959132333327
0.9961959476999993
0.9961959547999993
0.9961959557333326
0.9961959558333326
0.996195955866666
0.996195955866666
0.996198078666666
0.996198078666666
0.9961989177333327
0.9961989177333327
0.9961991746666661
0.9961991746666661
0.9961992588999994
0.9961992588999994
0.996199276066666
0.996199276066666
0.996201050266666
0.996202356966666
0.9962026966333327
0.9962028355333328
0.9962031812999994
0.9962032016333328
0.9962032151666661
0.9962032607999994
0.9964399049666661
0.9966435181666661
0.996810604666666
0.996941805966666
0.997039311366666
0.9971057922999993
0.9971483543999993
0.9971737168999992
0.9971880140666659
0.9971945286666659
0.9971974096999993
0.9971984751333326
0.9971988078333326
0.9971988960333326
0.9971989133999992
0.9971989166666659
0.9971989170333326
0.997198917066666
0.997198917066666
0.997198917066666
0.9972003677333326
0.9972003677333326
0.9972009076333327
0.9972009076333327
0.9972010605999994
0.9972010605999994
0.9972011076333327
0.9972011076333327
0.9972011162999994
0.9972011162999994
0.9972011163333327
0.9972011163666661
0.9972013043999994
0.9972024985999994
0.9972024985999994
0.9972029426666661
0.9972029426666661
0.9972030600333328
0.9972030602333328
0.9972030951666662
0.9972030951666662
0.9972031012999995
0.9972031012999995
0.9972579634333327
0.9972777513666661
0.9972857707999994
0.9972882322999994
0.997294421766666
0.997295022866666
0.9972954197333327
0.9972968020999994
0.9972968889333327
0.9972969194333327
0.9972972313999993
0.9972972441999992
0.9972972758333325
0.9972972790666659
0.9972973215999992
0.9972973376666658
0.9972973376666658
0.9972974481333325
0.9972982510666659
0.9972982510666659
0.9972986043333326
0.9972986043333326
0.9972986726666659
0.9972987771999993
0.9972987961999993
0.9972987961999993
0.9972987991999993
0.9972987992333326
0.9974299859999993
0.9975291444999993
0.9976053146666659
0.9976085405666659
0.9976089613333325
0.9976158461666659
0.9976196157666659
0.9976196157666659
0.9976203961333325
0.9976211487333325
0.9976211487333325
0.9976211487333325
0.9976212018333325
0.9976212576666658
0.9976212907333324
0.9976212907333324
0.9976213128333324
0.9976213128333324
0.9976213767999991
0.9976213972999991
0.9976215814333325
0.9976215876333324
0.997621644699999
0.9976216473666657
0.9976216584666657
0.9976216589333324
0.9976216606666658
0.9976216665666658
0.9978037346999992
0.9979530532666658
0.9980685343666659
0.9981541221666659
0.9982129982666659
0.9982496546333326
0.9982709917999992
0.9982824430999993
0.9982882350999992
0.9982904705999992
0.9982913106999992
0.9982915700333326
0.9982916343666659
0.9982916478666659
0.9982916498666659
0.9982916501333325
0.9982916501666659
0.9982916501666659
0.9982916501666659
0.9982916501666659
0.9982920831333325
0.9982920831333325
0.9982922163333325
0.9982922163333325
0.9982922458333325
0.9982922458333325
0.9982922532333325
0.9982922532333325
0.9982922542333325
0.9982922542333325
0.9982926412999992
0.9982928691333325
0.9982929622999992
0.9982930430333325
0.9982930708666659
0.9982930845333325
0.9982930934666658
0.9982930983999991
0.9983017463999991
0.9983068352666657
0.9983083569999991
0.9983088527333325
0.9983091388999992
0.9983092312999992
0.9983092825666658
0.9983093105333325
0.9983093255666659
0.9983093296999992
0.9983094132666659
0.9983094142999992
0.9983094313333325
0.9983094315999992
0.9983094355999992
0.9983094356666659
0.9983094361333326
0.9983094382999992
0.9983094382999992
0.9983095024999992
0.9983095024999992
0.9983095147999992
0.9983095147999992
0.9983095175999992
0.9983095175999992
0.9983095178999992
0.9983095178999992
0.9984598405999993
0.9985789936666659
0.9986673275666659
0.9987301960666659
0.9987711197666659
0.9987950038999992
0.9988080027666659
0.9988144830666659
0.9988175207999992
0.9988185622666659
0.9988189108666659
0.9988190055999991
0.9988190255666658
0.9988190290999991
0.9988190295333325
0.9988190295999991
0.9988190295999991
0.9988190295999991
0.9988190295999991
0.9988190295999991
0.9988192125666658
0.9988192125666658
0.9988192617666658
0.9988192617666658
0.9988192708999991
0.9988192708999991
0.9988192728999992
0.9988192728999992
0.9988192730999992
0.9988192730999992
0.9988192957999992
0.9988193155666658
0.9988193219333324
0.9988193243666658
0.9988193258666658
0.9988193266333324
0.9988728327333324
0.998891932799999
0.998892632999999
0.9988926891666656
0.9988926909333323
0.9988926911333323
0.9988928605666657
0.9988928605666657
0.9988928605666657
0.9988928605666657
0.9988929859666658
0.9988929859666658
0.9988930153333324
0.9988930153333324
0.9988930357999991
0.9988930360666658
0.9988930370666658
0.9988930370666658
0.9988930388333325
0.9988930388333325
0.9988930388333325
0.9988930424999991
0.9988930424999991
0.998893043199999
0.998893043199999
0.9988930432666657
0.9988930432666657
0.9988935093333324
0.9988936716999991
0.9988937054999991
0.9988937215999991
0.9988943328333324
0.9988943548999991
0.9988943565333325
0.9988943572333324
0.9988943575333324
0.9988944420333324
0.9988944420999991
0.9988944593999991
0.9988944593999991
0.9988944620666658
0.9988944620999991
0.9988944625999991
0.9988944625999991
0.9988944626666658
0.9988944629333325
0.9988944648666659
0.9988944698999992
0.9988944707666658
0.9988944710333325
0.9988944711999992
0.9988944712666659
0.9990045110666659
0.9990871276666659
0.9991443681666659
0.9991825918666658
0.9992053679999992
0.9992173587666658
0.9992232258333326
0.9992258289666659
0.9992269116333325
0.9992272187666659
0.9992273042666658
0.9992273232666659
0.9992273263333326
0.9992273267333326
0.9992273267666659
0.9992273267666659
0.9992273267666659
0.9992273267666659
0.9992273267666659
0.9992273267666659
0.9992273730666659
0.9992273730666659
0.9992273830999993
0.9992273830999993
0.9992273844999993
0.9992273844999993
0.999227384766666
0.999227384766666
0.9992273847999993
0.9992273847999993
0.999227384866666
0.999227386166666
0.999227386166666
0.9992273865333327
0.9992273865999993
0.9992594727333327
0.9992639116666661
0.9992641120666661
0.9992641229333328
0.9992643414333328
0.9992643854999994
0.9992643854999994
0.9992643881999994
0.9992644215999994
0.999264450966666
0.999264450966666
0.999264450966666
0.9992644517333327
0.9992644525999993
0.999264452766666
0.999264452766666
0.9992644528999993
0.9992644528999993
0.999264452966666
0.9992644530333327
0.999264453066666
0.999264453066666
0.9992644591999993
0.9992644602999993
0.9992644606999993
0.9992646519333326
0.9992646552999993
0.9992646553333326
0.999264655366666
0.999264655366666
0.9992646745999993
0.9992646745999993
0.9992646778666661
0.9992646778666661
0.9992646782333328
0.9992646782333328
0.9992646782999994
0.9992646782999994
0.9992646782999994
0.9992646783333328
0.9992646783333328
0.9992646783333328
0.9992646783333328
0.9992869824999995
0.9992926795666661
0.9992927623666661
0.999292765766666
0.9992927657999994
0.999292780566666
0.999292780566666
0.999292780566666
0.999292780566666
0.9992927915666661
0.9992927915666661
0.9992927933999994
0.9992927933999994
0.9992927944333327
0.9992927944333327
0.9992927944333327
0.9992927944333327
0.9992927944333327
0.9992927944333327
0.9992927944333327
0.9992927944333327
0.9993622201999994
0.9994104240333328
0.9994407024333328
0.9994591734333328
0.9994688546333328
0.9994732465666661
0.9994750919333328
0.9994757852333328
0.9994760285666662
0.9994760810333329
0.9994760922333329
0.9994760940999996
0.9994760942999996
0.999476094333333
0.999476094333333
0.999476094333333
0.999476094333333
0.999476094333333
0.999476094333333
0.999476094333333
0.9994761006999996
0.9994761006999996
0.9994761017333329
0.9994761017333329
0.9994761018333329
0.9994761018333329
0.9994761018333329
0.9994761018333329
0.9994761018333329
0.9994761018333329
0.9994761018333329
0.9994761081999995
0.9994761677333329
0.9994761677333329
0.9994761719999996
0.9994761720333329
0.9994761720333329
0.9994761727999996
0.9994761727999996
0.9994761728333329
0.9994761728333329
0.9994761728666662
0.9994761728666662
0.9994761728666662
0.9994761728666662
0.9994885444333329
0.9994904429666662
0.9994911081999995
0.9994911784333329
0.9994911990666663
0.9994912048666663
0.999491207833333
0.9994912093666664
0.9994912105666663
0.999491210933333
0.9994912111666664
0.9994912111666664
0.9994912111999997
0.9994912111999997
0.9994912111999997
0.9994912111999997
0.9995453335666664
0.9995813809666664
0.9996028678666664
0.9996153673666665
0.9996214843999998
0.9996240478666665
0.9996250415666664
0.9996253834999997
0.9996254932666664
0.9996255136999997
0.9996255174666664
0.9996255180333331
0.9996255180999998
0.9996255180999998
0.9996255180999998
0.9996255180999998
0.9996255180999998
0.9996255180999998
0.9996255180999998
0.9996255180999998
0.9996255203333331
0.9996255203333331
0.9996255206333331
0.9996255206333331
0.9996255206666664
0.9996255206666664
0.9996255206666664
0.9996255206666664
0.9996255206666664
0.9996255206666664
0.9996255206666664
0.9996255233333331
0.9996255233333331
0.9996255233333331
0.9996255233666664
0.9996255233666664
0.9996255235999998
0.9996255235999998
0.9996255236333331
0.9996255236333331
0.9996255236333331
0.9996255236333331
0.9996255236333331
0.9996255236333331
0.9996730903999997
0.9997041001333331
0.9997220912666664
0.9997323055666665
0.9997371302999998
0.9997390711999998
0.9997397930666665
0.9997400305333332
0.9997401033666665
0.9997401159333332
0.9997401180999999
0.9997401183999999
0.9997401183999999
0.9997401183999999
0.9997401183999999
0.9997401183999999
0.9997401183999999
0.9997401183999999
0.9997401183999999
0.9997401183999999
0.9997401196666665
0.9997401196666665
0.9997401198333332
0.9997401198333332
0.9997401198333332
0.9997401198333332
0.9997401198333332
0.9997401198333332
0.9997401198333332
0.9997401198333332
0.9997407335666666
0.9997408202666666
0.9997408373333332
0.9997408449666665
0.9997408463666665
0.9997408464333332
0.9997408464666665
0.9997408466333332
0.9997408475999998
0.9997408475999998
0.9997408475999998
0.9997408475999998
0.9997408475999998
0.9997408475999998
0.9997408475999998
0.9997408475999998
0.9997408475999998
0.9997408513666665
0.9997408515333331
0.9997408515666665
0.9997408515666665
0.9997408515666665
0.9997408515666665
0.9997408515666665
0.9997408515666665
0.9997408515666665
0.9997421160999999
0.9997425574666665
0.9997426929999998
0.9997427317666665
0.9997427377333332
0.9997431282999999
0.9997431283999999
0.9997431284333332
0.9997431539999999
0.9997431539999999
0.9997431539999999
0.9997431547999999
0.9997431547999999
0.9997431547999999
0.9997431547999999
0.9997431553333332
0.9997431553333332
0.9997431553999999
0.9997431553999999
0.9997431554333333
0.9997431554333333
0.9997431554333333
0.9997431554333333
0.9997431554333333
0.9997431554333333
0.9997795631333333
0.9998022743999999
0.9998147365333332
0.9998214679666665
0.9998244235333331
0.9998255165333331
0.9998258899333331
0.9998260018999998
0.9998260331666665
0.9998260377999999
0.9998260384999998
0.9998260385666665
0.9998260385666665
0.9998260385666665
0.9998260385666665
0.9998260385666665
0.9998260385666665
0.9998260385666665
0.9998260385666665
0.9998260385666665
0.9998260389999999
0.9998260389999999
0.9998260390333332
0.9998260390333332
0.9998260390333332
0.9998260390333332
0.9998260390333332
0.9998260390333332
0.9998260390333332
0.9998260390333332
0.9998260390333332
0.9998260390999999
0.9998260390999999
0.9998260390999999
0.9998260391333332
0.9998260391333332
0.9998260391333332
0.9998260391333332
0.9998260391333332
0.9998260391333332
0.9998260391333332
0.9998577472999999
0.9998770836999998
0.9998873936333331
0.9998928225333331
0.9998951181333331
0.9998959310666664
0.9998961969333331
0.9998962729666664
0.9998962931999997
0.9998962959666664
0.9998962963666664
0.9998962963999998
0.9998962963999998
0.9998962963999998
0.9998962963999998
0.9998962963999998
0.9998962963999998
0.9998962963999998
0.9998962963999998
0.9998962963999998
0.9998962966333331
0.9998962966333331
0.9998962966333331
0.9998962966333331
0.9998962966333331
0.9998962966333331
0.9998962966333331
0.9998962966333331
0.9998962966333331
0.9998962966333331
0.9998989593666665
0.9998991358333331
0.9998991809333331
0.9998991915666664
0.9998991940999997
0.9998991945333331
0.9998991945999998
0.9998991945999998
0.9998991945999998
0.9998991945999998
0.9998991945999998
0.9998991945999998
0.9998991945999998
0.9998991945999998
0.9998991945999998
0.9998991945999998
0.9998991945999998
0.9998991945999998
0.9998991947666664
0.9998991947666664
0.9998991947666664
0.9998991947666664
0.9998991947666664
0.9998991947666664
0.9998991947666664
0.9998991947666664
0.9998991947666664
0.9998991947666664
0.9998992001999998
0.9998992007999998
0.9998992009999998
0.9998992010333332
0.9998992010333332
0.9998992010333332
0.9998992010333332
0.9998992010333332
0.9998992010333332
0.9998992010333332
0.9998992010333332
0.9998992010333332
0.9998992010333332
0.9998992010333332
0.9999230365666665
0.9999369106333331
0.9999438835333331
0.9999473689666664
0.9999487327999997
0.9999491746333331
0.9999493067999998
0.9999493410999998
0.9999493493999998
0.9999493503666664
0.9999493504666664
0.9999493504666664
0.9999493504666664
0.9999493504666664
0.9999493504666664
0.9999493504666664
0.9999493504666664
0.9999493504666664
0.9999493504666664
0.9999493504666664
0.9999493504666664
0.9999493504666664
0.9999493504666664
0.9999493504666664
0.9999493504666664
0.9999493504666664
0.9999493504666664
0.9999493504666664
0.9999493504666664
0.9999493504666664
0.9999493504666664
0.9999493504666664
0.9999493504666664
0.9999493504666664
0.9999493504666664
0.9999493504666664
0.9999493504666664
0.9999493504666664
0.9999493504666664
0.9999493504666664
0.9999493504666664
0.9999521250999998
0.9999532798666664
0.999953334933333
0.9999533468999997
0.9999533492666663
0.999953349733333
0.9999533497999997
0.9999533498333331
0.9999533498333331
0.9999533498333331
0.9999533498333331
0.9999533498333331
0.9999533498333331
0.9999533498333331
0.9999533498333331
0.9999533502666664
0.9999533502999998
0.9999533502999998
0.9999533502999998
0.9999533522333331
0.9999533522333331
0.9999533522333331
0.9999533522333331
0.9999533522333331
0.9999533522333331
0.9999533522333331
0.9999533522333331
0.9999533522333331
0.9999533522333331
0.9999533522333331
0.9999533522333331
0.9999533522333331
0.9999533522333331
0.9999533522333331
0.9999533522333331
0.9999533522333331
0.9999533522333331
0.9999533522333331
0.9999533522333331
0.9999533522333331
0.9999533522333331
0.9999533522333331
0.9999533522333331
0.9999535516999998
0.9999536048333331
0.9999536169999997
0.9999536195999997
0.9999536198333331
0.9999536719333331
0.9999536719333331
0.9999536719333331
0.9999536735999998
0.9999536735999998
0.9999536735999998
0.9999536735999998
0.9999536735999998
0.9999536735999998
0.9999536735999998
0.9999536735999998
0.9999536735999998
0.9999536735999998
0.9999536735999998
0.9999536735999998
0.9999536735999998
0.9999536735999998
0.9999536735999998
0.9999536735999998
0.9999536735999998
0.9999554094666664
0.9999556612999997
0.9999556614999997
0.9999556614999997
0.999955664333333
0.999955664333333
0.999955664333333
0.999955664333333
0.9999556643666664
0.9999556643666664
0.9999556643666664
0.9999556643666664
0.9999556643666664
0.9999556643666664
0.9999556643666664
0.9999556643666664
0.9999556643666664
0.9999556643666664
0.9999556643666664
0.9999556643666664
0.9999556643666664
0.9999556643666664
0.9999556643666664
0.9999556643666664
0.9999587068333331
0.9999600710666664
0.9999601926999997
0.999960448833333
0.999960448933333
0.999960448933333
0.999960448933333
0.9999604492666664
0.9999604492666664
0.9999604492666664
0.9999604492666664
0.9999604492666664
0.9999604492666664
0.9999604492666664
0.9999604492666664
0.9999604492666664
0.9999604492666664
0.9999604492666664
0.9999604492666664
0.9999604492666664
0.9999604492666664
0.9999605520999997
0.9999605769999996
0.9999605821333329
0.9999605830999996
0.9999605831666663
0.9999606085666662
0.9999606085666662
0.9999606085666662
0.9999606091999996
0.9999606091999996
0.9999606091999996
0.9999606091999996
0.9999606091999996
0.9999606091999996
0.9999606091999996
0.9999606091999996
0.9999606091999996
0.9999606091999996
0.9999606091999996
0.9999606091999996
0.9999606091999996
0.9999606091999996
0.9999606091999996
0.9999606091999996
0.9999606091999996
0.9999606091999996
0.9999606091999996
0.9999606091999996
0.9999606091999996
0.9999606091999996
0.9999606091999996
0.9999606091999996
0.9999606091999996
0.9999606091999996
0.9999606091999996
0.9999606091999996
0.9999606091999996
0.9999606094666663
0.9999606094666663
0.9999606094666663
0.9999606094666663
0.9999606094666663
0.9999606094666663
0.9999606094666663
0.9999606094666663
0.9999606094666663
0.9999606094666663
0.9999606094666663
0.9999606094666663
0.9999606094666663
0.9999606094666663
0.9999606710999996
0.9999607104666663
0.999960711933333
0.9999607124666664
0.9999607126333331
0.9999607126666664
0.9999607126666664
0.9999607126666664
0.9999607126666664
0.9999607126666664
0.9999607126666664
0.9999607126666664
0.9999607126666664
0.9999607126666664
0.9999607126666664
0.9999607126666664
0.9999607126666664
0.9999607126666664
0.9999607126666664
0.9999607126666664
0.9999607126666664
0.9999607126666664
0.9999607126666664
0.9999607126666664
0.9999607126666664
0.9999607126666664
0.9999607126666664
0.9999607126666664
0.9999687124333331
0.9999726172999998
0.9999741851666665
0.9999748306999998
0.9999750187666665
0.9999750622333332
0.9999750715333332
0.9999750732333332
0.9999750735333333
0.9999750735666666
0.9999750735666666
0.9999750735666666
0.9999750735666666
0.9999750735666666
0.9999750735666666
0.9999750735666666
0.9999750735666666
0.9999750735666666
0.9999750735666666
0.9999750735666666
0.9999750735666666
0.9999750735666666
0.9999750735666666
0.9999750735666666
0.9999750735666666
0.9999750735666666
0.9999750735666666
0.9999750735666666
0.9999750735666666
0.9999750735666666
0.9999750735666666
0.9999750735666666
0.9999750735666666
0.9999750735666666
0.9999750735666666
0.9999750735666666
0.9999750735666666
0.9999750735666666
0.9999750735666666
0.9999750735666666
0.9999750735666666
0.9999750735666666
0.9999750735666666
0.9999750735666666
0.9999750735666666
0.9999750735666666
0.9999750735666666
0.9999750735666666
0.9999750735666666
0.9999752096
0.9999752097666667
0.9999752097666667
0.9999752099
0.9999752099
0.9999752099
0.9999752099
0.9999752099
0.9999752099
0.9999752099
0.9999752099
0.9999752099
0.9999752099
0.9999752099
0.9999752099
0.9999752099
0.9999752099
0.9999752099
0.9999809148666666
0.9999835531666666
0.9999845416666666
0.9999849254333333
0.9999850275333333
0.9999850487999999
0.9999850529
0.9999850535666666
0.9999850536666666
0.9999850536999999
0.9999850536999999
0.9999850536999999
0.9999850536999999
0.9999850536999999
0.9999850536999999
0.9999850536999999
0.9999850536999999
0.9999850536999999
0.9999850536999999
0.9999850536999999
0.9999850536999999
0.9999850536999999
0.9999850536999999
0.9999850536999999
0.9999850536999999
0.9999850536999999
0.9999850536999999
0.9999850536999999
0.9999850536999999
0.9999850536999999
0.9999850536999999
0.9999850536999999
0.9999850536999999
0.9999850536999999
0.9999850536999999
0.9999853477333333
0.9999853738666666
0.9999853738666666
0.9999853738666666
0.9999853739666666
0.9999853739666666
0.9999853739666666
0.9999853739666666
0.9999853739666666
0.9999853739666666
0.9999853739666666
0.9999853739666666
0.9999853739666666
0.9999853739666666
0.9999853739666666
0.9999853739666666
0.9999853739666666
0.9999853862333333
0.9999853884333333
0.9999853887333333
0.9999853888
0.9999853888
0.9999853913333333
0.9999853913333333
0.9999853913333333
0.9999853913666666
0.9999853913666666
0.9999853913666666
0.9999853913666666
0.9999853913666666
0.9999853913666666
0.9999853913666666
0.9999853913666666
0.9999853913666666
0.9999853913666666
0.9999853913666666
0.9999853913666666
0.9999853913666666
0.9999853913666666
0.9999853913666666
0.9999853913666666
0.9999853913666666
0.9999853913666666
0.9999853913666666
0.9999853913666666
0.9999853913666666
0.9999853913666666
0.9999853913666666
0.9999853913666666
0.9999853913666666
0.9999853913666666
0.9999853913666666
0.9999853913666666
0.9999853913666666
0.9999853913666666
0.9999853913666666
0.9999853913666666
0.9999853913666666
0.9999853913666666
0.9999853913666666
0.9999887541
0.9999901838
0.9999906646333334
0.9999908351000001
0.9999908744333335
0.9999908814000001
0.9999908825666668
0.9999908827333335
0.9999908827333335
0.9999908827333335
0.9999908827333335
0.9999908827333335
0.9999908827333335
0.9999908827333335
0.9999908827333335
0.9999908827333335
0.9999908827333335
0.9999908827333335
0.9999908827333335
0.9999908827333335
0.9999908827333335
0.9999908827333335
0.9999908827333335
0.9999908827333335
0.9999908827333335
0.9999908827333335
0.9999908827333335
0.9999908827333335
0.9999908827333335
0.9999908827333335
0.9999908827333335
0.9999908827333335
0.9999908827333335
0.9999908827333335
0.9999936862000002
0.9999948442333335
0.9999952195000001
0.9999953484666668
0.9999953768333335
0.9999953816000001
0.9999953823333334
0.9999953824333334
0.9999953824333334
0.9999953824333334
0.9999953824333334
0.9999953824333334
0.9999953824333334
0.9999953824333334
0.9999953824333334
0.9999953824333334
0.9999953824333334
0.9999953824333334
0.9999953824333334
0.9999953824333334
0.9999953824333334
0.9999953824333334
0.9999953824333334
0.9999953824333334
0.9999953824333334
0.9999953824333334
0.9999953824333334
0.9999953824333334
0.9999953824333334
0.9999953824333334
0.9999953824333334
0.9999953824333334
0.9999953824333334
0.9999953824333334
0.9999953824333334
0.9999953824333334
0.9999953824333334
0.9999953824333334
0.9999953824333334
0.9999953824333334
0.9999953824333334
0.9999953824333334
0.9999953824333334
0.9999953850666667
0.9999953854333334
0.9999953855000001
0.9999953855333334
0.9999953855333334
0.9999953860333335
0.9999953860333335
0.9999953860333335
0.9999953860333335
0.9999953860333335
0.9999953860333335
0.9999953860333335
0.9999953860333335
0.9999953860333335
0.9999953860333335
0.9999953860333335
0.9999953860333335
0.9999953860333335
0.9999953860333335
0.9999953860333335
0.9999953860333335
0.9999953860333335
0.9999953860333335
0.9999953860333335
0.9999953860333335
0.9999954589666669
0.9999954611333335
0.9999954672333334
0.9999954672333334
0.9999954672333334
0.9999954672333334
0.9999954672333334
0.9999954672333334
0.9999954672333334
0.9999954672333334
0.9999954672333334
0.9999954672333334
0.9999954672333334
0.9999954672333334
0.9999954672333334
0.9999954672333334
0.9999954672333334
0.9999954672333334
0.9999954672333334
0.9999954672333334
0.9999954672333334
0.9999954672333334
0.9999954672333334
0.9999954672333334
0.9999954672333334
0.9999954672333334
0.9999954672333334
0.9999954672333334
0.9999954672333334
0.9999954672333334
0.9999954672333334
0.9999954672333334
0.9999954672333334
0.9999954672333334
0.9999954672333334
0.9999954672333334
0.9999954672333334
0.9999954672333334
0.9999954672333334
0.9999954672333334
0.9999954684333334
0.9999954686000001
0.9999954686000001
0.9999954686000001
0.9999954686000001
0.9999954688000001
0.9999954688000001
0.9999954688000001
0.9999954688000001
0.9999954688000001
0.9999954688000001
0.9999954688000001
0.9999954688000001
0.9999954688000001
0.9999954688000001
0.9999954688000001
0.9999954688000001
0.9999954688000001
0.9999954688000001
0.9999954688000001
0.9999954688000001
0.9999954688000001
0.9999954688000001
0.9999954688000001
0.9999954688000001
0.9999954688000001
0.9999954688000001
0.9999954688000001
0.9999954688000001
0.9999954688000001
0.9999954688000001
0.9999954688000001
0.9999954688000001
0.9999954688000001
0.9999954688000001
0.9999954688000001
0.9999954688000001
0.9999954688000001
0.9999954688000001
0.9999965511333334
0.9999969357666667
0.9999970384333333
0.9999970685
0.9999970736
0.9999970742333333
0.9999970743333333
0.9999970743333333
0.9999970743333333
0.9999970743333333
0.9999970743333333
0.9999970743333333
0.9999970743333333
0.9999970743333333
0.9999970743333333
0.9999970743333333
0.9999970743333333
0.9999970743333333
0.9999970743333333
0.9999970743333333
0.9999970743333333
0.9999970743333333
0.9999970743333333
0.9999970743333333
0.9999970743333333
0.9999970743333333
0.9999970743333333
0.9999970743333333
0.9999970743333333
0.9999970743333333
0.9999970743333333
0.9999970743333333
0.9999970743333333
0.9999970743333333
0.9999970743333333
0.9999970743333333
0.9999970743333333
0.9999970743333333
0.9999970743333333
0.9999970743333333
0.9999970743333333
0.9999970743333333
0.9999979615666666
0.9999982671666666
0.9999983455
0.9999983677
0.9999983712999999
0.9999983716999999
0.9999983717333333
0.9999983717666666
0.9999983717666666
0.9999983717666666
0.9999983717666666
0.9999983717666666
0.9999983717666666
0.9999983717666666
0.9999983717666666
0.9999983717666666
0.9999983717666666
0.9999983717666666
0.9999983717666666
0.9999983717666666
0.9999983717666666
0.9999983717666666
0.9999983717666666
0.9999983717666666
0.9999983717666666
0.9999983717666666
0.9999983717666666
0.9999983717666666
0.9999983717666666
0.9999983717666666
0.9999983717666666
0.9999983717666666
0.9999983717666666
0.9999983717666666
0.9999983717666666
0.9999983717666666
0.9999983717666666
0.9999983717666666
0.9999983717666666
0.9999983717666666
0.9999983717666666
0.9999983881
0.9999983881
0.9999983881
0.9999983881
0.9999983881
0.9999983881
0.9999983881
0.9999983881
0.9999983881
0.9999983881
0.9999983881
0.9999983881
0.9999983881
0.9999983881
0.9999983881
0.9999983881
0.9999983881
0.9999983881
0.9999983881
0.9999983881
0.9999983881
0.9999983881
0.9999983881
0.9999983881
0.9999983881
0.9999983881
0.9999983881
0.9999983881
0.9999983881
0.9999983881
0.9999983881
0.9999983881
0.9999983881
0.9999983881
0.9999983881
0.9999983881
0.9999983881
0.9999983881
0.9999983881
0.9999983881
0.9999983881
0.9999983881
0.9999983881
0.9999983881
0.9999983881
0.9999983881
0.9999983881
0.9999983881
0.9999983881
0.9999983881
0.9999983881
0.9999983881
0.9999983881
0.9999983881
0.9999983881
0.9999983881
0.9999988687666667
0.9999990191
0.9999990531
0.9999990618333333
0.999999063
0.9999990631
0.9999990631
0.9999990631
0.9999990631
0.9999990631
0.9999990631
0.9999990631
0.9999990631
0.9999990631
0.9999990631
0.9999990631
0.9999990631
0.9999990631
0.9999990631
0.9999990631
0.9999990631
0.9999990631
0.9999990631
0.9999990631
0.9999990631
0.9999990631
0.9999990631
0.9999990631
0.9999990631
0.9999990631
0.9999990632
0.9999990632
0.9999990632
0.9999990632
0.9999990632
0.9999990632
0.9999990632
0.9999990632
0.9999990632
0.9999990632
0.9999990632
0.9999990632
0.9999990632
0.9999990632
0.9999990632
0.9999990632
0.9999990632
0.9999990632
0.9999990632
0.9999990632
0.9999990632
0.9999990632
0.9999990632
0.9999990632
0.9999990632
0.9999991811333333
0.9999991874666666
0.9999991875333333
0.9999991875333333
0.9999991875333333
0.9999991875333333
0.9999991875333333
0.9999991875333333
0.9999991875333333
0.9999991875333333
0.9999991875333333
0.9999991875333333
0.9999991875333333
0.9999991875333333
0.9999991875333333
0.9999991875333333
0.9999991875333333
0.9999991875333333
0.9999991875333333
0.9999991875333333
0.9999991875333333
0.9999991875333333
0.9999991875333333
0.9999991875333333
0.9999991875333333
0.9999991875333333
0.9999991875333333
0.9999991875333333
0.9999991875333333
0.9999991875333333
0.9999991875333333
0.9999991921
0.9999991922666667
0.9999991922666667
0.9999991922666667
0.9999991922666667
0.9999991922666667
0.9999991922666667
0.9999991922666667
0.9999991922666667
0.9999991922666667
0.9999991922666667
0.9999991922666667
0.9999991922666667
0.9999991922666667
0.9999991922666667
0.9999991922666667
0.9999991922666667
0.9999991922666667
0.9999991922666667
0.9999991922666667
0.9999991922666667
0.9999991922666667
0.9999991922666667
0.9999991922666667
0.9999991922666667
0.9999991922666667
0.9999991922666667
0.9999991922666667
0.9999991922666667
0.9999991922666667
0.9999991922666667
0.9999994462666667
0.9999995181333333
0.9999995324333333
0.9999995357
0.9999995361
0.9999995361
0.9999995361
0.9999995361
0.9999995361
0.9999995361
0.9999995361
0.9999995361
0.9999995361
0.9999995361
0.9999995361
0.9999995361
0.9999995361
0.9999995361
0.9999995361
0.9999995361
0.9999995361
0.9999995361
0.9999995361
0.9999995361
0.9999995361
0.9999995361
0.9999995361
0.9999995361
0.9999995361
0.9999995361
0.9999995361
0.9999995361
0.9999995361
0.9999995361
0.9999995361
0.9999995361
0.9999995361
0.9999995361
0.9999995361
0.9999995361
0.9999995361
0.9999995361
0.9999995361
0.9999995361
0.9999995361
0.9999995361
0.9999995361
0.9999995361
0.9999995361
0.9999995361
0.9999995361
0.9999995361
0.9999995361
0.9999995361
0.9999995361
0.9999995361
0.9999995361
0.9999995361
0.9999995361
0.9999995361
0.9999995361
0.9999995361
0.9999995361
0.9999995361
0.9999995361
0.9999995361
0.9999995361
0.9999995361
0.9999995361
0.9999995361
0.9999995361
0.9999995361
0.9999995361
0.9999995361
0.9999995361
0.9999995361
0.9999996998333334
0.9999997430666667
0.9999997509333334
0.9999997526000001
0.9999997527666667
0.9999997528000001
0.9999997528000001
0.9999997528000001
0.9999997528000001
0.9999997528000001
0.9999997528000001
0.9999997528000001
0.9999997528000001
0.9999997528000001
0.9999997528000001
0.9999997528000001
0.9999997528000001
0.9999997528000001
0.9999997528000001
0.9999997528000001
0.9999997528000001
0.9999997528000001
0.9999997528000001
0.9999997528000001
0.9999997528000001
0.9999997528000001
0.9999997528000001
0.9999997528000001
0.9999997528000001
0.9999997528000001
0.9999997528000001
0.9999997528000001
0.9999997528000001
0.9999997528000001
0.9999997528000001
0.9999997540000001
0.9999997540000001
0.9999997540000001
0.9999997540000001
0.9999997540000001
0.9999997540000001
0.9999997540000001
0.9999997540000001
0.9999997540000001
0.9999997540000001
0.9999997540000001
0.9999997540000001
0.9999997540000001
0.9999997540000001
0.9999997540000001
0.9999997540000001
0.9999997540000001
0.9999997540000001
0.9999997540000001
0.9999997540000001
0.9999997540000001
0.9999997540000001
0.9999997540000001
0.9999997540000001
0.9999997540000001
0.9999997540000001
0.9999997540000001
0.9999997540000001
0.9999997540000001
0.9999997540000001
0.9999997540000001
0.9999997540000001
0.9999997540000001
0.9999997540000001
0.9999997540000001
0.9999997540000001
0.9999997540000001
0.9999997548666667
0.9999997548666667
0.9999997548666667
0.9999997548666667
0.9999997548666667
0.9999997548666667
0.9999997548666667
0.9999997548666667
0.9999997548666667
0.9999997548666667
0.9999997548666667
0.9999997548666667
0.9999997548666667
0.9999997548666667
0.9999997548666667
0.9999997548666667
0.9999997548666667
0.9999997548666667
0.9999997548666667
0.9999997548666667
0.9999997548666667
0.9999997548666667
0.9999997548666667
0.9999997548666667
0.9999998379
0.9999998576333333
0.9999998607333334
0.9999998613333334
0.9999998613666667
0.9999998613666667
0.9999998613666667
0.9999998613666667
0.9999998613666667
0.9999998613666667
0.9999998613666667
0.9999998613666667
0.9999998613666667
0.9999998613666667
0.9999998613666667
0.9999998613666667
0.9999998613666667
0.9999998613666667
0.9999998613666667
0.9999998613666667
0.9999998613666667
0.9999998613666667
0.9999998613666667
0.9999998613666667
0.9999998613666667
0.9999998613666667
0.9999998613666667
0.9999998613666667
0.9999998613666667
0.9999998613666667
0.9999998613666667
0.9999998613666667
0.9999998613666667
0.9999998613666667
0.9999998613666667
0.9999998613666667
0.9999998613666667
0.9999998613666667
0.9999998613666667
0.9999998613666667
0.9999998613666667
0.9999998613666667
0.9999998613666667
0.9999998613666667
0.9999998613666667
0.9999998613666667
0.9999998613666667
0.9999998613666667
0.9999998613666667
0.9999998613666667
0.9999998613666667
0.9999998613666667
0.9999998613666667
0.9999998613666667
0.9999998613666667
0.9999998613666667
0.9999998613666667
0.9999998613666667
0.9999998613666667
0.9999998613666667
0.9999998613666667
0.9999998613666667
0.9999998613666667
0.9999998613666667
0.9999998728666667
0.9999998731666667
0.9999998731666667
0.9999998731666667
0.9999998731666667
0.9999998731666667
0.9999998731666667
0.9999998731666667
0.9999998731666667
0.9999998731666667
0.9999998731666667
0.9999998731666667
0.9999998731666667
0.9999998731666667
0.9999998731666667
0.9999998731666667
0.9999998731666667
0.9999998731666667
0.9999998731666667
0.9999998731666667
0.9999998731666667
0.9999998731666667
0.9999998731666667
0.9999998731666667
0.9999998731666667
0.9999998731666667
0.9999998731666667
0.9999998731666667
0.9999998731666667
0.9999998731666667
0.9999998731666667
0.9999998731666667
0.9999998731666667
0.9999998731666667
0.9999998731666667
0.9999998731666667
0.9999998731666667
0.9999998731666667
0.9999998731666667
0.9999998731666667
0.9999998731666667
0.9999998731666667
0.9999998731666667
0.9999998731666667
0.9999998731666667
0.9999998731666667
0.9999998731666667
0.9999998731666667
0.9999999142666667
0.9999999230333333
0.9999999242333333
0.9999999244333333
0.9999999244333333
0.9999999244333333
0.9999999244333333
0.9999999244333333
0.9999999244333333
0.9999999244333333
0.9999999244333333
0.9999999244333333
0.9999999244333333
0.9999999244333333
0.9999999244333333
0.9999999244333333
0.9999999244333333
0.9999999244333333
0.9999999244333333
0.9999999244333333
0.9999999244333333
0.9999999244333333
0.9999999244333333
0.9999999244333333
0.9999999244333333
0.9999999244333333
0.9999999244333333
0.9999999244333333
0.9999999244333333
0.9999999244333333
0.9999999244333333
0.9999999244333333
0.9999999244333333
0.9999999244333333
0.9999999244333333
0.9999999567666666
0.9999999634
0.9999999642666666
0.9999999643999999
0.9999999643999999
0.9999999643999999
0.9999999643999999
0.9999999643999999
0.9999999643999999
0.9999999643999999
0.9999999643999999
0.9999999643999999
0.9999999643999999
0.9999999643999999
0.9999999643999999
0.9999999643999999
0.9999999643999999
0.9999999643999999
0.9999999643999999
0.9999999643999999
0.9999999643999999
0.9999999643999999
0.9999999643999999
0.9999999643999999
0.9999999643999999
0.9999999643999999
0.9999999643999999
0.9999999643999999
0.9999999643999999
0.9999999643999999
0.9999999643999999
0.9999999643999999
0.9999999643999999
0.9999999643999999
0.9999999643999999
0.9999999643999999
0.9999999643999999
0.9999999643999999
0.9999999643999999
0.9999999643999999
0.9999999643999999
0.9999999643999999
0.9999999643999999
0.9999999643999999
0.9999999643999999
0.9999999693999999
0.9999999694999999
0.9999999694999999
0.9999999694999999
0.9999999694999999
0.9999999694999999
0.9999999694999999
0.9999999694999999
0.9999999694999999
0.9999999694999999
0.9999999694999999
0.9999999694999999
0.9999999694999999
0.9999999694999999
0.9999999694999999
0.9999999694999999
0.9999999694999999
0.9999999694999999
0.9999999694999999
0.9999999694999999
0.9999999694999999
0.9999999694999999
0.9999999694999999
0.9999999694999999
0.9999999694999999
0.9999999694999999
0.9999999694999999
0.9999999694999999
0.9999999694999999
0.9999999694999999
0.9999999694999999
0.9999999694999999
0.9999999694999999
0.9999999694999999
0.9999999694999999
0.9999999694999999
0.9999999694999999
0.9999999694999999
0.9999999694999999
0.9999999694999999
0.9999999694999999
0.9999999694999999
0.9999999694999999
0.9999999694999999
0.9999999694999999
0.9999999694999999
0.9999999694999999
0.9999999694999999
0.9999999694999999
0.9999999694999999
0.9999999694999999
0.9999999694999999
0.9999999694999999
0.9999999694999999
0.9999999694999999
0.9999999694999999
0.9999999695333333
0.9999999695333333
0.9999999695333333
0.9999999695333333
0.9999999695333333
0.9999999695333333
0.9999999695333333
0.9999999695333333
0.9999999695333333
0.9999999695333333
0.9999999695333333
0.9999999695333333
0.9999999695333333
0.9999999695333333
0.9999999695333333
0.9999999695333333
0.9999999695333333
0.9999999695333333
0.9999999695333333
0.9999999695333333
0.9999999695333333
0.9999999695333333
0.9999999695333333
0.9999999695333333
0.9999999695333333
0.9999999695333333
0.9999999695333333
0.9999999695333333
0.9999999695333333
0.9999999695333333
0.9999999695333333
0.9999999695333333
0.9999999695333333
0.9999999695333333
0.9999999695333333
0.9999999695333333
0.9999999695333333
0.9999999695333333
0.9999999695333333
0.9999999695333333
0.9999999695333333
0.9999999695333333
0.9999999695333333
0.9999999695333333
0.9999999695333333
0.9999999695333333
0.9999999695333333
0.9999999695333333
0.9999999788666666
0.9999999804333333
0.9999999805666666
0.9999999806
0.9999999806
0.9999999806
0.9999999806
0.9999999806
0.9999999806
0.9999999806
0.9999999806
0.9999999806
0.9999999806
0.9999999806
0.9999999806
0.9999999806
0.9999999806
0.9999999806
0.9999999806
0.9999999806
0.9999999806
0.9999999806
0.9999999806
0.9999999806
0.9999999806
0.9999999806
0.9999999806
0.9999999806
0.9999999806
0.9999999806
0.9999999806
0.9999999806
0.9999999878666667
0.9999999890333333
0.9999999891666667
0.9999999891666667
0.9999999891666667
0.9999999891666667
0.9999999891666667
0.9999999891666667
0.9999999891666667
0.9999999891666667
0.9999999891666667
0.9999999891666667
0.9999999891666667
0.9999999891666667
0.9999999891666667
0.9999999891666667
0.9999999891666667
0.9999999891666667
0.9999999891666667
0.9999999891666667
0.9999999891666667
0.9999999891666667
0.9999999891666667
0.9999999891666667
0.9999999891666667
0.9999999891666667
0.9999999891666667
0.9999999891666667
0.9999999891666667
0.9999999891666667
0.9999999891666667
0.9999999891666667
0.9999999891666667
0.9999999891666667
0.9999999891666667
0.9999999891666667
0.9999999891666667
0.9999999891666667
0.9999999891666667
0.9999999891666667
0.9999999891666667
0.9999999891666667
0.9999999891666667
0.9999999891666667
0.9999999891666667
0.9999999891666667
0.9999999891666667
0.9999999891666667
0.9999999891666667
0.9999999891666667
0.9999999891666667
0.9999999891666667
0.9999999891666667
0.9999999891666667
0.9999999891666667
0.9999999891666667
0.9999999891666667
0.9999999891666667
0.9999999891666667
0.9999999891666667
0.9999999891666667
0.9999999891666667
0.9999999891666667
0.9999999891666667
0.9999999891666667
0.9999999934666667
0.9999999941000001
0.9999999941666667
0.9999999941666667
0.9999999941666667
0.9999999941666667
0.9999999941666667
0.9999999941666667
0.9999999941666667
0.9999999941666667
0.9999999941666667
0.9999999941666667
0.9999999941666667
0.9999999941666667
0.9999999941666667
0.9999999941666667
0.9999999941666667
0.9999999941666667
0.9999999941666667
0.9999999941666667
0.9999999941666667
0.9999999941666667
0.9999999941666667
0.9999999941666667
0.9999999941666667
0.9999999941666667
0.9999999941666667
0.9999999941666667
0.9999999941666667
0.9999999941666667
0.9999999941666667
0.9999999941666667
0.9999999941666667
0.9999999941666667
0.9999999941666667
0.9999999941666667
0.9999999941666667
0.9999999941666667
0.9999999941666667
0.9999999941666667
0.9999999941666667
0.9999999974666668
0.9999999979666668
0.9999999980000002
0.9999999980000002
0.9999999980000002
0.9999999980000002
0.9999999980000002
0.9999999980000002
0.9999999980000002
0.9999999980000002
0.9999999980000002
0.9999999980000002
0.9999999980000002
0.9999999980000002
0.9999999980000002
0.9999999980000002
0.9999999980000002
0.9999999980000002
0.9999999980000002
0.9999999980000002
0.9999999980000002
0.9999999980000002
0.9999999980000002
0.9999999980000002
0.9999999980000002
0.9999999980000002
0.9999999980000002
0.9999999980000002
0.9999999980000002
0.9999999980000002
0.9999999980000002
0.9999999980000002
0.9999999980000002
0.9999999980000002
0.9999999980000002
0.9999999980000002
0.9999999980000002
0.9999999980000002
0.9999999980000002
0.9999999983333335
0.9999999983333335
0.9999999983333335
0.9999999983333335
0.9999999983333335
0.9999999983333335
0.9999999983333335
0.9999999983333335
0.9999999983333335
0.9999999983333335
0.9999999983333335
0.9999999983333335
0.9999999983333335
0.9999999983333335
0.9999999983333335
0.9999999983333335
0.9999999983333335
0.9999999983333335
0.9999999983333335
0.9999999983333335
0.9999999983333335
0.9999999983333335
0.9999999983333335
0.9999999983333335
0.9999999983333335
0.9999999983333335
0.9999999983333335
0.9999999983333335
0.9999999983333335
0.9999999983333335
0.9999999983333335
0.9999999983333335
0.9999999983333335
0.9999999983333335
0.9999999983333335
0.9999999983333335
0.9999999983333335
0.9999999983333335
0.9999999983333335
0.9999999983333335
0.9999999983333335
0.9999999983333335
0.9999999983333335
0.9999999983333335
0.9999999983333335
0.9999999983333335
0.9999999983333335
0.9999999983333335
0.9999999983333335
0.9999999983333335
0.9999999983333335
0.9999999983333335
0.9999999983333335
0.9999999983333335
0.9999999983333335
0.9999999983333335
0.9999999983333335
0.9999999983333335
0.9999999983333335
0.9999999983333335
0.9999999983333335
0.9999999983333335
0.9999999983333335
0.9999999983333335
0.9999999983333335
0.9999999983333335
0.9999999983333335
0.9999999983333335
0.9999999983333335
0.9999999983333335
0.9999999983333335
0.9999999983333335
0.9999999983333335
0.9999999983333335
0.9999999983333335
0.9999999983333335
0.9999999983333335
0.9999999983333335
0.9999999983333335
0.9999999983333335
0.9999999983333335
0.9999999983333335
0.9999999983333335
0.9999999983333335
0.9999999983333335
0.9999999983333335
0.9999999983333335
0.9999999983333335
0.9999999983333335
0.9999999983333335
0.9999999983333335
0.9999999983333335
0.9999999983333335
0.9999999983333335
0.9999999983333335
0.9999999983333335
0.9999999983333335
0.9999999983333335
0.9999999983333335
0.9999999983333335
0.9999999983333335
0.9999999983333335
0.9999999983333335
0.9999999983333335
0.9999999983333335
0.9999999983333335
0.9999999983333335
0.9999999983333335
0.9999999983333335
0.9999999983333335
0.9999999983333335
0.9999999983333335
0.9999999983333335
0.9999999983333335
0.9999999983333335
0.9999999983333335
0.9999999983333335
0.9999999983333335
0.9999999983333335
0.9999999983333335
0.9999999983333335
0.9999999983333335
0.9999999983333335
0.9999999983333335
0.9999999983333335
0.9999999983333335
0.9999999983333335
0.9999999983333335
0.9999999983333335
0.9999999983333335
0.9999999983333335
0.9999999983333335
0.9999999983333335
0.9999999983333335
0.9999999983333335
0.9999999983333335
0.9999999983333335
0.9999999983333335
0.9999999983333335
0.9999999983333335
0.9999999983333335
0.9999999983333335
0.9999999983333335
0.9999999983333335
0.9999999983333335
0.9999999983333335
0.9999999983333335
0.9999999983333335
0.9999999983333335
0.9999999983333335
0.9999999983333335
0.9999999983333335
0.9999999983333335
0.9999999983333335
0.9999999983333335
0.9999999983333335
0.9999999983333335
0.9999999983333335
0.9999999983333335
0.9999999983333335
0.9999999983333335
0.9999999983333335
0.9999999983333335
0.9999999983333335
0.9999999989666669
0.9999999990333336
0.9999999990333336
0.9999999990333336
0.9999999990333336
0.9999999990333336
0.9999999990333336
0.9999999990333336
0.9999999990333336
0.9999999990333336
0.9999999990333336
0.9999999990333336
0.9999999990333336
0.9999999990333336
0.9999999990333336
0.9999999990333336
0.9999999990333336
0.9999999990333336
0.9999999990333336
0.9999999990333336
0.9999999990333336
0.9999999990333336
0.9999999990333336
0.9999999990333336
0.9999999990333336
0.9999999990333336
0.9999999990333336
0.9999999990333336
0.9999999990333336
0.9999999990333336
0.9999999990333336
0.9999999990333336
0.9999999990333336
0.9999999990333336
0.9999999990333336
0.9999999990333336
0.9999999990333336
0.9999999990333336
0.9999999990333336
0.9999999990333336
0.9999999990333336
0.9999999990333336
0.9999999990333336
0.9999999990333336
0.9999999990333336
0.9999999990333336
0.9999999990333336
0.9999999990333336
0.9999999990333336
0.9999999990333336
0.9999999990333336
0.9999999991000003
0.9999999991000003
0.9999999991000003
0.9999999991000003
0.9999999991000003
0.9999999991000003
0.9999999991000003
0.9999999991000003
0.9999999991000003
0.9999999991000003
0.9999999991000003
0.9999999991000003
0.9999999991000003
0.9999999991000003
0.9999999991000003
0.9999999991000003
0.9999999991000003
0.9999999991000003
0.9999999991000003
0.9999999991000003
0.9999999991000003
0.9999999991000003
0.9999999991000003
0.9999999991000003
0.9999999991000003
0.9999999991000003
0.9999999991000003
0.9999999991000003
0.9999999991000003
0.9999999991000003
0.9999999991000003
0.9999999991000003
0.9999999991000003
0.9999999991000003
0.9999999991000003
0.9999999991000003
0.9999999991000003
0.9999999991000003
0.9999999991000003
0.9999999991000003
0.9999999991000003
0.9999999991000003
0.9999999991000003
0.9999999991000003
0.9999999991000003
0.9999999991000003
0.9999999991000003
0.9999999991000003
0.9999999991000003
0.9999999991000003
0.9999999991000003
0.9999999991000003
0.9999999991000003
0.9999999991000003
0.9999999991000003
0.9999999991000003
0.9999999991000003
0.9999999991000003
0.9999999991000003
0.9999999991000003
0.9999999991000003
0.9999999991000003
0.9999999991000003
0.9999999991000003
0.9999999991000003
0.9999999991000003
0.9999999991000003
0.9999999991000003
0.9999999991000003
0.9999999991000003
0.9999999991000003
0.9999999991000003
0.9999999991000003
0.9999999991000003
0.9999999991000003
0.9999999991000003
0.9999999991000003
0.9999999991000003
0.9999999991000003
0.9999999991000003
0.9999999991000003
0.9999999991000003
0.9999999991000003
0.9999999991000003
0.9999999991000003
0.9999999991000003
0.9999999991000003
0.9999999991000003
0.9999999991000003
0.9999999991000003
0.9999999991000003
0.9999999991000003
0.9999999991000003
0.9999999991000003
0.9999999991000003
0.9999999991000003
0.9999999991000003
0.9999999991000003
0.9999999991000003
0.9999999991000003
0.9999999991000003
0.9999999991000003
0.9999999991000003
0.9999999991000003
0.9999999991333336
0.9999999991333336
0.9999999991333336
0.9999999991333336
0.9999999991333336
0.9999999991333336
0.9999999991333336
0.9999999991333336
0.9999999991333336
0.9999999991333336
0.9999999991333336
0.9999999991333336
0.9999999991333336
0.9999999991333336
0.9999999991333336
0.9999999991333336
0.9999999991333336
0.9999999991333336
0.9999999991333336
0.9999999991333336
0.9999999991333336
0.9999999991333336
0.9999999991333336
0.9999999991333336
0.9999999991333336
0.9999999991333336
0.9999999991333336
0.9999999991333336
0.9999999991333336
0.9999999991333336
0.9999999991333336
0.9999999991333336
0.9999999991333336
0.9999999991333336
0.9999999991333336
0.9999999991333336
0.9999999991333336
0.9999999991333336
0.9999999991333336
0.9999999991333336
0.9999999991333336
0.9999999991333336
0.9999999991333336
0.9999999991333336
0.9999999991333336
0.9999999991333336
0.9999999991333336
0.9999999991333336
0.9999999991333336
0.9999999991333336
0.9999999991333336
0.9999999991333336
0.9999999991333336
0.9999999991333336
0.9999999991333336
0.9999999991333336
0.9999999991333336
0.9999999991333336
0.9999999991333336
0.9999999991333336
