0.0
3.348883333333334e-05
7.04461e-05
0.00011225456666666666
0.00015960473333333333
0.00021476623333333334
0.0002780812
0.00034503643333333336
0.00042807943333333335
0.0005236678666666667
0.0006333036000000001
0.0007495025333333334
0.0008872403333333335
0.0010401256333333335
0.0012169221333333336
0.0014302138000000003
0.0016677950000000003
0.0019408312666666671
0.0022474629666666673
0.0026191800000000005
0.0030094127000000006
0.003570337733333334
0.004124983566666667
0.0048116027666666675
0.005516363800000001
0.006450589833333334
0.007357726733333334
0.008505226833333334
0.009670036933333334
0.011190457333333334
0.012738938766666668
0.012917846100000002
0.013110955900000002
0.013345560633333335
0.013615160333333334
0.013923898333333334
0.014408606166666667
0.0147999114
0.015237588333333335
0.015935801533333335
0.016533633633333336
0.017203313333333334
0.018222128433333335
0.019087437066666667
0.020112296533333334
0.0215294837
0.023030927033333336
0.024541001233333335
0.026833267033333337
0.028760345900000005
0.031224365600000005
0.034224628900000005
0.037275364000000005
0.04037169050000001
0.04500866130000001
0.04904839956666668
0.04921751360000001
0.049434143600000015
0.04972142740000002
0.05009750430000002
0.05059052010000002
0.05121679403333335
0.052028503733333356
0.05297280790000002
0.05432172656666669
0.05603889690000002
0.057399660066666684
0.05898434676666668
0.06070977120000001
0.06416954233333334
0.06645524520000001
0.06929679326666668
0.07218181846666669
0.07691145333333335
0.08115396233333336
0.08559911840000002
0.08999530656666668
0.09708273786666669
0.10297943836666669
0.10362751310000003
0.10405578113333336
0.1046384757666667
0.10530276780000003
0.10614554160000003
0.10709087846666669
0.10834233683333336
0.11082218160000003
0.11260401526666669
0.11464637373333336
0.1175179005666667
0.1216212508666667
0.12447942533333337
0.12949426913333337
0.13302208890000003
0.13742965140000002
0.1451042856666667
0.15033025350000004
0.15530636890000005
0.1627760489333334
0.16956956586666672
0.16989814913333337
0.17026871243333336
0.1707561318666667
0.1712934330666667
0.17211506050000003
0.17359810820000002
0.17463648063333334
0.17596936470000002
0.17748355963333334
0.17983487276666668
0.1819513148
0.18433763430000003
0.1869416949
0.1910797736
0.1942914302
0.20144521016666667
0.20528250693333333
0.21056374243333334
0.21581470303333333
0.2212192966
0.226111635
0.23700796083333334
0.24433855426666667
0.24508724983333335
0.24605096813333335
0.24726155783333334
0.24936670903333333
0.25109495086666667
0.2548992944
0.2572565133
0.25986796826666664
0.26360249919999995
0.26695317756666664
0.2746304358333333
0.27846854719999997
0.2858630070666666
0.2925704972333333
0.29766823926666663
0.30198842649999996
0.3112511905333333
0.3195983100333333
0.3200520993333333
0.32056211949999996
0.32129695606666664
0.3226531670333333
0.3237425127333333
0.3250999093
0.32767678089999996
0.32997370083333327
0.33186474983333325
0.33436723283333325
0.33708747136666656
0.34068046413333325
0.34784468143333325
0.3511434718999999
0.35473228966666653
0.3604360897333332
0.36705360979999985
0.3715332029333332
0.37501761236666653
0.3844863253333332
0.3874356670333332
0.38825760796666653
0.3894551463666665
0.3909325463333332
0.39256554719999986
0.3945675840333332
0.39712368556666655
0.3998458062333332
0.40474071489999985
0.4102175549333332
0.4133109725999998
0.4164778986333332
0.4222130446999998
0.4335949011666665
0.43732353483333314
0.43991533416666645
0.44494839776666645
0.44820509516666646
0.44883818663333314
0.4498682370333331
0.45115588146666646
0.45272579596666646
0.45579492303333313
0.45785749576666646
0.4614439517999998
0.4639706807666665
0.46660274276666647
0.4705926904999998
0.47337196106666646
0.47822577529999977
0.4808789631999998
0.4883773275999998
0.49194155456666644
0.49492933196666644
0.49671825086666643
0.5025051266666665
0.5044393803333331
0.5053165753999997
0.5068829888666664
0.5082423493666663
0.5113644359666664
0.5129994085999997
0.5172939660999997
0.5200731101666664
0.5233350249666664
0.525761688233333
0.5289702845333331
0.5342479147333331
0.5385894109666665
0.5409912702999998
0.5498944082666665
0.5520132028666664
0.5577295828333331
0.5620271588666664
0.5651532817666665
0.5663038561333331
0.5738733439666664
0.5762097522333332
0.5768728229666665
0.5776107098666665
0.5785439801999999
0.5803184727666665
0.5817312095999998
0.5834045021333332
0.5853557550333331
0.5882585198999998
0.5904039904666665
0.5926745008999998
0.5958138182333331
0.5999232837333331
0.6019254761333331
0.6073075783333332
0.6089250647999999
0.6112034177666665
0.6139895632999999
0.6167307798999999
0.6174224134333333
0.6222614296
0.6225449164666667
0.6239930807666667
0.6256792961000001
0.6286827471
0.6307565761
0.6337955818666667
0.6388315076666667
0.6404447663
0.6467649467666667
0.6479478241666667
0.6535173040333334
0.6559835541333334
0.6563729999666668
0.6602031071666667
0.6630735096000001
0.6638965158333334
0.6649183632333334
0.6660399591666668
0.6685477863666668
0.6700141356333335
0.6716897547666668
0.6746472477666668
0.6777214647333335
0.6796309418000002
0.6814828366666669
0.6843960872666669
0.6860417175333335
0.6894423081666669
0.6907007329000002
0.6950900572000003
0.6959200714666669
0.6985245815666669
0.7000534950333335
0.7023209875000002
0.7025267555333335
0.7054237735000002
0.7054756634000002
0.7069439419000002
0.7085877596000002
0.7116613273000002
0.7147592571000002
0.7163779479000002
0.7191148519333336
0.7236630088666669
0.7246145161666669
0.7251740503000003
0.727516864366667
0.7312870205000003
0.7333445428333336
0.7334466986666669
0.7374209965333336
0.7374405960666669
0.7383282897333335
0.7394072706000002
0.7408624480000002
0.7424558976666669
0.7455179719666669
0.7490210563000003
0.7504072369000002
0.7529266414666669
0.7577399501666668
0.7584380033333336
0.7588007492666669
0.7625998495666668
0.7645862249000002
0.7664249970333334
0.7664727044000001
0.7698489632000002
0.7711687831666668
0.7725972465666668
0.7741246118333335
0.7756739895666668
0.7785955302666667
0.7797594157000001
0.781972396
0.7844680985
0.7849653857666666
0.7851917318333334
0.7869616098
0.7885137663666666
0.7885347433333333
0.7899275451
0.7906362265
0.7914159659333333
0.7923478434666666
0.7934536564333333
0.7947216781333333
0.7961113756999999
0.7975598915
0.7989636276666666
0.8002850598666666
0.8015162400333333
0.8037868503333333
0.8047455943333333
0.8065552391333333
0.8071988303333333
0.8092604818333333
0.8096047208
0.8112921354333333
0.8114281660333333
0.8128386069666667
0.8128772290666667
0.8141009886
0.8141096796666667
0.8151851632
0.8151858136333333
0.8164359897666666
0.8177765247333333
0.8191363747999999
0.8223706409999999
0.8251939080999999
0.8259691184999999
0.8273446892999998
0.8295988795666664
0.8298305613666664
0.8326753721666664
0.8327541575666664
0.8350481386999997
0.8363429927666663
0.837267161333333
0.8372705564666664
0.839031748333333
0.8395752119999997
0.840389928333333
0.8413460753666664
0.8424507346999998
0.8436748203999997
0.8449574977333331
0.8462217206666663
0.847351703333333
0.8482537102666663
0.8488692391666663
0.8493403168666663
0.849689171933333
0.850906788833333
0.8510584632666663
0.8520208738999997
0.852064870133333
0.8528632950666664
0.852871792333333
0.853559847933333
0.8535610991666662
0.8541480693666662
0.8541481145999995
0.8560273500999995
0.8580115305999996
0.8599212538999996
0.8631205494999996
0.8642489080666663
0.8665325747666663
0.868531733133333
0.8691941111999997
0.8725154136666663
0.8730613522333329
0.8741705033999996
0.8757472720666662
0.8767347633999996
0.8771701669999996
0.8785769545666663
0.8794109450999996
0.8812172388999996
0.8831948895666663
0.8851453755666663
0.8869787859333329
0.8885786907666662
0.8895876726333328
0.8903515855333328
0.8909518137999994
0.8914535764999995
0.8930752359333328
0.8940741490999995
0.8949241364333328
0.8953157288999994
0.8964035125999994
0.8967492517666661
0.8986943897333327
0.9005934291999994
0.9023356784999994
0.9038138711999995
0.9049989089666661
0.9058946640333327
0.9075249534333327
0.9080634096666661
0.9085155479666661
0.9089365155333328
0.9097444855333328
0.9104804598333328
0.9108222019333329
0.9116632440999995
0.9119582270666662
0.9129084075666661
0.9148641971666661
0.9168050152333328
0.9186378902333328
0.9202782283333327
0.9216314207333327
0.922692066866666
0.923482299066666
0.9240801226333327
0.9245578169666661
0.9249574852999994
0.9252988713999994
0.9256140658999994
0.925904465166666
0.9264225310999994
0.9266672136333327
0.9284186967333327
0.9299432980999993
0.9306232380333327
0.931706723866666
0.9321109714999993
0.9324433653666659
0.9334316641333326
0.9336594286666658
0.9339428165999992
0.9344576232666659
0.9354265248999992
0.9373386468333326
0.9389929631999993
0.9405375628666659
0.9419370898666659
0.9430209836666659
0.9439629832999992
0.9447688447666658
0.9453463705666658
0.9458420901333324
0.9462706688999991
0.9470196377666658
0.9473553527666657
0.9482271278666657
0.9484972971666658
0.9492901852333324
0.9495082205666657
0.9499270988666657
0.9501011633333324
0.9506915112666657
0.9508400362666657
0.9517730926333323
0.9534458439333323
0.9549978547666657
0.956270970199999
0.9573917587333323
0.9582076364333323
0.9588949525666656
0.9593756420333323
0.9597844155666656
0.9601344121666656
0.9607712600666656
0.9610389892666655
0.9617538022666655
0.9619622778999989
0.9623788175999989
0.9626294840666656
0.9629569266999989
0.9630806217333322
0.9633510269333322
0.9634442561666655
0.9642765943333322
0.9656883158333323
0.9668060530666656
0.9676086178666655
0.9682837289333321
0.9687411784999989
0.9691185642999989
0.9694351967666656
0.9697026673666655
0.9699013402999989
0.9703181967333322
0.9704674896999989
0.9708348555666655
0.9709461222999988
0.9711943239333322
0.9712759576333322
0.9714545876333321
0.9716298647333321
0.9728984279333321
0.9738648100999988
0.9746810513666655
0.9752273409666655
0.9755141890666655
0.9757506655999989
0.9762870895666655
0.9764272887333322
0.9765280250999988
0.9767774594999988
0.9772166861333321
0.9774008317999988
0.9774506552666655
0.9776933113999988
0.9777274048666655
0.9782864027999989
0.9792585215333323
0.9800747223999989
0.9807475056999989
0.9812791188333323
0.9817069152666656
0.982043571299999
0.982307253999999
0.9825156617666656
0.9826837923999989
0.9828202724666656
0.9831598387999989
0.9832529608999989
0.983509180899999
0.9835727437999989
0.9837613723666656
0.983804062299999
0.9839390428333323
0.9839671288333324
0.9840543403999991
0.9840724400333324
0.9847491748333324
0.9854257887333323
0.9855697468333323
0.9859255742666656
0.9859827150999989
0.9860192307333322
0.9863882565666655
0.9865325738333321
0.9867275898333322
0.9867415523333322
0.9868815589666655
0.9869493462999989
0.9872187626999989
0.9876371158666656
0.987945225399999
0.9881783665666656
0.9883492867333322
0.9884741077999989
0.9885663791666656
0.9886363947333322
0.9886898408666656
0.9889017544666656
0.9889339954999989
0.9890863053666656
0.9891055921666656
0.9892119484666656
0.9892232121333323
0.9892951271666657
0.989301528999999
0.9893439780666656
0.9893475194666657
0.9895039776333323
0.9896638179666657
0.989718325899999
0.9897579179666657
0.989925721699999
0.9899418086333324
0.989950646699999
0.9900312204666657
0.9900843401666657
0.990086782399999
0.990116833399999
0.990125899199999
0.9901985712333323
0.990550970199999
0.9908430199666657
0.9908703268333323
0.9910388196333323
0.9910515742333323
0.991057931899999
0.9912326744333324
0.9912358068999991
0.9912974361666658
0.9913190737999991
0.9914008093666657
0.9914014957333324
0.9914523356666657
0.9914798958999991
0.9915128206666657
0.9915531453666657
0.9917272487666657
0.9917422466666658
0.9917519767666658
0.9918275949666658
0.9919375489333325
0.9919404922999991
0.9920375332999991
0.9920388755999991
0.9920870952666658
0.9920925302333325
0.9921226555999992
0.9921229055666659
0.9921391651666659
0.9921392668666659
0.9921460997666659
0.9921501611333325
0.9922492295666658
0.9924218432666658
0.9924228336333325
0.9924232320999992
0.9925170444333324
0.9925698608999991
0.9925926463333324
0.9925927031666658
0.9926498076666658
0.9926498277333324
0.9926526756333325
0.9927276206333325
0.9928066183999992
0.9928068951666659
0.9929162185999992
0.9929163152666659
0.9929567424333325
0.9929871704666658
0.9929871807333325
0.9929986189666659
0.9930116680666659
0.9930122328999992
0.9930127346999992
0.9930129537999992
0.9930749472999992
0.9930750081333326
0.993113346766666
0.9931133645999993
0.993136110966666
0.993136115966666
0.9931489784999993
0.9931489798333326
0.9931547962999993
0.9931547966333326
0.9931548908333326
0.9931809601999994
0.993232137366666
0.993232151766666
0.993268986666666
0.9932689902999993
0.9932865179999992
0.9932873460333326
0.9932968993666659
0.9932968995666659
0.993301066566666
0.9933010665999993
0.993301073466666
0.9933864009333326
0.9933864025333327
0.9934192445999993
0.9934192448999993
0.9934374439333327
0.993439910266666
0.9934494489999993
0.9934494489999993
0.993453615866666
0.993458150866666
0.9935089175999994
0.9935367779333327
0.9935548166333328
0.9935795025999995
0.9935998475999995
0.9936139767999995
0.9936210280666662
0.9936286117666662
0.9936330889666661
0.9936330889999995
0.9936480176666661
0.9936480176666661
0.9936556740666661
0.9936556740666661
0.9936593885666661
0.9936593885666661
0.9936607543999995
0.9936607543999995
0.9936696962333328
0.9936863820666662
0.9936924579999995
0.9936993507666662
0.9937023080666662
0.9937055668333328
0.9937072004999994
0.9937072004999994
0.9937114402999994
0.9937114402999994
0.993713334766666
0.993713334766666
0.993713958266666
0.993713958266666
0.9937170770333327
0.9937231361333326
0.993726120866666
0.9937273065333326
0.9937285687666659
0.993729194366666
0.993729998466666
0.9937309447333327
0.9937309447333327
0.9937323681333327
0.993732910666666
0.9937335575333327
0.9937340019666661
0.9937344835999994
0.9937346881333328
0.9937346881333328
0.9937348035999994
0.9937348035999994
0.9937348775666661
0.9937350932999994
0.9937350932999994
0.9938563557666661
0.9941658086999994
0.9942205927666661
0.9943130110333327
0.994337281666666
0.994370080066666
0.9943980949666661
0.9944035256333328
0.9944060545999994
0.9944139824333328
0.9944158114999995
0.9944198336333328
0.9944203141999994
0.9944235518999994
0.9944237477333328
0.9944251111333328
0.9944251886666661
0.9944257611999994
0.9944257896666661
0.9944260144333328
0.9944260245999994
0.994728924066666
0.9949330491333327
0.9950398752999994
0.9950817377333327
0.9950931650666661
0.9950950721666662
0.9950952021999995
0.9950952420333328
0.9951054390999995
0.9951066684999995
0.9951066685666662
0.9951066704666662
0.9951066704666662
0.9951099655333329
0.9951099655333329
0.9951108444333329
0.9951108444333329
0.9951111381666662
0.9951111501666662
0.9951112411999995
0.9951112411999995
0.9951112594999995
0.9951113065666661
0.9951706521666661
0.9952201962999995
0.9952510205666661
0.9952628320666661
0.9952703005333328
0.9952734278333327
0.9952864478666661
0.9952872636999994
0.9952877722666661
0.9952880850333328
0.995290192366666
0.9952903059999993
0.9952912519999993
0.9952912910999994
0.9952915169666661
0.9952918156333327
0.9952918827333327
0.9952918866999994
0.9952919000999993
0.995291901466666
0.9956050404333326
0.9958683065333327
0.9960823048999994
0.9962509287333328
0.9963703078999995
0.9964524462333328
0.9965031268333329
0.9965323959333329
0.9965475164333328
0.9965545859333328
0.9965573381999995
0.9965583381333328
0.9965586188333329
0.9965586724666662
0.9965586874666662
0.9965586896333328
0.9965586898999995
0.9965586899333329
0.9965586899333329
0.9965586899333329
0.9965601415333328
0.9965601415333328
0.9965606019999995
0.9965606019999995
0.9965607417333329
0.9965607417333329
0.9965607808666662
0.9965607808666662
0.9965607877333329
0.9965607877333329
0.9965851171666662
0.9966018057333329
0.9966073436333329
0.9966181677666662
0.9966202716999996
0.9966205411999995
0.9966206993999995
0.9966209379666662
0.9966209672333328
0.9966213206999995
0.9966213295333328
0.9966214667666662
0.9966214693999995
0.9966214960666662
0.9966214967666662
0.9966215012999996
0.9966215137999996
0.9968013955666664
0.9969393471999997
0.9970017327666664
0.9971047359666664
0.9971090221333331
0.9971095326999997
0.9971095539999997
0.997114488633333
0.9971158749999997
0.9971158749999997
0.9971168774666663
0.9971168775999997
0.9971168775999997
0.997117281833333
0.997117281833333
0.997117498033333
0.997117505833333
0.9971175456999997
0.9971175456999997
0.997117580233333
0.997117580233333
0.9971258430999996
0.9971280768333329
0.9971292845999996
0.9971296704666662
0.9971297375333329
0.9971297738333329
0.9971303945666662
0.9971303997666662
0.9971304010999995
0.9971304450999995
0.9971305599999994
0.9971305705333328
0.9971305705999994
0.9971305803999995
0.9971305803999995
0.9973248614666661
0.9974366430999995
0.9974834538333328
0.9974971030333328
0.9974996501333329
0.9974999040333329
0.9974999121999996
0.9975024682999996
0.9975024682999996
0.9975024682999996
0.9975024682999996
0.9975030138999995
0.9975030138999995
0.9975031307666662
0.9975031307666662
0.9975031596999995
0.9975031601666662
0.9975031667333328
0.9975031667333328
0.9975031675999995
0.9975031705999995
0.9975051194999995
0.9975229690666662
0.9975237820999995
0.9975241720666661
0.9975280086333328
0.9975281119999995
0.9975281655666661
0.9975287023333328
0.9975287161333328
0.9975287229666662
0.9975287559999995
0.9975290908666661
0.9975290915999994
0.997529174466666
0.9975291745999993
0.9975291938333327
0.9975291938333327
0.9975291979333327
0.9975291979333327
0.9975291984333328
0.9975291984333328
0.9977410916666661
0.9979060835666661
0.9980299428333328
0.9981196641999994
0.9981763457666661
0.9982110496666662
0.9982292829333328
0.9982383889333328
0.9982422966999995
0.9982437804999995
0.9982442181999995
0.9982443411999995
0.9982443656666662
0.9982443686999996
0.9982443693333329
0.9982443693999996
0.9982443693999996
0.9982443693999996
0.9982443693999996
0.9982443693999996
0.9982446136666663
0.9982446136666663
0.9982446702999996
0.9982446702999996
0.9982446828999997
0.9982446828999997
0.9982446854666663
0.9982446854666663
0.9982446857666664
0.9982446857666664
0.9982529016666664
0.9982536111999997
0.9982537208666663
0.9982537609666663
0.9982537755999996
0.9982537858666662
0.9982537904999996
0.9982537932666663
0.9982537953666663
0.9984373715666662
0.9985764391333329
0.9986779187333329
0.9987492605666662
0.9987925422666663
0.9988179652999996
0.9988305706666663
0.9988365528666663
0.9988389561999996
0.9988398036666662
0.9988400298666662
0.9988400878999996
0.9988400980999995
0.9988400991999995
0.9988400993999995
0.9988400994333329
0.9988400994333329
0.9988400994333329
0.9988400994333329
0.9988400994333329
0.9988402284666662
0.9988402284666662
0.9988402551999995
0.9988402551999995
0.9988402605333329
0.9988402605333329
0.9988402614999995
0.9988402614999995
0.9988402615999995
0.9988402615999995
0.9988403010666662
0.9988403255333329
0.9988417337999995
0.9988417373333328
0.9988417387666662
0.9988418831333328
0.9988418833999995
0.9988418834999995
0.9988418888666661
0.9988419818666662
0.9988419818666662
0.9988420001666661
0.9988420001666661
0.9988420035999994
0.9988420035999994
0.9988420041666661
0.9988420041666661
0.9988420041999995
0.9988420041999995
0.9989634107333328
0.9989841780999995
0.9989924856333329
0.9989959283333328
0.9989974517666662
0.9989976495999996
0.9989977194666663
0.9989977415666663
0.998997748333333
0.9989977541999997
0.9989977561666664
0.9989977575333331
0.9989977580666665
0.9989977583999998
0.9989977585666665
0.9989977611666665
0.9989977615666665
0.9989977615666665
0.9989977615666665
0.9989978091333332
0.9989978091333332
0.9989978091333332
0.9989978105333333
0.9989978107666666
0.9989978107666666
0.9989978107999999
0.9989978107999999
0.9990416799999999
0.9990548483999999
0.9990606254333333
0.9990608860333333
0.9990608979666666
0.9990609493
0.9990610092
0.9990610092
0.9990610121333333
0.9990610121333333
0.9990610485
0.9990610485
0.9990610541
0.9990610541
0.9990610581666667
0.9990610582333334
0.9990610583666667
0.9990610583666667
0.9990610586
0.9990610586
0.9990615613333333
0.9990616143000001
0.9990616306666668
0.9990616349333334
0.9990616360333334
0.9990616367
0.9990616369666667
0.9990616371666667
0.9990616372333334
0.9990616373000001
0.9990616373666668
0.9991764905000001
0.9992561527000001
0.9993092517666667
0.9993431825333334
0.9993612758666668
0.9993705882666668
0.9993744185666668
0.9993759665333334
0.9993764705
0.9993766108333333
0.9993766379666666
0.9993766432
0.9993766438333334
0.9993766439
0.9993766439
0.9993766439
0.9993766439
0.9993766439
0.9993766439
0.9993766439
0.9993766606000001
0.9993766606000001
0.999376663
0.999376663
0.9993766633333334
0.9993766633333334
0.9993766633666668
0.9993766633666668
0.9993766633666668
0.9993766633666668
0.9993766633666668
0.9993768739000001
0.9993768739000001
0.9993768739000001
0.9993768742333334
0.9993768858666667
0.9993768858666667
0.9993768876333334
0.9993768876333334
0.9993768878333334
0.9993768882666668
0.9993768883000002
0.9993768883000002
0.9993768883000002
0.9993768883000002
0.9994028949666668
0.9994205005333334
0.9994258292666668
0.9994274957333334
0.9994280347333334
0.9994282023666667
0.9994283486000001
0.9994283616333334
0.9994283648666668
0.9994283656333334
0.9994283657666667
0.9994283658
0.9994283658333334
0.9994283658333334
0.9994283658333334
0.9994283658666667
0.9994283658666667
0.9994283858333334
0.9994283916333334
0.9994283916333334
0.9994283916333334
0.9994283920666668
0.9994283921333335
0.9994283922333335
0.9994283922333335
0.9994283922666668
0.9994283922666668
0.9995098033333335
0.9995627923000001
0.9995958924333335
0.9996156467000001
0.9996252520000002
0.9996297501000002
0.9996313657000002
0.9996319486333336
0.9996321119333336
0.9996321503666669
0.9996321562333336
0.9996321571666669
0.9996321572666669
0.9996321572666669
0.9996321572666669
0.9996321572666669
0.9996321572666669
0.9996321572666669
0.9996321572666669
0.9996321572666669
0.9996321611000002
0.9996321611000002
0.9996321615333336
0.9996321615333336
0.9996321615666669
0.9996321615666669
0.9996321616000002
0.9996321616000002
0.9996321616000002
0.9996321616000002
0.9996321635000003
0.999632163966667
0.9996321640333337
0.9996321640333337
0.9996321641000003
0.9996321641000003
0.9996321641000003
0.9996321641000003
0.999700073266667
0.999742830066667
0.9997686504333336
0.999783521666667
0.9997904137000003
0.9997934864333337
0.999794514366667
0.9997948642000003
0.9997949548000002
0.9997949743333335
0.9997949769666669
0.9997949773333336
0.9997949773666669
0.9997949773666669
0.9997949773666669
0.9997949773666669
0.9997949773666669
0.9997949773666669
0.9997949773666669
0.9997949773666669
0.9997949791666669
0.9997949791666669
0.9997949793333336
0.9997949793333336
0.9997949793333336
0.9997949793333336
0.9997949793333336
0.9997949793333336
0.9997949793333336
0.9997949793333336
0.9997949793333336
0.9997949793333336
0.9997949793333336
0.9997949805333336
0.9997949805333336
0.9997949806333336
0.9997949806333336
0.9997949806333336
0.9997949806333336
0.9997949806333336
0.9997949806333336
0.9997949806333336
0.9997949806333336
0.9997970558333336
0.9997972209666669
0.9997972577000003
0.9997972611666669
0.9997972776333336
0.9997972779000003
0.9997972780000003
0.9997972789000003
0.9997972789333336
0.9997972789333336
0.9997972789666669
0.9997972789666669
0.9997972789666669
0.9997972789666669
0.9997972789666669
0.9997972789666669
0.9997972789666669
0.9997972789666669
0.9997972795000003
0.9997972795000003
0.9997972795333336
0.9997972795333336
0.9997972795333336
0.9997972795333336
0.9997972795333336
0.9997972795333336
0.9997972795333336
0.9997972795333336
0.9998126210000003
0.9998208272333337
0.9998231663000003
0.999823171066667
0.9998231711000003
0.9998232034333336
0.9998232136333336
0.9998232136333336
0.999823214066667
0.9998232144000003
0.9998232144000003
0.9998232144000003
0.9998232144000003
0.9998232144000003
0.9998232144000003
0.9998232144000003
0.9998232144000003
0.9998232144000003
0.9998232144000003
0.9998232144000003
0.9998232144000003
0.9998232144000003
0.9998232144000003
0.9998232144000003
0.9998232144000003
0.9998232144000003
0.9998232144000003
0.9998232144000003
0.9998612180000003
0.9998827527666669
0.9998944391000003
0.9999004549333337
0.9999028510333337
0.9999037659333336
0.9999040100000003
0.9999040791666669
0.999904093166667
0.9999040954666669
0.9999040956666669
0.9999040957000003
0.9999040957000003
0.9999040957000003
0.9999040957000003
0.9999040957000003
0.9999040957000003
0.9999040957000003
0.9999040957000003
0.9999040957000003
0.999904095866667
0.999904095866667
0.999904095866667
0.999904095866667
0.999904095866667
0.999904095866667
0.999904095866667
0.999904095866667
0.999904095866667
0.999904095866667
0.999904095966667
0.9999040960000003
0.9999040960000003
0.9999040960000003
0.9999040960000003
0.9999040960000003
0.9999040960000003
0.9999040960000003
0.9999041351333336
0.9999041427000003
0.9999041436666669
0.9999041438000003
0.9999041438333336
0.9999041438333336
0.9999041438333336
0.9999041438333336
0.9999041438333336
0.9999041438333336
0.9999041438333336
0.9999041438333336
0.9999041438333336
0.9999041438333336
0.9999041438333336
0.9999041438333336
0.9999041438333336
0.9999041438333336
0.9999041438333336
0.9999041438333336
0.9999041438333336
0.9999041438333336
0.9999041438333336
0.9999041438333336
0.9999041438333336
0.9999041438333336
0.9999041438333336
0.9999291903333336
0.9999423573000003
0.9999489812333335
0.9999521304666669
0.9999532573333335
0.9999536429333336
0.9999537304000002
0.9999537522000003
0.9999537559333336
0.9999537564333336
0.999953756466667
0.999953756466667
0.999953756466667
0.999953756466667
0.999953756466667
0.999953756466667
0.999953756466667
0.999953756466667
0.999953756466667
0.999953756466667
0.9999537565000003
0.9999537565000003
0.9999537565000003
0.9999537565000003
0.9999537565000003
0.9999537565000003
0.9999537565000003
0.9999537565000003
0.9999537565000003
0.9999537565000003
0.9999537565000003
0.9999537565000003
0.9999537565000003
0.9999537565000003
0.9999537565000003
0.9999537565000003
0.999956005566667
0.9999562517333337
0.999956251966667
0.999956251966667
0.999956251966667
0.999956251966667
0.999956251966667
0.999956251966667
0.999956251966667
0.999956251966667
0.9999562520000004
0.9999562520000004
0.9999562520000004
0.9999562520000004
0.9999562520000004
0.9999562520000004
0.9999562520000004
0.9999562520000004
0.9999562520000004
0.9999562520000004
0.9999562520000004
0.9999562520000004
0.9999562520000004
0.9999562520000004
0.9999562520000004
0.9999562520000004
0.9999562520000004
0.9999562521000004
0.9999562521333337
0.9999562521333337
0.9999562521333337
0.9999562523333337
0.9999562523333337
0.9999562523333337
0.9999562523333337
0.9999562523333337
0.9999562523333337
0.9999562523333337
0.9999562523333337
0.9999562523333337
0.9999562523333337
0.9999562523333337
0.9999562523333337
0.9999562523333337
0.9999562523333337
0.9999562523333337
0.9999562523333337
0.9999562523333337
0.9999562523333337
0.9999562523333337
0.9999562523333337
0.9999562523333337
0.9999690740333338
0.9999750543000004
0.9999777214666671
0.9999788392000004
0.9999791766333338
0.9999792736666672
0.9999792906333338
0.9999792941000004
0.9999792945666671
0.9999792946333338
0.9999792946333338
0.9999792946333338
0.9999792946333338
0.9999792946333338
0.9999792946333338
0.9999792946333338
0.9999792946333338
0.9999792946333338
0.9999792946333338
0.9999792946333338
0.9999792946333338
0.9999792946333338
0.9999792946333338
0.9999792946333338
0.9999792946333338
0.9999792946333338
0.9999792946333338
0.9999792946333338
0.9999792946333338
0.9999792946333338
0.9999792946333338
0.9999792946333338
0.9999792946333338
0.9999792946333338
0.9999792946333338
0.9999800725333338
0.9999800821000004
0.9999800821333338
0.9999800821333338
0.9999800821333338
0.9999800821333338
0.9999800821333338
0.9999800821333338
0.9999800821333338
0.9999800821333338
0.9999800821333338
0.9999800821333338
0.9999800821333338
0.9999800821333338
0.9999800821333338
0.9999800821333338
0.9999800821333338
0.9999800821333338
0.9999800821333338
0.9999800821333338
0.9999800821333338
0.9999800821333338
0.9999800821333338
0.9999800821333338
0.9999800821333338
0.9999800821666671
0.9999800821666671
0.9999800821666671
0.9999800821666671
0.9999800821666671
0.9999800821666671
0.9999800821666671
0.9999800821666671
0.9999800821666671
0.9999800821666671
0.9999800821666671
0.9999800821666671
0.9999800821666671
0.9999800821666671
0.9999800821666671
0.9999800821666671
0.9999800821666671
0.9999800821666671
0.9999804494333338
0.9999804715333338
0.9999804715333338
0.9999804715333338
0.9999804715333338
0.9999804715333338
0.9999804715333338
0.9999804715333338
0.9999804715333338
0.9999804715333338
0.9999804715333338
0.9999804715333338
0.9999804715333338
0.9999804715333338
0.9999804715333338
0.9999804715333338
0.9999804715333338
0.9999804715333338
0.9999804715333338
0.9999804715333338
0.9999804715333338
0.9999853130000005
0.9999872126666671
0.9999879252333338
0.9999881743666671
0.9999882333000004
0.9999882465000004
0.9999882481000004
0.9999882483333338
0.9999882483666671
0.9999882483666671
0.9999882483666671
0.9999882483666671
0.9999882483666671
0.9999882483666671
0.9999882483666671
0.9999882483666671
0.9999882483666671
0.9999882483666671
0.9999882483666671
0.9999882483666671
0.9999882483666671
0.9999882483666671
0.9999882483666671
0.9999882483666671
0.9999882483666671
0.9999882483666671
0.9999882483666671
0.9999882483666671
0.9999882483666671
0.9999882483666671
0.9999882483666671
0.9999882483666671
0.9999882483666671
0.9999882483666671
0.9999882483666671
0.9999882483666671
0.9999882483666671
0.9999882483666671
0.9999882483666671
0.9999882483666671
0.9999882483666671
0.9999882483666671
0.9999882483666671
0.9999882483666671
0.9999882483666671
0.9999883331333338
0.9999883353333338
0.9999883356333338
0.9999883356666671
0.9999883356666671
0.9999883356666671
0.9999883356666671
0.9999883356666671
0.9999883356666671
0.9999883356666671
0.9999883356666671
0.9999883356666671
0.9999883356666671
0.9999883356666671
0.9999883356666671
0.9999883356666671
0.9999912104333338
0.9999922391333338
0.9999925911000005
0.9999927028666672
0.9999927261000006
0.9999927306666673
0.9999927311000006
0.9999927311666673
0.9999927311666673
0.9999927311666673
0.9999927311666673
0.9999927311666673
0.9999927311666673
0.9999927311666673
0.9999927311666673
0.9999927311666673
0.9999927311666673
0.9999927311666673
0.9999927311666673
0.9999927311666673
0.9999927311666673
0.9999927311666673
0.9999927311666673
0.9999927311666673
0.9999927311666673
0.9999927311666673
0.9999927311666673
0.9999927311666673
0.9999927311666673
0.9999927311666673
0.9999927311666673
0.9999927311666673
0.9999927311666673
0.9999927311666673
0.9999927311666673
0.9999927311666673
0.9999927311666673
0.9999927311666673
0.9999927311666673
0.9999927311666673
0.9999927311666673
0.9999927311666673
0.9999927311666673
0.9999927311666673
0.9999949277000006
0.9999956772333339
0.999995921833334
0.9999959957666673
0.999996010133334
0.9999960128000006
0.999996013033334
0.9999960130666673
0.9999960130666673
0.9999960130666673
0.9999960130666673
0.9999960130666673
0.9999960130666673
0.9999960130666673
0.9999960130666673
0.9999960130666673
0.9999960130666673
0.9999960130666673
0.9999960130666673
0.9999960130666673
0.9999960130666673
0.9999960130666673
0.9999960130666673
0.9999960130666673
0.9999960130666673
0.9999960130666673
0.9999960130666673
0.9999960130666673
0.9999960130666673
0.9999960130666673
0.999996013233334
0.999996013233334
0.999996013233334
0.999996013233334
0.999996013233334
0.999996013233334
0.999996013233334
0.999996013233334
0.999996013233334
0.999996013233334
0.999996013233334
0.999996013233334
0.999996013233334
0.999996013233334
0.999996013233334
0.999996013233334
0.999996013233334
0.999996013233334
0.999996013233334
0.999996013233334
0.999996013233334
0.999996013233334
0.999996013233334
0.999996013233334
0.999996013233334
0.999996013233334
0.9999960143666673
0.9999960144666673
0.9999960144666673
0.9999960144666673
0.9999960144666673
0.9999960145666673
0.9999960145666673
0.9999960145666673
0.9999960145666673
0.9999960145666673
0.9999960145666673
0.9999960145666673
0.9999960145666673
0.9999960145666673
0.9999960145666673
0.9999960145666673
0.9999960145666673
0.9999960145666673
0.9999960145666673
0.9999960145666673
0.9999960145666673
0.9999960145666673
0.9999960145666673
0.9999960145666673
0.9999960145666673
0.9999972754333339
0.9999976655666672
0.9999977811000006
0.9999978126666672
0.9999978180333339
0.9999978189000005
0.9999978189666672
0.9999978190000005
0.9999978190000005
0.9999978190000005
0.9999978190000005
0.9999978190000005
0.9999978190000005
0.9999978190000005
0.9999978190000005
0.9999978190000005
0.9999978190000005
0.9999978190000005
0.9999978190000005
0.9999978190000005
0.9999978190000005
0.9999978190000005
0.9999978190000005
0.9999978190000005
0.9999978190000005
0.9999978190000005
0.9999978190000005
0.9999978190000005
0.9999978190000005
0.9999978190000005
0.9999978190000005
0.9999978190000005
0.9999978190000005
0.9999978190000005
0.9999978190000005
0.9999978190000005
0.9999978190000005
0.9999978190000005
0.9999978190000005
0.9999978190000005
0.9999978190000005
0.9999987663000005
0.9999990450333338
0.9999991235666671
0.9999991439000004
0.9999991471000005
0.9999991475666672
0.9999991476000005
0.9999991476000005
0.9999991476000005
0.9999991476000005
0.9999991476000005
0.9999991476000005
0.9999991476000005
0.9999991476000005
0.9999991476000005
0.9999991476000005
0.9999991476000005
0.9999991476000005
0.9999991476000005
0.9999991476000005
0.9999991476000005
0.9999991476000005
0.9999991476000005
0.9999991476000005
0.9999991476000005
0.9999991476000005
0.9999991476000005
0.9999991476000005
0.9999991476000005
0.9999991476000005
0.9999991507000006
0.9999991507333339
0.9999991507333339
0.9999991507333339
0.9999991507333339
0.9999991507333339
0.9999991507333339
0.9999991507333339
0.9999991507333339
0.9999991507333339
0.9999991507333339
0.9999991507333339
0.9999991507333339
0.9999991507333339
0.9999991507333339
0.9999991507333339
0.9999991507333339
0.9999991507333339
0.9999991507333339
0.9999991507333339
0.9999991507333339
0.9999991507333339
0.9999991507333339
0.9999991507333339
0.9999991507333339
0.9999991507333339
0.9999991507333339
0.9999991507333339
0.9999991507333339
0.9999991507333339
0.9999991507333339
0.9999991507333339
0.9999991507333339
0.9999991507333339
0.9999991507333339
0.9999991507333339
0.9999991507333339
0.9999991507333339
0.9999991507333339
0.9999991507333339
0.9999991507333339
0.9999991507333339
0.9999996766333339
0.9999998161666672
0.9999998516333339
0.9999998599000006
0.9999998610333339
0.9999998611666673
0.9999998612000006
0.9999998612000006
0.9999998612000006
0.9999998612000006
0.9999998612000006
0.9999998612000006
0.9999998612000006
0.9999998612000006
0.9999998612000006
0.9999998612000006
0.9999998612000006
0.9999998612000006
0.9999998612000006
0.9999998612000006
0.9999998612000006
0.9999998612000006
0.9999998612000006
0.9999998612000006
0.9999998612000006
0.9999998612000006
0.9999998612000006
0.9999998612000006
0.9999998612000006
0.9999998612000006
0.9999998612000006
0.9999998612000006
0.9999998612000006
0.9999998612000006
0.9999998612000006
0.9999998612000006
0.9999998612000006
0.9999998612000006
0.9999998612000006
0.9999998612000006
0.9999998612000006
0.9999998664000006
0.9999998669666673
0.9999998669666673
0.9999998669666673
0.9999998669666673
0.9999998669666673
0.9999998669666673
0.9999998669666673
0.9999998669666673
0.9999998669666673
0.9999998669666673
0.9999998669666673
0.9999998669666673
0.9999998669666673
0.9999998669666673
0.9999998669666673
0.9999998669666673
0.9999998669666673
0.9999998669666673
0.9999998669666673
0.9999998669666673
0.9999998669666673
0.9999998669666673
0.9999998669666673
0.9999998669666673
0.9999998669666673
0.9999998669666673
0.9999998669666673
0.9999998669666673
0.9999998669666673
0.9999998669666673
0.9999998669666673
0.9999998669666673
0.9999998669666673
0.9999998669666673
0.9999998669666673
0.9999998669666673
0.9999998669666673
0.9999998669666673
0.9999998669666673
0.9999998669666673
0.9999998669666673
0.9999998669666673
0.9999998670000007
0.9999998670000007
0.9999998670000007
0.9999998670000007
0.9999998670000007
0.9999998670000007
0.9999998670000007
0.9999998670000007
0.9999998670000007
0.9999998670000007
0.9999998670000007
0.9999998670000007
0.9999998670000007
0.9999998670000007
0.9999998670000007
0.9999998670000007
0.9999998670000007
0.9999998670000007
0.9999998670000007
0.9999998670000007
0.9999998670000007
0.9999998670000007
0.9999998670000007
0.9999998670000007
0.9999998670000007
0.9999998690000007
0.999999869033334
0.999999869033334
0.999999869033334
0.999999869033334
0.999999869033334
0.999999869033334
0.999999869033334
0.999999869033334
0.999999869033334
0.999999869033334
0.999999869033334
0.999999869033334
0.999999869033334
0.999999869033334
0.999999869033334
0.999999869033334
0.999999869033334
0.999999869033334
0.999999869033334
0.999999869033334
0.999999869033334
0.999999869033334
0.999999869033334
0.999999875633334
0.9999998768666674
0.9999998768666674
0.9999998769000007
0.9999998769000007
0.9999998769000007
0.9999998769000007
0.9999998769000007
0.9999998769000007
0.9999998769000007
0.9999998769000007
0.9999998769000007
0.9999998769000007
0.9999998769000007
0.9999998769000007
0.9999998769000007
0.9999998769000007
0.9999998769000007
0.9999998769000007
0.9999998769000007
0.9999998769000007
0.9999998769000007
0.9999998769000007
0.9999998769000007
0.9999998769000007
0.9999998769000007
0.9999998769000007
0.9999998769000007
0.9999998769000007
0.9999998769000007
0.9999998769000007
0.9999998769000007
0.9999998769000007
0.9999998769000007
0.9999998769000007
0.9999998769000007
0.9999998769000007
0.9999998769000007
0.9999998769000007
0.9999998769000007
0.9999998769000007
0.9999998769000007
0.9999998769000007
0.9999998769000007
0.9999998769000007
0.9999998769000007
0.9999998769000007
0.9999998769000007
0.9999998769000007
0.9999998769000007
0.9999998769000007
0.9999998769000007
0.9999998769000007
0.9999998769000007
0.9999998769000007
0.9999998769000007
0.9999998769000007
0.9999998769000007
0.9999998769000007
0.9999998769000007
0.9999998769000007
0.9999998769000007
0.9999998769000007
0.9999998769000007
0.9999998769000007
0.9999998769000007
0.9999998769000007
0.9999998769000007
0.9999998769000007
0.9999998769000007
0.9999998769000007
0.9999998769000007
0.9999998769000007
0.9999998769000007
0.9999998769000007
0.9999998769000007
0.9999998769000007
0.9999998769000007
0.9999998769000007
0.9999998769000007
0.9999998769000007
0.9999998769000007
0.9999998769000007
0.9999998769000007
0.9999998769000007
0.9999998769000007
0.9999998769000007
0.9999998769000007
0.9999998769000007
0.9999998769000007
0.9999998769000007
0.9999998769000007
0.9999998769000007
0.9999998769000007
0.9999998769000007
0.9999998769000007
0.9999998769000007
0.9999998769000007
0.9999998769000007
0.9999998769000007
0.999999933233334
0.999999943333334
0.9999999450666673
0.999999945333334
0.999999945333334
0.999999945333334
0.999999945333334
0.999999945333334
0.999999945333334
0.999999945333334
0.999999945333334
0.999999945333334
0.999999945333334
0.999999945333334
0.999999945333334
0.999999945333334
0.999999945333334
0.999999945333334
0.999999945333334
0.999999945333334
0.999999945333334
0.999999945333334
0.999999945333334
0.999999945333334
0.999999945333334
0.999999945333334
0.999999945333334
0.999999945333334
0.999999945333334
0.999999945333334
0.999999945333334
0.999999945333334
0.999999945333334
0.999999945333334
0.999999945333334
0.999999945333334
0.999999945333334
0.999999945333334
0.999999945333334
0.999999945333334
0.999999945333334
0.999999945333334
0.999999945333334
0.999999945333334
0.999999945333334
0.999999945333334
0.999999945333334
0.999999945333334
0.999999945333334
0.999999945333334
0.999999945333334
0.999999945333334
0.999999945333334
0.999999945333334
0.999999945333334
0.999999945333334
0.999999945333334
0.999999945333334
0.999999945333334
0.999999945333334
0.999999945333334
0.999999945333334
0.999999945333334
0.999999945333334
0.999999945333334
0.999999945333334
0.999999945333334
0.9999999736666674
0.9999999781666674
0.9999999788666674
0.9999999789666674
0.9999999789666674
0.9999999789666674
0.9999999789666674
0.9999999789666674
0.9999999789666674
0.9999999789666674
0.9999999789666674
0.9999999789666674
0.9999999789666674
0.9999999789666674
0.9999999789666674
0.9999999789666674
0.9999999789666674
0.9999999789666674
0.9999999789666674
0.9999999789666674
0.9999999789666674
0.9999999789666674
0.9999999789666674
0.9999999789666674
0.9999999789666674
0.9999999789666674
0.9999999789666674
0.9999999789666674
0.9999999789666674
0.9999999789666674
0.9999999789666674
0.9999999789666674
0.9999999789666674
0.9999999789666674
0.9999999789666674
0.999999979033334
0.999999979033334
0.999999979033334
0.999999979033334
0.999999979033334
0.999999979033334
0.999999979033334
0.999999979033334
0.999999979033334
0.999999979033334
0.999999979033334
0.999999979033334
0.999999979033334
0.999999979033334
0.999999979033334
0.999999979033334
0.999999979033334
0.999999979033334
0.999999979033334
0.999999979033334
0.999999979033334
0.999999979033334
0.999999979033334
0.999999979033334
0.999999979033334
0.999999979033334
0.999999979033334
0.999999979033334
0.999999979033334
0.999999979033334
0.999999979033334
0.999999979033334
0.999999979033334
0.999999979033334
0.999999979033334
0.999999979033334
0.999999979033334
0.999999979033334
0.999999979033334
0.999999979033334
0.999999979033334
0.999999979033334
0.999999979033334
0.999999979033334
0.999999979033334
0.999999979033334
0.999999979033334
0.999999979033334
0.999999979033334
0.999999979033334
0.999999979033334
0.999999979033334
0.999999979033334
0.999999979033334
0.999999979033334
0.999999979033334
0.999999979033334
0.999999979033334
0.999999979033334
0.999999979033334
0.9999999887666674
0.9999999900333341
0.9999999902000007
0.9999999902000007
0.9999999902000007
0.9999999902000007
0.9999999902000007
0.9999999902000007
0.9999999902000007
0.9999999902000007
0.9999999902000007
0.9999999902000007
0.9999999902000007
0.9999999902000007
0.9999999902000007
0.9999999902000007
0.9999999902000007
0.9999999902000007
0.9999999902000007
0.9999999902000007
0.9999999902000007
0.9999999902000007
0.9999999902000007
0.9999999902000007
0.9999999902000007
0.9999999902000007
0.9999999902000007
0.9999999902000007
0.9999999902000007
0.9999999902000007
0.9999999902000007
0.9999999902000007
0.9999999902000007
0.9999999902000007
0.9999999969333341
0.9999999977666674
0.9999999978666674
0.9999999978666674
0.9999999978666674
0.9999999978666674
0.9999999978666674
0.9999999978666674
0.9999999978666674
0.9999999978666674
0.9999999978666674
0.9999999978666674
0.9999999978666674
0.9999999978666674
0.9999999978666674
0.9999999978666674
0.9999999978666674
0.9999999978666674
0.9999999978666674
0.9999999978666674
0.9999999978666674
0.9999999978666674
0.9999999978666674
0.9999999978666674
0.9999999978666674
0.9999999978666674
0.9999999978666674
0.9999999978666674
0.9999999978666674
0.9999999978666674
0.9999999978666674
0.9999999978666674
0.9999999978666674
0.9999999978666674
0.9999999978666674
0.9999999978666674
0.9999999978666674
0.9999999978666674
0.9999999978666674
0.9999999978666674
0.9999999978666674
0.9999999978666674
0.9999999978666674
0.9999999978666674
0.9999999978666674
0.9999999978666674
0.9999999978666674
0.9999999978666674
0.9999999978666674
0.9999999978666674
0.9999999978666674
0.9999999978666674
0.9999999978666674
0.9999999978666674
0.9999999978666674
0.9999999978666674
0.9999999978666674
0.9999999978666674
0.9999999978666674
0.9999999978666674
0.9999999978666674
0.9999999978666674
0.9999999978666674
0.9999999978666674
0.9999999978666674
0.9999999978666674
0.9999999978666674
0.9999999978666674
0.9999999978666674
0.9999999978666674
0.9999999978666674
0.9999999978666674
0.9999999978666674
0.9999999978666674
0.9999999978666674
0.9999999978666674
0.9999999978666674
0.9999999978666674
0.9999999978666674
0.9999999978666674
0.9999999978666674
0.9999999978666674
0.9999999978666674
0.9999999978666674
0.9999999978666674
0.9999999978666674
0.9999999978666674
0.9999999978666674
0.9999999978666674
0.9999999978666674
0.9999999978666674
0.9999999978666674
0.9999999978666674
0.9999999978666674
0.9999999978666674
0.9999999978666674
0.9999999978666674
0.9999999978666674
0.9999999978666674
0.9999999978666674
0.9999999978666674
0.9999999978666674
0.9999999978666674
0.9999999978666674
0.9999999978666674
0.9999999978666674
0.9999999978666674
0.9999999978666674
0.9999999978666674
0.9999999978666674
0.9999999978666674
0.9999999978666674
0.9999999978666674
0.9999999978666674
0.9999999978666674
0.9999999978666674
0.9999999978666674
0.9999999978666674
0.9999999978666674
0.9999999978666674
0.9999999978666674
0.9999999978666674
0.9999999978666674
0.9999999978666674
0.9999999978666674
0.9999999978666674
0.9999999978666674
0.9999999978666674
0.9999999978666674
0.9999999978666674
0.9999999978666674
0.9999999978666674
0.9999999978666674
0.9999999978666674
0.9999999978666674
0.9999999978666674
0.9999999978666674
0.9999999978666674
0.9999999978666674
0.9999999978666674
0.9999999978666674
0.9999999978666674
0.9999999978666674
0.9999999978666674
0.9999999978666674
0.9999999978666674
0.9999999978666674
0.9999999988666674
0.999999998933334
0.999999998933334
0.999999998933334
0.999999998933334
0.999999998933334
0.999999998933334
0.999999998933334
0.999999998933334
0.999999998933334
0.999999998933334
0.999999998933334
0.999999998933334
0.999999998933334
0.999999998933334
0.999999998933334
0.999999998933334
0.999999998933334
0.999999998933334
0.999999998933334
0.999999998933334
0.999999998933334
0.999999998933334
0.999999998933334
0.999999998933334
0.999999998933334
0.999999998933334
0.999999998933334
0.999999998933334
0.999999998933334
0.999999998933334
0.999999998933334
0.999999998933334
0.999999998933334
0.999999998933334
0.999999998933334
0.999999998933334
0.999999998933334
0.999999998933334
0.999999998933334
0.999999998933334
0.999999998933334
0.9999999996000006
0.9999999996666673
0.9999999997000006
0.9999999997000006
0.9999999997000006
0.9999999997000006
0.9999999997000006
0.9999999997000006
0.9999999997000006
0.9999999997000006
0.9999999997000006
0.9999999997000006
0.9999999997000006
0.9999999997000006
0.9999999997000006
0.9999999997000006
0.9999999997000006
0.9999999997000006
0.9999999997000006
0.9999999997000006
0.9999999997000006
0.9999999997000006
0.9999999997000006
0.9999999997000006
0.9999999997000006
0.9999999997000006
0.9999999997000006
0.9999999997000006
0.9999999997000006
0.9999999997000006
0.9999999997000006
0.9999999997000006
0.9999999997000006
0.9999999997000006
0.9999999997000006
0.9999999997000006
0.9999999997000006
0.9999999997000006
0.9999999997000006
0.9999999997000006
0.9999999997000006
0.9999999997000006
0.9999999997000006
0.9999999997000006
0.9999999997000006
0.9999999997000006
0.9999999997000006
0.9999999997000006
0.9999999997000006
0.9999999997000006
0.9999999997000006
0.9999999997000006
0.9999999997000006
0.9999999997000006
0.9999999997000006
0.9999999997000006
0.9999999997000006
0.9999999997000006
0.9999999997000006
0.9999999997000006
0.9999999997000006
0.9999999997000006
0.9999999997000006
0.9999999997000006
0.9999999997000006
0.9999999997000006
0.9999999997000006
0.9999999997000006
0.9999999997000006
0.9999999997000006
0.9999999997000006
0.9999999997000006
0.9999999997000006
0.9999999997000006
0.9999999997000006
0.9999999997000006
0.9999999997000006
0.9999999997000006
0.9999999997000006
0.9999999997000006
0.9999999997000006
0.9999999997000006
0.9999999997000006
0.9999999997000006
0.9999999997000006
0.9999999997000006
0.9999999997000006
0.9999999997000006
0.9999999997000006
0.9999999997000006
0.9999999997000006
0.9999999997000006
0.9999999997000006
0.9999999997000006
0.9999999997000006
0.9999999997000006
0.9999999997000006
0.9999999999000007
0.999999999933334
0.999999999933334
0.999999999933334
0.999999999933334
0.999999999933334
0.999999999933334
0.999999999933334
0.999999999933334
0.999999999933334
0.999999999933334
0.999999999933334
0.999999999933334
0.999999999933334
0.999999999933334
0.999999999933334
0.999999999933334
0.999999999933334
0.999999999933334
0.999999999933334
0.999999999933334
0.999999999933334
0.999999999933334
0.999999999933334
0.999999999933334
0.999999999933334
0.999999999933334
0.999999999933334
0.999999999933334
0.999999999933334
0.999999999933334
0.999999999933334
0.999999999933334
0.999999999933334
0.999999999933334
0.999999999933334
0.999999999933334
0.999999999933334
0.999999999933334
0.999999999933334
0.999999999933334
0.999999999933334
0.999999999933334
0.999999999933334
0.999999999933334
0.999999999933334
0.999999999933334
0.999999999933334
0.999999999933334
0.999999999933334
0.999999999933334
0.999999999933334
0.999999999933334
0.999999999933334
0.999999999933334
0.999999999933334
0.999999999933334
0.999999999933334
0.999999999933334
0.999999999933334
0.999999999933334
0.999999999933334
0.999999999933334
0.999999999933334
0.999999999933334
0.999999999933334
0.999999999933334
0.999999999933334
0.999999999933334
0.999999999933334
0.999999999933334
0.999999999933334
0.999999999933334
0.999999999933334
0.999999999933334
0.999999999933334
0.999999999933334
0.999999999933334
0.999999999933334
0.999999999933334
0.999999999933334
0.999999999933334
0.999999999933334
0.999999999933334
0.999999999933334
0.999999999933334
0.999999999933334
0.999999999933334
0.999999999933334
0.999999999933334
0.999999999933334
0.999999999933334
0.999999999933334
0.999999999933334
0.999999999933334
0.999999999933334
0.999999999933334
0.999999999933334
0.999999999933334
0.999999999933334
0.999999999933334
0.999999999933334
0.999999999933334
0.999999999933334
0.999999999933334
0.999999999933334
0.999999999933334
0.999999999933334
0.999999999933334
0.999999999933334
0.999999999933334
0.999999999933334
0.999999999933334
0.999999999933334
0.999999999933334
0.999999999933334
0.999999999933334
1.0000000000000007
1.0000000000000007
1.0000000000000007
1.0000000000000007
1.0000000000000007
1.0000000000000007
1.0000000000000007
1.0000000000000007
1.0000000000000007
1.0000000000000007
1.0000000000000007
1.0000000000000007
1.0000000000000007
1.0000000000000007
1.0000000000000007
1.0000000000000007
1.0000000000000007
1.0000000000000007
1.0000000000000007
1.0000000000000007
1.0000000000000007
1.0000000000000007
1.0000000000000007
1.0000000000000007
1.0000000000000007
1.0000000000000007
1.0000000000000007
1.0000000000000007
1.0000000000000007
1.0000000000000007
1.0000000000000007
1.0000000000000007
1.0000000000000007
1.0000000000000007
1.0000000000000007
1.0000000000000007
1.0000000000000007
1.0000000000000007
1.0000000000000007
1.0000000000000007
1.0000000000000007
1.0000000000000007
1.0000000000000007
1.0000000000000007
1.0000000000000007
1.0000000000000007
1.0000000000000007
1.0000000000000007
1.0000000000000007
1.0000000000000007
1.0000000000000007
1.0000000000000007
1.0000000000000007
1.0000000000000007
1.0000000000000007
1.0000000000000007
1.0000000000000007
1.0000000000000007
1.0000000000000007
1.0000000000000007
1.0000000000000007
1.0000000000000007
1.0000000000000007
1.0000000000000007
1.0000000000000007
1.0000000000000007
1.0000000000000007
1.0000000000000007
1.0000000000000007
1.0000000000000007
1.0000000000000007
1.0000000000000007
1.0000000000000007
1.0000000000000007
1.0000000000000007
1.0000000000000007
1.0000000000000007
1.0000000000000007
1.0000000000000007
1.0000000000000007
1.0000000000000007
1.0000000000000007
1.0000000000000007
1.0000000000000007
1.0000000000000007
1.0000000000000007
1.0000000000000007
1.0000000000000007
1.0000000000000007
1.0000000000000007
1.0000000000000007
1.0000000000000007
1.0000000000000007
1.0000000000000007
1.0000000000000007
1.0000000000000007
1.0000000000000007
1.0000000000000007
1.0000000000000007
1.0000000000000007
1.0000000000000007
1.0000000000000007
1.0000000000000007
1.0000000000000007
1.0000000000000007
1.0000000000000007
1.0000000000000007
1.0000000000000007
1.0000000000000007
1.0000000000000007
1.0000000000000007
1.0000000000000007
1.0000000000000007
1.0000000000000007
1.0000000000000007
1.0000000000000007
1.0000000000000007
1.0000000000000007
1.0000000000000007
1.0000000000000007
1.0000000000000007
1.0000000000000007
1.0000000000000007
1.0000000000000007
1.0000000000000007
1.0000000000000007
1.0000000000000007
1.0000000000000007
1.0000000000000007
1.0000000000000007
1.0000000000000007
1.0000000000000007
1.0000000000000007
1.0000000000000007
1.0000000000000007
1.0000000000000007
1.0000000000000007
1.0000000000000007
1.0000000000000007
1.0000000000000007
1.0000000000000007
1.0000000000000007
1.0000000000000007
1.0000000000000007
1.0000000000000007
1.0000000000000007
1.0000000000000007
1.0000000000000007
1.0000000000000007
1.0000000000000007
1.0000000000000007
1.0000000000000007
1.0000000000000007
1.0000000000000007
1.0000000000000007
1.0000000000000007
1.0000000000000007
1.0000000000000007
1.0000000000000007
1.0000000000000007
1.0000000000000007
1.0000000000000007
1.0000000000000007
1.0000000000000007
1.0000000000000007
1.0000000000000007
1.0000000000000007
1.0000000000000007
1.0000000000000007
1.0000000000000007
1.0000000000000007
1.0000000000000007
1.0000000000000007
1.0000000000000007
1.0000000000000007
1.0000000000000007
1.0000000000000007
1.0000000000000007
1.0000000000000007
1.0000000000000007
1.0000000000000007
1.0000000000000007
1.0000000000000007
1.0000000000000007
1.0000000000000007
1.0000000000000007
1.0000000000000007
1.0000000000000007
1.0000000000000007
1.0000000000000007
1.0000000000000007
1.0000000000000007
1.0000000000000007
1.0000000000000007
1.0000000000000007
1.0000000000000007
1.0000000000000007
1.0000000000000007
1.0000000000000007
1.0000000000000007
1.0000000000000007
1.0000000000000007
1.0000000000000007
1.0000000000000007
1.0000000000000007
1.0000000000000007
1.0000000000000007
1.0000000000000007
1.0000000000000007
1.0000000000000007
1.0000000000000007
1.0000000000000007
1.0000000000000007
1.0000000000000007
1.0000000000000007
1.0000000000000007
1.0000000000000007
1.0000000000000007
1.0000000000000007
1.0000000000000007
1.0000000000000007
1.0000000000000007
1.0000000000000007
1.0000000000000007
1.0000000000000007
1.0000000000000007
1.0000000000000007
1.0000000000000007
1.0000000000000007
1.0000000000000007
1.0000000000000007
1.0000000000000007
1.0000000000000007
1.0000000000000007
1.0000000000000007
1.0000000000000007
1.0000000000000007
1.0000000000000007
1.0000000000000007
1.0000000000000007
1.0000000000000007
1.0000000000000007
1.0000000000000007
1.0000000000000007
1.0000000000000007
1.0000000000000007
1.0000000000000007
1.0000000000000007
1.0000000000000007
1.0000000000000007
1.0000000000000007
1.0000000000000007
1.0000000000000007
1.0000000000000007
1.0000000000000007
1.0000000000000007
1.0000000000000007
1.0000000000000007
1.0000000000000007
1.0000000000000007
1.0000000000000007
1.0000000000000007
1.0000000000000007
1.0000000000000007
1.0000000000000007
1.0000000000000007
1.0000000000000007
1.0000000000000007
1.0000000000000007
1.0000000000000007
1.0000000000000007
1.0000000000000007
1.0000000000000007
1.0000000000000007
1.0000000000000007
1.0000000000000007
1.0000000000000007
1.0000000000000007
1.0000000000000007
1.0000000000000007
1.0000000000000007
1.0000000000000007
1.0000000000000007
1.0000000000000007
1.0000000000000007
1.0000000000000007
1.0000000000000007
1.0000000000000007
1.0000000000000007
1.0000000000000007
1.0000000000000007
1.0000000000000007
1.0000000000000007
1.0000000000000007
1.0000000000000007
1.0000000000000007
1.0000000000000007
1.0000000000000007
1.0000000000000007
1.0000000000000007
1.0000000000000007
1.0000000000000007
1.0000000000000007
1.0000000000000007
1.0000000000000007
1.0000000000000007
1.0000000000000007
1.0000000000000007
1.0000000000000007
1.0000000000000007
1.0000000000000007
1.0000000000000007
1.0000000000000007
1.0000000000000007
1.0000000000000007
1.0000000000000007
1.0000000000000007
1.0000000000000007
1.0000000000000007
1.0000000000000007
1.0000000000000007
1.0000000000000007
1.0000000000000007
1.0000000000000007
1.0000000000000007
1.0000000000000007
1.0000000000000007
1.0000000000000007
1.0000000000000007
1.0000000000000007
1.0000000000000007
1.0000000000000007
1.0000000000000007
1.0000000000000007
1.0000000000000007
1.0000000000000007
1.0000000000000007
1.0000000000000007
1.0000000000000007
1.0000000000000007
1.0000000000000007
1.0000000000000007
1.0000000000000007
1.0000000000000007
1.0000000000000007
1.0000000000000007
1.0000000000000007
1.0000000000000007
1.0000000000000007
1.0000000000000007
1.0000000000000007
1.0000000000000007
1.0000000000000007
1.0000000000000007
1.0000000000000007
1.0000000000000007
1.0000000000000007
1.0000000000000007
1.0000000000000007
1.0000000000000007
1.0000000000000007
1.0000000000000007
1.0000000000000007
1.0000000000000007
1.0000000000000007
1.0000000000000007
1.0000000000000007
1.0000000000000007
1.0000000000000007
1.0000000000000007
1.0000000000000007
1.0000000000000007
1.0000000000000007
1.0000000000000007
1.0000000000000007
1.0000000000000007
1.0000000000000007
1.0000000000000007
1.0000000000000007
1.0000000000000007
1.0000000000000007
1.0000000000000007
1.0000000000000007
1.0000000000000007
1.0000000000000007
1.0000000000000007
1.0000000000000007
1.0000000000000007
1.0000000000000007
1.0000000000000007
1.0000000000000007
1.0000000000000007
1.0000000000000007
1.0000000000000007
1.0000000000000007
1.0000000000000007
1.0000000000000007
1.0000000000000007
1.0000000000000007
1.0000000000000007
1.0000000000000007
1.0000000000000007
1.0000000000000007
1.0000000000000007
1.0000000000000007
1.0000000000000007
1.0000000000000007
1.0000000000000007
1.0000000000000007
1.0000000000000007
1.0000000000000007
1.0000000000000007
1.0000000000000007
1.0000000000000007
1.0000000000000007
1.0000000000000007
1.0000000000000007
1.0000000000000007
1.0000000000000007
1.0000000000000007
1.0000000000000007
1.0000000000000007
1.0000000000000007
1.0000000000000007
1.0000000000000007
1.0000000000000007
1.0000000000000007
1.0000000000000007
1.0000000000000007
1.0000000000000007
1.0000000000000007
1.0000000000000007
1.0000000000000007
1.0000000000000007
1.0000000000000007
1.0000000000000007
1.0000000000000007
1.0000000000000007
1.0000000000000007
1.0000000000000007
1.0000000000000007
1.0000000000000007
1.0000000000000007
1.0000000000000007
1.0000000000000007
1.0000000000000007
1.0000000000000007
1.0000000000000007
1.0000000000000007
1.0000000000000007
1.0000000000000007
1.0000000000000007
1.0000000000000007
1.0000000000000007
1.0000000000000007
1.0000000000000007
1.0000000000000007
1.0000000000000007
1.0000000000000007
1.0000000000000007
1.0000000000000007
1.0000000000000007
1.0000000000000007
1.0000000000000007
1.0000000000000007
1.0000000000000007
1.0000000000000007
1.0000000000000007
1.0000000000000007
1.0000000000000007
1.0000000000000007
1.0000000000000007
1.0000000000000007
1.0000000000000007
1.0000000000000007
1.0000000000000007
1.0000000000000007
1.0000000000000007
1.0000000000000007
1.0000000000000007
1.0000000000000007
1.0000000000000007
1.0000000000000007
1.0000000000000007
1.0000000000000007
1.0000000000000007
1.0000000000000007
1.0000000000000007
1.0000000000000007
1.0000000000000007
1.0000000000000007
1.0000000000000007
1.0000000000000007
1.0000000000000007
1.0000000000000007
1.0000000000000007
1.0000000000000007
1.0000000000000007
1.0000000000000007
1.0000000000000007
1.0000000000000007
1.0000000000000007
1.0000000000000007
1.0000000000000007
1.0000000000000007
1.0000000000000007
1.0000000000000007
1.0000000000000007
1.0000000000000007
1.0000000000000007
1.0000000000000007
1.0000000000000007
1.0000000000000007
1.0000000000000007
1.0000000000000007
1.0000000000000007
1.0000000000000007
1.0000000000000007
1.0000000000000007
1.0000000000000007
1.0000000000000007
1.0000000000000007
1.0000000000000007
1.0000000000000007
1.0000000000000007
1.0000000000000007
1.0000000000000007
1.0000000000000007
1.0000000000000007
1.0000000000000007
1.0000000000000007
1.0000000000000007
1.0000000000000007
1.0000000000000007
1.0000000000000007
1.0000000000000007
1.0000000000000007
1.0000000000000007
1.0000000000000007
1.0000000000000007
1.0000000000000007
1.0000000000000007
1.0000000000000007
1.0000000000000007
1.0000000000000007
1.0000000000000007
1.0000000000000007
1.0000000000000007
1.0000000000000007
1.0000000000000007
1.0000000000000007
1.0000000000000007
1.0000000000000007
1.0000000000000007
1.0000000000000007
1.0000000000000007
1.0000000000000007
1.0000000000000007
1.0000000000000007
1.0000000000000007
1.0000000000000007
1.0000000000000007
1.0000000000000007
1.0000000000000007
1.0000000000000007
1.0000000000000007
1.0000000000000007
1.0000000000000007
1.0000000000000007
1.0000000000000007
1.0000000000000007
1.0000000000000007
1.0000000000000007
1.0000000000000007
1.0000000000000007
1.0000000000000007
1.0000000000000007
1.0000000000000007
1.0000000000000007
1.0000000000000007
1.0000000000000007
1.0000000000000007
1.0000000000000007
1.0000000000000007
1.0000000000000007
1.0000000000000007
1.0000000000000007
1.0000000000000007
1.0000000000000007
1.0000000000000007
1.0000000000000007
1.0000000000000007
1.0000000000000007
1.0000000000000007
1.0000000000000007
1.0000000000000007
1.0000000000000007
1.0000000000000007
1.0000000000000007
1.0000000000000007
1.0000000000000007
1.0000000000000007
1.0000000000000007
1.0000000000000007
1.0000000000000007
1.0000000000000007
1.0000000000000007
1.0000000000000007
1.0000000000000007
1.0000000000000007
1.0000000000000007
1.0000000000000007
1.0000000000000007
1.0000000000000007
1.0000000000000007
1.0000000000000007
1.0000000000000007
1.0000000000000007
1.0000000000000007
1.0000000000000007
1.0000000000000007
1.0000000000000007
1.0000000000000007
1.0000000000000007
1.0000000000000007
1.0000000000000007
1.0000000000000007
1.0000000000000007
1.0000000000000007
1.0000000000000007
1.0000000000000007
1.0000000000000007
1.0000000000000007
1.0000000000000007
1.0000000000000007
1.0000000000000007
1.0000000000000007
1.0000000000000007
1.0000000000000007
1.0000000000000007
1.0000000000000007
1.0000000000000007
1.0000000000000007
1.0000000000000007
1.0000000000000007
1.0000000000000007
1.0000000000000007
1.0000000000000007
1.0000000000000007
1.0000000000000007
1.0000000000000007
1.0000000000000007
1.0000000000000007
1.0000000000000007
1.0000000000000007
1.0000000000000007
1.0000000000000007
1.0000000000000007
1.0000000000000007
1.0000000000000007
1.0000000000000007
1.0000000000000007
1.0000000000000007
1.0000000000000007
1.0000000000000007
1.0000000000000007
1.0000000000000007
1.0000000000000007
1.0000000000000007
1.0000000000000007
1.0000000000000007
1.0000000000000007
1.0000000000000007
1.0000000000000007
1.0000000000000007
1.0000000000000007
1.0000000000000007
1.0000000000000007
1.0000000000000007
1.0000000000000007
1.0000000000000007
1.0000000000000007
1.0000000000000007
1.0000000000000007
1.0000000000000007
1.0000000000000007
1.0000000000000007
1.0000000000000007
1.0000000000000007
1.0000000000000007
1.0000000000000007
1.0000000000000007
1.0000000000000007
1.0000000000000007
1.0000000000000007
1.0000000000000007
1.0000000000000007
1.0000000000000007
1.0000000000000007
1.0000000000000007
1.0000000000000007
1.0000000000000007
1.0000000000000007
1.0000000000000007
1.0000000000000007
1.0000000000000007
1.0000000000000007
1.0000000000000007
1.0000000000000007
1.0000000000000007
1.0000000000000007
1.0000000000000007
1.0000000000000007
1.0000000000000007
1.0000000000000007
1.0000000000000007
1.0000000000000007
1.0000000000000007
1.0000000000000007
1.0000000000000007
1.0000000000000007
1.0000000000000007
1.0000000000000007
1.0000000000000007
1.0000000000000007
1.0000000000000007
1.0000000000000007
1.0000000000000007
1.0000000000000007
1.0000000000000007
1.0000000000000007
1.0000000000000007
1.0000000000000007
1.0000000000000007
1.0000000000000007
1.0000000000000007
1.0000000000000007
1.0000000000000007
1.0000000000000007
1.0000000000000007
1.0000000000000007
1.0000000000000007
1.0000000000000007
1.0000000000000007
1.0000000000000007
1.0000000000000007
1.0000000000000007
1.0000000000000007
1.0000000000000007
1.0000000000000007
1.0000000000000007
1.0000000000000007
1.0000000000000007
1.0000000000000007
1.0000000000000007
1.0000000000000007
1.0000000000000007
1.0000000000000007
1.0000000000000007
1.0000000000000007
1.0000000000000007
1.0000000000000007
1.0000000000000007
1.0000000000000007
1.0000000000000007
1.0000000000000007
1.0000000000000007
1.0000000000000007
1.0000000000000007
1.0000000000000007
1.0000000000000007
1.0000000000000007
1.0000000000000007
1.0000000000000007
1.0000000000000007
1.0000000000000007
1.0000000000000007
1.0000000000000007
1.0000000000000007
1.0000000000000007
1.0000000000000007
1.0000000000000007
1.0000000000000007
1.0000000000000007
1.0000000000000007
1.0000000000000007
1.0000000000000007
1.0000000000000007
1.0000000000000007
1.0000000000000007
1.0000000000000007
1.0000000000000007
1.0000000000000007
1.0000000000000007
1.0000000000000007
1.0000000000000007
1.0000000000000007
1.0000000000000007
1.0000000000000007
1.0000000000000007
1.0000000000000007
1.0000000000000007
1.0000000000000007
1.0000000000000007
1.0000000000000007
1.0000000000000007
1.0000000000000007
1.0000000000000007
1.0000000000000007
1.0000000000000007
1.0000000000000007
1.0000000000000007
1.0000000000000007
1.0000000000000007
1.0000000000000007
1.0000000000000007
1.0000000000000007
1.0000000000000007
1.0000000000000007
1.0000000000000007
1.0000000000000007
1.0000000000000007
1.0000000000000007
1.0000000000000007
1.0000000000000007
1.0000000000000007
1.0000000000000007
1.0000000000000007
1.0000000000000007
1.0000000000000007
1.0000000000000007
1.0000000000000007
1.0000000000000007
1.0000000000000007
1.0000000000000007
1.0000000000000007
1.0000000000000007
1.0000000000000007
1.0000000000000007
1.0000000000000007
1.0000000000000007
1.0000000000000007
1.0000000000000007
1.0000000000000007
1.0000000000000007
1.0000000000000007
1.0000000000000007
1.0000000000000007
1.0000000000000007
1.0000000000000007
1.0000000000000007
1.0000000000000007
1.0000000000000007
1.0000000000000007
1.0000000000000007
1.0000000000000007
1.0000000000000007
1.0000000000000007
1.0000000000000007
1.0000000000000007
1.0000000000000007
1.0000000000000007
1.0000000000000007
1.0000000000000007
1.0000000000000007
1.0000000000000007
1.0000000000000007
1.0000000000000007
1.0000000000000007
1.0000000000000007
1.0000000000000007
1.0000000000000007
1.0000000000000007
1.0000000000000007
1.0000000000000007
1.0000000000000007
1.0000000000000007
1.0000000000000007
1.0000000000000007
1.0000000000000007
1.0000000000000007
1.0000000000000007
1.0000000000000007
1.0000000000000007
1.0000000000000007
1.0000000000000007
1.0000000000000007
1.0000000000000007
1.0000000000000007
1.0000000000000007
1.0000000000000007
1.0000000000000007
1.0000000000000007
1.0000000000000007
1.0000000000000007
1.0000000000000007
1.0000000000000007
1.0000000000000007
1.0000000000000007
1.0000000000000007
1.0000000000000007
1.0000000000000007
1.0000000000000007
1.0000000000000007
1.0000000000000007
1.0000000000000007
1.0000000000000007
1.0000000000000007
1.0000000000000007
1.0000000000000007
1.0000000000000007
1.0000000000000007
1.0000000000000007
1.0000000000000007
1.0000000000000007
1.0000000000000007
1.0000000000000007
1.0000000000000007
1.0000000000000007
1.0000000000000007
1.0000000000000007
1.0000000000000007
1.0000000000000007
1.0000000000000007
1.0000000000000007
1.0000000000000007
1.0000000000000007
1.0000000000000007
1.0000000000000007
1.0000000000000007
1.0000000000000007
1.0000000000000007
1.0000000000000007
1.0000000000000007
1.0000000000000007
1.0000000000000007
1.0000000000000007
1.0000000000000007
1.0000000000000007
1.0000000000000007
1.0000000000000007
1.0000000000000007
1.0000000000000007
1.0000000000000007
1.0000000000000007
1.0000000000000007
1.0000000000000007
1.0000000000000007
1.0000000000000007
1.0000000000000007
1.0000000000000007
1.0000000000000007
1.0000000000000007
1.0000000000000007
1.0000000000000007
1.0000000000000007
1.0000000000000007
1.0000000000000007
1.0000000000000007
1.0000000000000007
1.0000000000000007
1.0000000000000007
1.0000000000000007
1.0000000000000007
1.0000000000000007
1.0000000000000007
1.0000000000000007
1.0000000000000007
1.0000000000000007
1.0000000000000007
1.0000000000000007
1.0000000000000007
1.0000000000000007
1.0000000000000007
1.0000000000000007
1.0000000000000007
1.0000000000000007
1.0000000000000007
1.0000000000000007
1.0000000000000007
1.0000000000000007
1.0000000000000007
1.0000000000000007
1.0000000000000007
1.0000000000000007
1.0000000000000007
1.0000000000000007
1.0000000000000007
1.0000000000000007
1.0000000000000007
1.0000000000000007
1.0000000000000007
1.0000000000000007
1.0000000000000007
1.0000000000000007
1.0000000000000007
1.0000000000000007
1.0000000000000007
1.0000000000000007
1.0000000000000007
1.0000000000000007
1.0000000000000007
1.0000000000000007
1.0000000000000007
1.0000000000000007
1.0000000000000007
1.0000000000000007
1.0000000000000007
1.0000000000000007
1.0000000000000007
1.0000000000000007
1.0000000000000007
1.0000000000000007
1.0000000000000007
1.0000000000000007
1.0000000000000007
1.0000000000000007
1.0000000000000007
1.0000000000000007
1.0000000000000007
1.0000000000000007
1.0000000000000007
1.0000000000000007
1.0000000000000007
