0.0
1.2917966666666667e-05
2.6081866666666665e-05
3.9757366666666666e-05
5.37067e-05
6.758106666666667e-05
8.114593333333333e-05
9.544166666666666e-05
0.00010987383333333332
0.00012398683333333333
0.0001391864
0.00015476406666666665
0.00016969466666666666
0.00018410846666666665
0.0001999027333333333
0.0002160180333333333
0.00023287759999999997
0.00024912203333333333
0.0002657114
0.0002827796666666667
0.0002997465666666667
0.0003552438666666667
0.00037283236666666667
0.0004297405
0.0004475459
0.0005067051
0.0005261650666666666
0.0005874936999999999
0.0006077941333333332
0.0006699955666666666
0.0006901654333333333
0.0007307593333333333
0.0007732114666666666
0.0008160922333333333
0.0008583446666666666
0.0009033114333333333
0.0010131960999999999
0.0010578032666666666
0.0011012913
0.0012151971333333334
0.0012630384666666666
0.0013127312666666668
0.0014294573000000002
0.0014788324000000002
0.0015294670666666668
0.0016503462666666668
0.0017903048333333335
0.0018427087333333335
0.0020564331000000003
0.0021097577333333336
0.002258309933333334
0.0023916493333333336
0.0025455544333333334
0.0026054823666666668
0.0028348096666666665
0.0028948064333333334
0.0029598201333333332
0.0030280107666666666
0.0030954968666666665
0.0031665051666666666
0.0032407911
0.0033148744
0.0033926208
0.0034717963333333332
0.003669628
0.003848769933333333
0.0039305929
0.0040143527666666665
0.0040982942
0.004548430066666666
0.004635313633333333
0.004864016333333333
0.004952670233333333
0.005297086333333333
0.005518367833333333
0.005762726099999999
0.005861570433333332
0.006222564166666666
0.006487505233333332
0.006695759066666665
0.006793570733333332
0.0068916377999999985
0.006994874099999999
0.007098193299999999
0.007199821399999999
0.0073099726333333325
0.007712287399999999
0.007826216933333333
0.007942699499999999
0.008211509399999999
0.008646873599999999
0.008767875699999999
0.009406410399999999
0.009530100233333332
0.00985190793333333
0.010500046666666664
0.010832563166666663
0.010969715566666663
0.011467893933333329
0.011785827399999995
0.01190477573333333
0.012025819966666662
0.012146480233333328
0.012271499466666662
0.012403295833333328
0.012684412133333328
0.012816663299999994
0.012954968233333327
0.013095692199999995
0.013413233833333328
0.01355886746666666
0.013707621499999994
0.013857189999999995
0.014439670966666662
0.014594353566666662
0.015354274166666662
0.015512598899999995
0.016173433599999995
0.01656438913333333
0.016982351799999997
0.01715715413333333
0.018263492366666665
0.0186457763
0.018799262266666665
0.018959183666666664
0.019119994199999997
0.019506219633333332
0.019677051566666666
0.0202808497
0.020457710966666667
0.020638216466666668
0.021049497233333336
0.021237335000000003
0.022145219800000004
0.022337671300000004
0.023319869433333338
0.024025799600000005
0.02452603983333334
0.024737750233333338
0.02572395263333334
0.02648537123333334
0.02665487523333334
0.026827269866666673
0.027005533100000007
0.02739933853333334
0.027586896566666675
0.02777582433333334
0.028168981900000008
0.02862571393333334
0.02882612100000001
0.02903365570000001
0.029245317533333346
0.029761841633333345
0.030789584800000012
0.031009962033333345
0.031235927166666677
0.03207966876666667
0.03292616393333334
0.033505065733333346
0.03375284686666668
0.035268728600000014
0.03551970196666668
0.03572389400000001
0.03593854356666668
0.036155077500000014
0.036369837133333346
0.03659921700000001
0.03683679266666667
0.037078938466666676
0.03794179200000001
0.03881601596666667
0.039068227000000004
0.03932699060000001
0.04025610133333334
0.04217185133333334
0.04282538050000001
0.04310829613333334
0.04409500653333334
0.04473332970000001
0.04495521396666668
0.04518728226666668
0.04542842080000001
0.045671982366666676
0.04620709616666668
0.04646477693333334
0.04703258983333334
0.04729949686666667
0.047571377600000006
0.04817388616666667
0.048457137366666674
0.049494218400000005
0.04978496666666667
0.051139405400000004
0.051816410533333336
0.052540156133333335
0.0528571715
0.054332744466666666
0.0551021093
0.0553493809
0.0559028307
0.05616979856666667
0.05707484830000001
0.05734479340000001
0.05827242520000001
0.05893477940000001
0.05956490696666668
0.059860360766666676
0.06057260160000001
0.061589080800000015
0.06270330290000002
0.06301671550000001
0.06529515776666668
0.06561698253333335
0.06717774226666669
0.06832175706666668
0.06958064200000001
0.06993062660000002
0.07238315606666669
0.07313286843333336
0.07339774576666669
0.07366687456666669
0.0739379214666667
0.07452542523333336
0.07481750716666669
0.07511312863333336
0.07542031743333336
0.07612052390000003
0.07643938050000003
0.07676252446666669
0.07751416256666668
0.07820369746666668
0.07854631130000002
0.08019034466666669
0.08054224796666669
0.08136956263333335
0.08214158403333335
0.08347228313333335
0.08385401480000002
0.08602878540000002
0.08641671906666669
0.08673314626666669
0.08705367673333335
0.08778942450000002
0.08813933336666668
0.08892839666666669
0.09008370580000002
0.0904544834666667
0.09260902333333336
0.09298992256666669
0.09523211020000003
0.09662931380000002
0.09704148403333335
0.09885666670000001
0.10071427330000002
0.10102802980000002
0.10134465176666668
0.10166939703333334
0.10234512700000001
0.10268507950000001
0.10302969433333335
0.10376144896666668
0.10453164956666669
0.10490179290000003
0.10527747663333337
0.10610250863333337
0.10648847113333337
0.10784288080000004
0.10824071263333337
0.11003905286666671
0.1104477860666667
0.11186817103333337
0.11272958663333336
0.11418694500000003
0.11462816506666669
0.11657556136666669
0.1170243766666667
0.11738698626666669
0.11775480710000003
0.1185156976666667
0.11931597570000003
0.11971638373333336
0.12057321560000003
0.12241764333333337
0.12284135233333336
0.1232766843666667
0.12474888293333336
0.12717546296666668
0.12868519990000002
0.12915400726666668
0.1322279049
0.13270494746666667
0.1330603719
0.13341961736666666
0.1338039707
0.13419406886666665
0.13503445896666666
0.13641653686666666
0.13684056273333334
0.1377383794
0.14022156793333335
0.14066991533333334
0.1411305437
0.1437085918
0.1452551779
0.14681998566666668
0.14731485126666669
0.1509945573666667
0.15258702010000003
0.15299216203333335
0.15340356246666667
0.1538148692
0.15467836723333334
0.15512485323333333
0.15604785606666666
0.1575455543333333
0.15801724536666664
0.15850180693333332
0.16006722013333333
0.16167045889999998
0.1621897947333333
0.16382626749999998
0.1649165345
0.16529857123333333
0.16569239906666666
0.16609097493333333
0.16650250913333334
0.16692744626666667
0.16735913136666666
0.1678053148
0.1682576694
0.16871761576666666
0.16965084983333334
0.17011859213333333
0.1710834097
0.17156343206666666
0.17310998073333334
0.17360367063333335
0.17518384746666668
0.17569092506666667
0.1773040962
0.1778290471
0.17947931106666667
0.1800214777666667
0.18170445183333336
0.1822564729666667
0.18268652660000004
0.1831302310666667
0.18358114493333338
0.18506434993333337
0.18660010293333337
0.18708785680000004
0.18808231833333336
0.18966837310000004
0.19018267323333338
0.19290730370000003
0.19343543293333337
0.19620678880000003
0.19789028960000005
0.19957324130000004
0.20013655640000003
0.20300506240000002
0.20470020403333336
0.20511680213333336
0.2055455080666667
0.20597982920000002
0.20642741006666668
0.20688882330000002
0.20735787570000003
0.2078417993666667
0.20833956613333335
0.20884605113333335
0.20935938056666667
0.20987875753333335
0.21149102853333335
0.21202451276666667
0.21366996686666667
0.21421764306666669
0.21589501626666668
0.21646019133333336
0.2181734790666667
0.2187562249666667
0.22050150853333336
0.2210948907666667
0.22203890733333337
0.22304592650000005
0.22407312640000004
0.22622228463333338
0.2273017256666667
0.22951701790000004
0.23173683053333338
0.23283629863333338
0.23734437733333338
0.2384502216666667
0.24069009430000005
0.24354728593333339
0.24581053760000005
0.2469272528333334
0.25039527206666673
0.2526981060333334
0.25363294503333345
0.2546306926000001
0.25565819226666675
0.25670595643333344
0.2577767275000001
0.25887576806666673
0.2599854794666667
0.26110371523333337
0.2622279981666667
0.2656692868
0.2679785602
0.2702640266333333
0.27139757789999996
0.27489354996666665
0.2760224785
0.277007485
0.27805437116666665
0.279121354
0.2802107341333333
0.28131732839999996
0.28243388596666663
0.28471442633333327
0.2858489384666666
0.28698899043333326
0.28813031313333326
0.2904722828666666
0.2927747489333333
0.29392215803333327
0.2974511412666666
0.2985935230666666
0.2990806102666666
0.3000850847666666
0.30112184946666665
0.30218761489999996
0.3032734295333333
0.30438110206666663
0.30550525819999996
0.30663910786666665
0.3077825031
0.30893302526666666
0.3100885098
0.31124705593333335
0.3124070771333334
0.31356777890000004
0.3158999601333334
0.3170551037333334
0.31813853056666674
0.3192421712000001
0.32039277366666674
0.3227245531333334
0.3238907053333334
0.3250612658666667
0.3290990649333334
0.3302726543000001
0.3326685647333334
0.3354794772333334
0.33599741113333337
0.33705162800000005
0.3381487098333334
0.3392574144333334
0.34037507546666673
0.3415140699666667
0.34266131680000006
0.3438158938666667
0.3449801721333334
0.34614897270000006
0.34732212860000006
0.34899253160000004
0.3501717781666667
0.35305375886666673
0.35423712190000006
0.35635720986666675
0.3575414314333334
0.3592179028333334
0.3604026107666667
0.36368941633333335
0.36548253373333334
0.3660185619
0.3671160158333333
0.36822972119999997
0.3693634086666666
0.37050337089999996
0.3716649367666666
0.3728330877333333
0.37401012523333327
0.37519101079999995
0.3763758038333333
0.37803946029999996
0.37922909099999996
0.3821003018666666
0.38329294003333325
0.38495710433333324
0.3873666450999999
0.38903047263333324
0.3902213751999999
0.3931113532999999
0.39429486516666656
0.3948444688666666
0.3959712364666666
0.39711785513333325
0.3982839703666666
0.3994574528333332
0.4006409812999999
0.40182905813333325
0.4030205262999999
0.4042156543999999
0.4054147541333332
0.4070699646999999
0.4082713014999999
0.4111523907666666
0.4123515135666666
0.41400126673333326
0.4151983568333333
0.4174599245333333
0.4190048175333333
0.42014327643333327
0.4213017617333333
0.42246682503333327
0.4236515647666666
0.4248503648666666
0.4260521968666666
0.4289171640333333
0.4301257229333333
0.4313358280333333
0.4329746545666667
0.4373793137
0.4390141179
0.44021752766666666
0.4434172024333333
0.44461180736666667
0.445188199
0.44635101266666666
0.4475227404666667
0.44870065233333334
0.4498898000666667
0.45108531243333333
0.4522855411333333
0.4534894235333333
0.4546967189333333
0.4559061442
0.4571183515333333
0.45874708546666665
0.4599608172
0.4615869595666666
0.4628006569333333
0.4644200076666666
0.4656281163999999
0.4672409724999999
0.4684441220999999
0.47004782473333323
0.4712409162666666
0.4724221820666666
0.4741096392666666
0.47532351889999996
0.4769634956333333
0.47818156829999997
0.47939849253333333
0.48299446286666664
0.4851500794333333
0.48703268506666664
0.48823602636666663
0.49251967299999994
0.49520900329999995
0.4958042067999999
0.4970009588333333
0.4982073209
0.49941934716666664
0.5006350527
0.5018543455
0.5030761804999999
0.5042991457999999
0.5055242036333333
0.5071207554999999
0.5083452797999999
0.5099363554666665
0.5111588338666665
0.5127400889333331
0.5139539139333331
0.5155247866333331
0.5167308496666665
0.5182888852333332
0.5194829718333331
0.5200846359333331
0.5213023767666665
0.5225293748999998
0.5237571468999999
0.5253355333666665
0.5265638445999998
0.5277892951333332
0.5293500178333331
0.5308986680666665
0.5321051274666665
0.5336393080999998
0.5352584619999998
0.5358683010333332
0.5375748434333332
0.5392454038666665
0.5404756702333332
0.5421259712666665
0.5433567328333332
0.5445839613999999
0.5464834115333332
0.5477056778666666
0.5492393091666665
0.5508861920666666
0.5526899075666666
0.5538885741666666
0.5568472970666666
0.5582383119666666
0.5588522420333333
0.5600814852666666
0.5617966229999999
0.5630289510333332
0.5642602003333331
0.5659742690666665
0.5675083087999998
0.5687348320999998
0.5707421841666664
0.5719623136666664
0.5734705702999997
0.5751551007999997
0.5766465947666664
0.5778396517333331
0.5797956825666664
0.580973050633333
0.5822047073999997
0.5834344919666664
0.5849970522666664
0.5874315867666664
0.5886543871999997
0.5898692759999997
0.5919975618333331
0.5937696464333331
0.5952311830333331
0.5964155335999998
0.6001736248999998
0.6013410951333331
0.6025743913999998
0.6042232410999998
0.6063743296333332
0.6075967372333332
0.6102935221666665
0.6115068125666665
0.6136959865666665
0.6154101584999998
0.6165897705999998
0.6187766462333331
0.6210105843333331
0.6216265051333331
0.6228552324333331
0.6240823900999998
0.6255467138333332
0.6267646442333331
0.6282136227999998
0.6294208569333332
0.6308501973999998
0.6320381696333331
0.6334450679666664
0.6346150608999997
0.6359978063999997
0.637148367533333
0.637760785433333
0.6393978108999997
0.6408370311999997
0.6420487430666664
0.643884239133333
0.6450836512999997
0.646484721133333
0.6480677392333329
0.6494445094666663
0.650603175933333
0.6523604143333329
0.6534983368333329
0.6541080893333329
0.6566935146999995
0.6579006014333328
0.6596405374999995
0.6608336451666662
0.6629796489333328
0.6644651780999995
0.6660855985999995
0.6672342137333328
0.6692550209999995
0.6704815074999995
0.6721004664666661
0.6734681349666661
0.6747892873333328
0.6766928287999995
0.6792751843333328
0.6806932273999995
0.6819167528999995
0.6839665678333329
0.6858073024666662
0.6864029615333329
0.6877488576333329
0.688922746833333
0.6902427236333329
0.6913902022333329
0.6926803070999996
0.6938024751333329
0.6950615182666663
0.6961585282999996
0.6974546981999996
0.6997757277999996
0.7020351059666663
0.7036576803999997
0.704849832833333
0.7071181914666663
0.708265126233333
0.7088415479666664
0.7101086531999997
0.7112314974666664
0.712465138333333
0.7135588779999997
0.7147581291999997
0.7158236081999997
0.7165004491666663
0.7188419254666664
0.7201367940666663
0.7212938650666663
0.7231270856333329
0.7244191159666663
0.7253265954999997
0.726755342333333
0.727812415833333
0.7301362609999996
0.731512883333333
0.732129420933333
0.7332466199666663
0.7346738134666663
0.7357408278333329
0.736251304533333
0.737328430533333
0.7383154275999997
0.7393860430999997
0.7409449758666663
0.7414202055999997
0.741915180033333
0.7432187640666663
0.7441167818999996
0.7452194298999997
0.7460714453999997
0.7475249902666664
0.7484447787999997
0.7491961602666664
0.7499054054333331
0.7506738767999998
0.7518528064999997
0.7525614863666664
0.7531911020333331
0.7546997046666664
0.7552962238333331
0.7563687666666664
0.7571232506666664
0.7577445557333331
0.7582792692333331
0.7595329281666664
0.7602710576666664
0.7607548939333331
0.7612370802999997
0.7617220530333331
0.7622044321333331
0.7626843631666664
0.7631655566999997
0.763642990033333
0.764118855033333
0.764731136733333
0.7659218069666663
0.766394388633333
0.7672598301999997
0.7677292354666663
0.7690001167333329
0.7694649102666662
0.7702922505999995
0.7707530241999995
0.7717895081333328
0.7723613415666661
0.7730948409333328
0.7735390506999995
0.7744740052666662
0.7749286914999995
0.7754005539999995
0.7762997706999996
0.7771706579999995
0.7779937822666662
0.7787947063333328
0.7795403836999995
0.7806768801999995
0.7813533837333329
0.7820073609666662
0.7826416196999996
0.7836033363999996
0.784198444133333
0.7854802928666663
0.7860413726666663
0.7866273428333329
0.7879553352333329
0.7885071749333329
0.7890052804999995
0.7899696344666662
0.7905276170666662
0.7909929729666662
0.7914576961333328
0.7919205775666661
0.7923826121666662
0.7928451502333328
0.7933090589999995
0.7937699110666662
0.7942301214999995
0.7946915024999995
0.7951480496333329
0.7956027447666661
0.7960594838333328
0.7965179601999994
0.7969697047666661
0.7974193327999994
0.7978653277666661
0.7983126073999994
0.7987573873999995
0.7991991769666661
0.7996395699333327
0.8001174320999994
0.8005520522999994
0.801022084966666
0.8014513197666661
0.8019126819999994
0.8023320695666661
0.8027815826999994
0.8031922125333327
0.8036315742666661
0.8040375563333327
0.8044862682333327
0.8053316085333327
0.8061275000999995
0.8070370945999994
0.8078658708333327
0.8085110921666661
0.809524572766666
0.8102798125999994
0.8108415586999994
0.8118739860333327
0.8124006380333327
0.8134752930666661
0.8141059605666661
0.8148450926333327
0.8153075268666661
0.8161176945999994
0.8168482059333327
0.8172903044333327
0.8177310276999994
0.8181727181999994
0.818940351866666
0.8193725706999994
0.819803951666666
0.8202292372333326
0.8207883459666659
0.821400679466666
0.8218170957333326
0.8223066584333326
0.823010139266666
0.8234143067999993
0.8245595209333326
0.824957099466666
0.8253899346333327
0.8260092989999993
0.8264357078999993
0.8268130665999993
0.8280197082333327
0.8285444851999993
0.8293651179999993
0.830134431166666
0.8308800525999993
0.8315670788999993
0.8321812120333326
0.8327718627666659
0.8338836488999992
0.8344120925999993
0.8349043952666659
0.8355704949333326
0.8372395111333326
0.8377030745333326
0.838130166866666
0.8389505970999993
0.8393556222999993
0.8397786710666659
0.8401972091333326
0.8406158283999993
0.8410288555999993
0.8414361219999993
0.8418415780999993
0.8422399799999992
0.8427099336666659
0.8430977889666659
0.8434819050999992
0.8438633516999992
0.8448575206666659
0.8452313386666659
0.8459221993999992
0.8462883982333326
0.8471003089999992
0.8475197016333326
0.8481123920333326
0.8484571748333325
0.8491645713999991
0.8495071927999991
0.8499018434999991
0.8507915717333324
0.8515280129999991
0.8522401822333324
0.8530421919666658
0.8536948641999991
0.8543203259666657
0.8550390377666658
0.8556181055666658
0.8561736434999991
0.8568172115999991
0.8573492127999991
0.8578421593666657
0.8584382860666657
0.8588948610666657
0.8593513679666657
0.859870062199999
0.8602923000666656
0.8606840625666655
0.8611695467999988
0.8615391917333322
0.8619421474999989
0.8623431775666656
0.8627412334666655
0.8631369846333322
0.8635315860666656
0.8639265675333323
0.8643170058333323
0.8647056205666656
0.8650939796333322
0.8654759689999989
0.8658549964333322
0.8662342742666655
0.8666140106333322
0.8669854228333322
0.8673534387333323
0.867717012099999
0.8680801605666656
0.868439588899999
0.8687950127999989
0.8691472385333323
0.8695115189666657
0.8698554308999991
0.8702104595333324
0.8705459018666658
0.8708910805999991
0.8712154326333325
0.8715476940666658
0.8718609255666657
0.8721821998666657
0.872488548299999
0.8732871664333324
0.8738619512666657
0.8743328167666656
0.8747625656333323
0.8753961379666657
0.8760137988333324
0.8763745833666657
0.8773650043333324
0.8780268108666658
0.8784076533999992
0.8787862173999992
0.8791615336999992
0.8795341523666659
0.8799051369666658
0.8802761825666658
0.8806423469999992
0.8810063708666659
0.8813697043666658
0.8817263677666658
0.8820798079999992
0.8824329412333325
0.8827861281666658
0.8831307331666658
0.8834716455333325
0.8838079908333325
0.8841434067333325
0.8844748369999992
0.8848020683333325
0.8851256514999992
0.8854563520333325
0.8857710972999991
0.8860923197333325
0.8863979259666658
0.8867091632999992
0.8870036269666658
0.8873019302333325
0.8875849070999992
0.8878722300333325
0.8881478871999992
0.8884880426333325
0.8891425940333325
0.8898500188666658
0.8904429028666658
0.8910079475333325
0.8916300397999991
0.8921466861999992
0.8926393157999991
0.8931850973666657
0.8936433844333324
0.8940716407666657
0.894560693199999
0.894951646899999
0.8953345131333323
0.8957564446333324
0.8961056214666657
0.8964321356333323
0.896814231399999
0.8971184398333324
0.897756463599999
0.8982671410666657
0.8987241058999991
0.899140391599999
0.8997051648999991
0.9000356699666657
0.9004313043333324
0.9007279560999991
0.9010108556666658
0.9018385077666659
0.9022591732666658
0.9027333479333325
0.9029894915999992
0.9035558340666658
0.9038034945666659
0.9041175233333325
0.9046830039333325
0.9051709612999991
0.9056346668333324
0.9060603503666658
0.9064588624666657
0.9068196914999991
0.9071699834333324
0.9074869386333324
0.907783715499999
0.9080734518333323
0.9083646244333323
0.9086908697333324
0.909014118399999
0.909332039099999
0.9096388754333323
0.909940823699999
0.9103521946666656
0.9107251816999989
0.9110028929666656
0.9113423903666655
0.9116114060666656
0.9119648866666655
0.9122244765333322
0.9129437114333322
0.9131933492999988
0.9134672768333322
0.9138749251999988
0.9141271854999988
0.9143543551333322
0.9148577068999989
0.9151382419666656
0.9154775119666656
0.9159572051333322
0.9164312614999989
0.9168070443999988
0.9171418774333322
0.9174690103666655
0.9178320868333322
0.9183152361666655
0.9185842348333322
0.9191190087666655
0.9194907762666655
0.9198045872999989
0.9201153276999989
0.9204223082666656
0.9207257246999989
0.9210263291999989
0.9213261437999989
0.9216205149333322
0.9219120552333322
0.9222018094333322
0.9224845612666656
0.9227636274999989
0.9230409611333322
0.9233172973666656
0.9235849793666656
0.9238484638666656
0.9241073768666657
0.9243641459333324
0.924616536099999
0.9248645308666658
0.9251080100666658
0.9253502245666658
0.9255841953999991
0.9258169226333325
0.9260407800333325
0.9262637962666658
0.9264771954999991
0.926688046699999
0.926889940099999
0.9270905070999991
0.9272846187666658
0.9275360169333324
0.9281431386333324
0.9285685904333324
0.9289702729333323
0.9293899697333323
0.9298546414333323
0.9301923652666656
0.9305631351999989
0.9308641953333322
0.9311525180999989
0.9315460297333322
0.9318030685999988
0.9320436669999989
0.9323057247333322
0.9325341182333322
0.9328151819333322
0.9333103620666656
0.9337426033666656
0.9341209352666656
0.934458077399999
0.9347587842333324
0.9350508259333323
0.9353031199666657
0.9355373069333324
0.9357561022999991
0.9359610433333324
0.9361675256999991
0.9363537866666657
0.9365338961666657
0.9369180175666657
0.9370898958666657
0.9374878551666657
0.937928517699999
0.9383240954666656
0.9386353212999989
0.9389104280333322
0.9393251602333322
0.9397449083999989
0.9399896260333322
0.9402060007333323
0.940643711899999
0.9408393818333323
0.9411098398666656
0.9413769235333322
0.9416401421333322
0.9418994788666656
0.9421554730333322
0.9424102332666656
0.9426595108333323
0.942905713999999
0.943149609199999
0.9433866794666657
0.943619998999999
0.9438508933666657
0.9440802687666657
0.9443014105333324
0.9445183069666657
0.944730873199999
0.944940767699999
0.945146315099999
0.945347605499999
0.9455441821666656
0.9457372199666656
0.9459244839666656
0.9461085024999989
0.9462857546999989
0.9464607067999988
0.9466284591333322
0.9467922769333321
0.9469492182999988
0.9471036418666654
0.9472530797999987
0.9476485120333321
0.9480486599333321
0.9483432820666654
0.9485986642666654
0.9489532674333321
0.9491482094333321
0.9493548209666655
0.9496095899666654
0.9498592385999988
0.9501054248666654
0.9503477548666653
0.9505861173999987
0.950820950133332
0.9510543700666654
0.9512823719666654
0.9515072383999987
0.9517296029333321
0.951945324733332
0.9521573253333321
0.9523666389666654
0.9525742330999988
0.9527739070666654
0.9529693845666655
0.9531607054666654
0.9533491764999987
0.9535333877666654
0.9537134733666655
0.9538888458666654
0.9540601117999987
0.9542264210999987
0.9543890123999986
0.954545541133332
0.9546994896333321
0.9548470896999988
0.9549905228999988
0.9551278085666655
0.9552623777666654
0.9553924309333321
0.9555665206999988
0.9558915189333321
0.9562144891333322
0.9564966721666656
0.9567594884333323
0.9570232470333323
0.9572510316666656
0.9574653822333322
0.9576803415666656
0.9578663711333323
0.9580390555666656
0.9582164587666656
0.9583697297666656
0.9585827469999989
0.9588916474999989
0.9591592185333322
0.9594867980999988
0.9597009633999988
0.9598868146999988
0.9601207072333322
0.9603282738333322
0.9604829861666655
0.9606249374666656
0.9608142020666656
0.9609514773333322
0.9610897056999989
0.9612104898999989
0.9615066022666656
0.9616398652333323
0.961790951499999
0.9620869365333324
0.9623988882333324
0.9626399763999991
0.9628812162999991
0.9630881167999992
0.9632817940333325
0.9635164179666658
0.9636829087666657
0.9638368259333324
0.9639923077333324
0.9641298631666658
0.9643329400999991
0.9645320098666658
0.9648179713999991
0.9649944074333324
0.9651642393666657
0.9653368563999991
0.9655070231333325
0.9656529684666658
0.9657990579999991
0.9660040086333325
0.9661332999666657
0.9662535483666658
0.9663786532999991
0.9665464250333324
0.9666550835999991
0.9667585166666658
0.9669995854666658
0.9670965132666658
0.9672379728666658
0.9674652768666658
0.9677433158333325
0.9679342311666659
0.9681363573333326
0.968311631266666
0.9684612537666659
0.9685986000333326
0.9687552222333327
0.9689177932666659
0.9691097909333326
0.9692982885999992
0.9694831548333326
0.9696640525333325
0.9698411510999992
0.9700164781666659
0.9701868416333326
0.9703540963666659
0.970518525466666
0.9706771234999992
0.9708322837333325
0.9709843002666658
0.9711342331666658
0.9712774517666658
0.9714168443999991
0.9715527346333325
0.9716855531999992
0.9718145841999992
0.9719400534999992
0.9720611283666659
0.9721776817999993
0.9722908680999993
0.972400081266666
0.9725046966999993
0.9726067855666659
0.9727043498666659
0.9727979963333325
0.9728870886666658
0.9729736389333326
0.9730566526666659
0.9732060616666659
0.9734065060333326
0.9735746370999993
0.9737456750999992
0.9738863937666659
0.9740062843666658
0.9741271696333325
0.9742419617333324
0.9743923121333324
0.9746410167666658
0.9748497095999992
0.9750253588333325
0.9751878617333325
0.9753296513666658
0.9754625580333325
0.9755878440999991
0.9757054943666658
0.9758108849999991
0.9759107750999991
0.9760051629666658
0.9761443891999991
0.9762306283999991
0.9763126339666658
0.9763900912333324
0.9764790414333324
0.9765503390666658
0.9766422350666658
0.9768161124333324
0.9769687061666658
0.9771092605333325
0.9772427899333325
0.9773598193999992
0.9774663511666658
0.9775693764999991
0.9776599115666658
0.9778181577333325
0.9779730352666658
0.9781245545999991
0.9782722791333325
0.9784162383333325
0.9785583269333324
0.9786959072666658
0.9788305374999992
0.9789623182999991
0.9790889443666658
0.9792124376333325
0.9793327278333326
0.9794508703666659
0.9795632147333325
0.9796721090999991
0.9797779907333325
0.9798808709333325
0.9799803911666659
0.9800768068666659
0.9801692297666659
0.9802574358333326
0.9803429651999992
0.9804248542999991
0.9805028824666658
0.9805787448333325
0.9806509747333325
0.9807198127999992
0.9807849168999992
0.9808478645999993
0.9809078030999993
0.9810487498999992
0.9812039354666658
0.9813090470999992
0.9814037672999992
0.9815036797666659
0.9815828585333325
0.9817156199333325
0.9818428023333324
0.9819552797333324
0.9820616266666657
0.9821605046333324
0.9822561428666657
0.9823600362333325
0.9824468626333325
0.9825777744999992
0.9826579762333325
0.9827680652333325
0.9828418962999992
0.9829668592999992
0.9830337579333325
0.9831120559999992
0.9831740981333326
0.9832410492999992
0.9832962853999992
0.9833744743666659
0.9834303718333326
0.9834922040666659
0.9836048130999993
0.9837093052333326
0.9838008676333325
0.9838831958333325
0.9839608578333325
0.9840290702666659
0.9841285902666659
0.9842895840999992
0.9844202984999992
0.9845391151333326
0.9846493573666659
0.9847622246333326
0.9848546764333326
0.9849406206999992
0.9850199803666659
0.9851045787333326
0.9851737872666659
0.9852383845999992
0.9852986641666659
0.9853644920666659
0.9854193657666659
0.9854702558666659
0.9855177796666659
0.9855698600333326
0.9856126963999993
0.9856691180333326
0.9858042356666659
0.9858861738666659
0.9859593838999993
0.986030031166666
0.9860900791333327
0.9862053576666661
0.9863176277999994
0.9864270541999994
0.9865331235666661
0.9866357190333328
0.9867364696666662
0.9868335051666661
0.9869279663999995
0.9870197633333329
0.9871074774999995
0.9871926039666662
0.9872747193999996
0.9873547981333329
0.9874304468333329
0.9875032972666663
0.9875738588999996
0.9876417492999996
0.9877069807999996
0.9877698146666662
0.9878293993999996
0.9878855477666663
0.987939807033333
0.987991174833333
0.9880396461666663
0.9880865673999997
0.9881309351999996
0.9881727969333329
0.9882119689666663
0.9882496072666663
0.988284975833333
0.9883278240999996
0.9884087983666663
0.9884740613666663
0.988548826633333
0.9886158852999997
0.9887101851999996
0.9887959145333329
0.988872925833333
0.9889446476999997
0.9890650937999996
0.9891386125999996
0.9891947877666663
0.989251557833333
0.9893026589333329
0.9893767635666663
0.989422959833333
0.9894639243999996
0.989504586933333
0.9895637080666663
0.9895989572666662
0.9896317016666663
0.9896843545666663
0.9897137167999996
0.9897458401666663
0.989802488233333
0.9898541779999998
0.9898992875333331
0.9899616815333331
0.9900587306666664
0.9901450511666664
0.9902231145666665
0.9902990083666664
0.9903620987999997
0.9904197165999997
0.9904718425666664
0.9905241876999997
0.9905681751666664
0.990608530933333
0.990645602433333
0.9906844432999997
0.9907173357999998
0.9907476520999998
0.9907755812999999
0.9908049733333332
0.9908295635666665
0.9908543599666665
0.9908991536333331
0.9909379785666664
0.991011722733333
0.9910808021999997
0.9911394887666664
0.991193552733333
0.9912426466666663
0.9912909407666662
0.9913320686333329
0.9913714479333329
0.9914083523666662
0.9914689686666662
0.9915020020333329
0.9915602531999996
0.9915890990666663
0.991627281033333
0.9916534246666663
0.9916841112999996
0.9917066578333329
0.9917376979333329
0.9917588177666662
0.9917806054666661
0.9918208622666661
0.9918928123666662
0.9919623942333328
0.9920298736333327
0.9920947432333327
0.9921567966333327
0.992217263666666
0.9922750848999993
0.992330948966666
0.992384647366666
0.992435587066666
0.9924846854333327
0.9925313465333326
0.9925763547999993
0.9926185167333326
0.9926587439333325
0.9926975112999992
0.9927342555666658
0.9927692226666658
0.9928026344666658
0.9928338162999991
0.9928626858666658
0.9928904308333325
0.9929162938999991
0.9929403293333324
0.9929634879333324
0.9929851586333325
0.9930053349999991
0.9930239079333324
0.9930416154333324
0.993057910099999
0.993072616299999
0.9931168150999989
0.9931799661999989
0.9932225639666656
0.993260701299999
0.9932952188333324
0.9933224845333324
0.9933472557333324
0.9933693491999991
0.9933940015999991
0.9934130780999991
0.9934304755333324
0.993446250799999
0.9934700591333324
0.9934835783999991
0.9935417944333325
0.9935983425666658
0.9936430150999991
0.9936801059333324
0.9937079263666658
0.9937353350666658
0.9937611892999991
0.9937824589999992
0.9938220937666659
0.9938402478999993
0.9938661123999992
0.9938852014333326
0.9939052382999992
0.9939190024999992
0.9939352401333326
0.9939477107999992
0.9940033935666659
0.9940570442333325
0.9941089423999991
0.9941586152999992
0.9942058464999992
0.9942516723333326
0.9942953353666659
0.994337350666666
0.9943774944333326
0.9944154420666659
0.9944518872666659
0.9944862373666659
0.9945191685333326
0.9945498928666658
0.9945790639666658
0.9946071071666659
0.9946334665666658
0.9946584239999992
0.9946821718999992
0.9947041434666659
0.9947242959666659
0.9947436069333325
0.9947614616333326
0.9947779164666659
0.994793738366666
0.9948084620999993
0.9948220771333326
0.9948344987999993
0.994846296266666
0.9948570259999994
0.9948838773666661
0.9949263348333327
0.9949613918999993
0.9949923299333326
0.9950195951999993
0.9950409314333326
0.9950649532999992
0.9950818493333325
0.9950985975333325
0.9951131611999992
0.9951261702666658
0.9951378618666659
0.9951496823666659
0.9951622460666659
0.9952109825999993
0.9952578512999993
0.9953031315666659
0.995346372966666
0.9953873602999993
0.9954270380333327
0.9954647749333326
0.9955010122999993
0.9955355263333326
0.9955680957666659
0.995599318666666
0.9956286187333326
0.9956566180666659
0.9956826895999993
0.9957073808999993
0.995731088666666
0.9957532757666661
0.9957742281333327
0.9957941226333327
0.9958124462333326
0.9958291715999993
0.9958451748333326
0.9958599089999992
0.9958734290999992
0.9958864163999992
0.9958984682999992
0.9959095738999991
0.9959196593666658
0.9959292195333325
0.9959378611666658
0.9959728964666659
0.9960164290333325
0.9960500310666659
0.9960803261333325
0.9961050487666658
0.9961247754999991
0.9961433092333325
0.9961602920333325
0.9961777682666658
0.9961923945666659
0.9962046576333325
0.9962168993666659
0.9962366882999992
0.9962467063666659
0.9962557808666659
0.9962657856333326
0.9962735322666659
0.9963026969333326
0.9963194573999993
0.996332380666666
0.9963524330333327
0.996363217566666
0.9963772036333327
0.9963858160666661
0.9964027736999994
0.9964099179666661
0.9964416700666661
0.9964717872333327
0.9965006151666661
0.9965279374999995
0.9965536545333328
0.9965785488666661
0.9966014636666661
0.9966232510666662
0.9966437391333328
0.9966628231333328
0.9966811138333328
0.9966983073999994
0.9967142985333327
0.9967294331999994
0.996743429166666
0.9967559703333327
0.9967679432333327
0.9967790096666661
0.9967889921333328
0.9967985676333329
0.9968075091333328
0.9968156190333328
0.9968229316333328
0.9968299043333329
0.9968360922333328
0.9968730523999995
0.9969084576666661
0.9969425762666662
0.9969750085333329
0.9970055508333329
0.9970349771666662
0.9970628630666662
0.9970895262333329
0.9971147542999996
0.9971384800333329
0.9971611403333329
0.9971822116333329
0.9972022114999995
0.9972207628666662
0.9972382416333329
0.9972549838666662
0.9972705093666662
0.9972850927666662
0.9972988799666662
0.9973114601666662
0.9973228285666662
0.9973336736999996
0.9973435723999996
0.9973525739666662
0.9973612046999996
0.9973691679999995
0.9973764541333329
0.9973830079666662
0.9973891963333329
0.997394718533333
0.9974191976666663
0.9974400959333329
0.9974577389666662
0.9974707857999996
0.997482126133333
0.9974918876999996
0.9974999275999996
0.9975070336333329
0.9975132909999996
0.997519132233333
0.997525408033333
0.9975574332999997
0.9975880499666664
0.9976175164999997
0.9976454603999998
0.9976716872666664
0.9976968930666664
0.9977207361999998
0.9977434835333331
0.9977649324666664
0.9977850704666664
0.9978042676999997
0.9978220335333331
0.9978388361666665
0.9978543926999998
0.9978690110666665
0.9978829968666665
0.9978959042666665
0.9979079952999999
0.9979194010333332
0.9979297578666665
0.9979390686999998
0.9979479376666665
0.9979559964333331
0.9979632907333331
0.9979702782333332
0.9979767066999998
0.9979825671999998
0.9979878127666665
0.9979927561666665
0.9979971378333332
0.9980285234999999
0.9980482478333332
0.9980649453666666
0.9980858676333333
0.9980989764666667
0.9981099788666666
0.9981220287666667
0.9981300364
0.9981365914333333
0.9981454312333333
0.9981514205333333
0.9981602753666666
0.9981649599
0.9981721549666667
0.9981761383333333
0.9981861215333333
0.9982029502333333
0.9982169225333333
0.9982288937999999
0.9982390164999999
0.9982476302
0.9982549946333333
0.9982619016666666
0.9982678000333333
0.9982729962666665
0.9982775206333332
0.9982818431666666
0.9982854609666666
0.9983129065666666
0.9983322104333333
0.9983488769666666
0.9983682813333333
0.9983777764666667
0.9983880943000001
0.9983978069666668
0.9984043719000001
0.9984096675
0.9984148452
0.9984190861333333
0.9984228109666666
0.9984272418
0.9984303106666667
0.9984541159666667
0.9984767812666666
0.9984985396999999
0.9985190738999999
0.9985382120666666
0.9985565098333332
0.9985737557999999
0.9985901344666666
0.9986054677333333
0.9986198167999999
0.9986334427666665
0.9986459272333332
0.9986576472666666
0.9986684586666666
0.9986785631666667
0.9986882079
0.9986970203333333
0.9987052292333333
0.9987129382333333
0.9987198682666666
0.9987260319666665
0.9987318855333333
0.9987371553333333
0.9987418795666666
0.9987463973666666
0.9987505293333333
0.9987542684333333
0.9987575813333333
0.9987606911333332
0.9987634090999998
0.9987703808999998
0.9987817901999998
0.9987897453333331
0.9987974459999998
0.9988030364999998
0.9988081733666665
0.9988125496999998
0.9988163412666664
0.9988195997666665
0.9988226767333331
0.9988257066666665
0.9988432199999998
0.9988662434999999
0.9988793699333331
0.9988901381666665
0.9988992107999999
0.9989073376999998
0.9989140683999999
0.9989197031333332
0.9989244279666666
0.9989282039999999
0.9989314942333333
0.9989344602333333
0.9989370744333333
0.9989414712333333
0.9989436295999999
0.9989546516
0.9989693791666666
0.9989817693999999
0.9989908936333333
0.9989997360666666
0.9990062096666665
0.9990121419333332
0.9990173858333332
0.9990223239333332
0.9990266155666666
0.9990304506666666
0.9990338390666667
0.9990370683666666
0.9990402503333333
0.9990428906666666
0.9990452106
0.9990473882333333
0.9990492643
0.9990538609666666
0.9990600138
0.999065078
0.9990692550333333
0.9990733232
0.999076494
0.9990792198666667
0.9990815326
0.9990836792333333
0.9990854478
0.9990974672999999
0.9991087447333332
0.9991193917333332
0.9991292646666665
0.9991384672666666
0.9991471986999999
0.9991550604333332
0.9991623677666666
0.9991691082999999
0.9991753371666666
0.9991812657666667
0.9991866308333334
0.9991915741333334
0.9991961898333334
0.9992002994333333
0.9992038905666667
0.9992072882
0.9992103203
0.9992129954666666
0.9992155487
0.9992178744333333
0.9992199519
0.9992217682666666
0.9992234693666666
0.9992249247666666
0.9992375363999999
0.9992478226666666
0.9992562200999999
0.9992633668666666
0.9992694587333333
0.9992750965666666
0.9992795493333333
0.9992849629
0.9992886370333334
0.9992932735000001
0.9992963109666667
0.9992986904000001
0.9993010564666668
0.9993032142000001
0.9993050908000001
0.9993066957666668
0.9993085313666668
0.9993098111333334
0.9993146089
0.9993177339333333
0.9993201520333334
0.9993217814666667
0.9993239454666667
0.9993253625333334
0.9993367613666667
0.9993474099333334
0.9993566527333334
0.9993667715333334
0.9993737448000001
0.9993796340333334
0.9993846176666668
0.9993892305000001
0.9993936063666667
0.9993972082333334
0.9994005599000001
0.9994039402000001
0.9994063599333335
0.9994086029333334
0.9994104789666668
0.9994122675000001
0.9994139073333335
0.9994153474666668
0.9994165962333335
0.9994182085666667
0.9994191945
0.9994276476333334
0.9994355502333334
0.9994429743333334
0.9994498033666668
0.9994561492666668
0.9994621377000001
0.9994674761666668
0.9994723963333334
0.9994769136666667
0.9994810696666667
0.9994850165666668
0.9994885439000001
0.9994917784333334
0.9994947844666667
0.9994974281666668
0.9994997140333334
0.9995018702
0.9995037728666667
0.9995054358333334
0.9995070207000001
0.9995084539333334
0.9995097255666667
0.9995108251666667
0.9995118499
0.9995127136666666
0.9995146329333333
0.9995176632666667
0.9995200689666667
0.9995221404
0.9995238408666667
0.9995252568
0.9995264204333334
0.9995274659000001
0.9995283069
0.9995326811666667
0.9995395988333334
0.9995441972666668
0.9995483642000002
0.9995512640000002
0.9995538567666669
0.9995560728333335
0.9995580533333335
0.9995597971333334
0.9995613160000001
0.9995626303
0.9995638772333334
0.9995650593333334
0.9995660494333334
0.9995669000666667
0.9995676904666667
0.9995683513666667
0.9995747839666667
0.9995847911333333
0.9995904014666667
0.9995953524
0.9995995798666666
0.9996029664999999
0.9996060457333332
0.9996089470333333
0.9996112806666666
0.9996134392666666
0.9996153157666665
0.9996169268666665
0.9996184428999998
0.9996199266333331
0.9996210771666665
0.9996221724999999
0.9996231561333332
0.9996240256666665
0.9996247711333331
0.9996255225666665
0.9996261034666665
0.9996279251999998
0.9996295267666664
0.999630794633333
0.9996318328666663
0.9996326502666664
0.9996333729666663
0.9996339454666663
0.9996415453666663
0.9996486711999996
0.9996554512999996
0.9996617344333328
0.9996674340666661
0.9996727724333329
0.9996777406999995
0.9996823782666662
0.9996865989333328
0.9996905065999995
0.9996941648666662
0.9996973864666662
0.9997003224666662
0.9997029997333329
0.9997054516333329
0.9997077739333329
0.9997098135666662
0.9997116740333328
0.9997133927333328
0.9997148788333328
0.9997161472333328
0.9997173391666662
0.9997183748999995
0.9997192697333328
0.9997201211333328
0.9997208833333328
0.9997215543666661
0.9997221263333328
0.9997226557333327
0.9997230935333328
0.9997257337999994
0.9997290243999994
0.9997309430999994
0.9997326300999995
0.9997338070999995
0.9997348928999995
0.9997356903333329
0.9997364449333329
0.9997370349333329
0.9997375357999996
0.9997379986333329
0.9997383795999996
0.9997390724666663
0.9997402079999996
0.9997411091999996
0.9997418320333329
0.9997424047333329
0.9997429013666662
0.9997432888333329
0.9997471067999996
0.9997507784999996
0.9997533794666663
0.9997551832999997
0.999756880933333
0.9997582046999997
0.9997594209999996
0.9997604870666663
0.9997613670666663
0.9997621917666663
0.9997632697999996
0.9997638785333329
0.9997646179666663
0.999765209933333
0.9997656609999996
0.9997660420666663
0.9997664361666663
0.9997667245666663
0.999772050733333
0.9997770213999997
0.999781738933333
0.999786086433333
0.999789996933333
0.9997936355999997
0.9997970097999996
0.9998001426999996
0.9998029684999996
0.999805577333333
0.9998080092999997
0.9998101239999997
0.999812033033333
0.9998137687333329
0.9998153484999996
0.9998168416666663
0.9998181366666663
0.9998193103999996
0.9998203893666663
0.9998213110333329
0.9998220875999996
0.9998228151999996
0.9998234405333329
0.999823974633333
0.9998244821999996
0.9998249337666663
0.9998253280333329
0.9998256600666663
0.999825966133333
0.999826214833333
0.9998269243666663
0.9998274665666663
0.9998278850999996
0.999828237933333
0.9998285315666663
0.9998321300999996
0.9998347584333329
0.9998368787333329
0.9998385824999996
0.9998399723999996
0.9998408990333328
0.9998417487333329
0.9998424700333328
0.9998435463999995
0.9998441112333328
0.9998445210999996
0.9998449647333328
0.9998453177666662
0.9998456375999996
0.9998458888333329
0.9998461599666663
0.9998463460666662
0.9998490509666662
0.9998515525666662
0.9998538656999996
0.9998559375999996
0.9998578464999995
0.9998596215666662
0.9998611486999995
0.9998625170666662
0.9998637596999995
0.9998648843666662
0.9998659457666662
0.9998668578666662
0.9998676799666661
0.9998684328666662
0.9998690703999995
0.9998696018999995
0.9998700987333329
0.9998705223666662
0.9998708807999995
0.9998712211333328
0.9998715226666661
0.9998717840999994
0.9998720022666661
0.9998722028333328
0.9998723634999994
0.9998726262666661
0.9998730268333327
0.9998733288333327
0.9998735864333327
0.999873771966666
0.9998746643333327
0.999875514966666
0.9998762265333327
0.9998767938666661
0.9998772585666661
0.9998776652666661
0.9998779456999994
0.9998782098666661
0.9998784862666661
0.9998786850666661
0.9998788495666661
0.9998790002333328
0.9998791197333328
0.9998821699666661
0.9998849960666661
0.9998876680999995
0.9998901094333329
0.9998922762666662
0.9998942714999995
0.9998961118666662
0.9998978064333328
0.9998993133666662
0.9999006989666661
0.9999019821999995
0.9999030757999995
0.9999040481666661
0.9999049286666661
0.9999057223999994
0.9999064703999995
0.9999071062666661
0.9999076768999995
0.9999081975333328
0.9999086337999995
0.9999089940666661
0.9999093300999995
0.9999096139999994
0.9999098521666661
0.9999100781333328
0.9999102771999995
0.9999104487999995
0.9999105906666661
0.9999107206333328
0.9999108233333327
0.999910972166666
0.9999111911999994
0.9999113658999994
0.9999115014999994
0.9999140182999994
0.9999163444333327
0.9999185409999993
0.999920541966666
0.9999223097666661
0.9999239316999994
0.9999254250333327
0.999926796166666
0.999928009466666
0.9999291236666661
0.9999301531999994
0.9999310244666662
0.9999317950666662
0.9999324919999996
0.9999331181999995
0.9999337077333329
0.9999342053999996
0.9999346505333329
0.9999350555999995
0.9999353927999995
0.9999356693333329
0.9999359268666662
0.9999361431333329
0.9999363234666663
0.9999364944666663
0.9999366446666663
0.9999367735666663
0.999936879433333
0.999936976233333
0.9999370519666664
0.9999376402666664
0.9999379270666664
0.9999381741333331
0.9999383374999997
0.9999385229333331
0.9999387030999998
0.9999388270333331
0.9999389188333332
0.9999390157666666
0.9999390808333333
0.9999391594666666
0.9999392814666666
0.9999393683666665
0.9999405494999999
0.9999416340999999
0.9999426255999999
0.9999434962999999
0.9999442943666665
0.9999450295999999
0.9999456448999998
0.9999461846999999
0.9999466721666666
0.9999471078333332
0.9999475173999999
0.9999478595333332
0.9999481638999999
0.9999484397999998
0.9999486672333331
0.9999488516666665
0.9999490230666664
0.9999491657666665
0.9999492835666665
0.9999493952333331
0.9999494928333331
0.9999495760333331
0.9999496436999998
0.9999497053999998
0.9999497529333332
0.9999510840666666
0.9999521448666665
0.9999531972666665
0.9999539100999999
0.9999544569999999
0.9999548459333332
0.9999552079999998
0.9999554755999999
0.9999557179999998
0.9999559302999999
0.9999560796333332
0.9999562481666665
0.9999563501666665
0.9999564467999998
0.9999565394999999
0.9999566112333332
0.9999566693999999
0.9999567371333333
0.9999567777666667
0.9999568233666667
0.9999568891333334
0.9999574562666667
0.9999583170666666
0.9999589195666666
0.9999593049666666
0.9999596296666666
0.9999599242666666
0.9999601333333332
0.9999603208666665
0.9999604733666665
0.9999605954999998
0.9999607086333332
0.9999608068999999
0.9999608831333332
0.9999609553333332
0.9999610181333332
0.9999610712999998
0.9999611140999998
0.9999611542999998
0.9999611838333331
0.9999619484666664
0.9999626480999998
0.9999632838999998
0.9999638363999998
0.999964341633333
0.9999648048666664
0.999965186833333
0.9999655181666663
0.9999658166666664
0.9999660816666665
0.9999663303666665
0.9999665350333331
0.9999667158333331
0.9999668788999997
0.9999670113999997
0.999967117333333
0.9999672154666663
0.999967296133333
0.9999673618666663
0.9999674241333331
0.9999674782333331
0.9999675239333331
0.9999675605999998
0.9999675938999998
0.9999676190333331
0.9999676403999997
0.9999677789333331
0.9999679838666664
0.9999681302666664
0.999968237133333
0.9999683251666663
0.9999683931999996
0.9999684461666664
0.9999684945666664
0.9999685362999997
0.999968570533333
0.999968597633333
0.999968622033333
0.9999686402666663
0.9999695578999996
0.9999703951999996
0.9999711809333329
0.999971885833333
0.9999724935999996
0.9999730405333329
0.9999735396666662
0.9999739911666663
0.999974380333333
0.9999747355999996
0.9999750601333329
0.9999753246666663
0.9999755521666662
0.9999757567333329
0.9999759374333329
0.9999761067999996
0.9999762445666662
0.9999763656333329
0.9999764743666663
0.9999765617666663
0.9999766308666662
0.9999766947666662
0.9999767467666661
0.9999767887333328
0.9999768284666661
0.9999768627999994
0.9999768915999995
0.9999769144666661
0.9999769351666662
0.9999769505333329
0.9999773444999995
0.9999775251333328
0.9999776333333328
0.9999777293333327
0.9999777846666661
0.9999778206999994
0.9999778609333327
0.9999778903666661
0.9999779149999994
0.9999779344999994
0.999977958566666
0.9999779723666661
0.9999787152333327
0.9999793912333327
0.9999800248333327
0.9999805914333327
0.9999810774666661
0.9999815130333327
0.9999819098333327
0.999982267666666
0.9999825743999993
0.9999828540999993
0.9999831089999993
0.9999833151333326
0.9999834913333326
0.9999836496333326
0.999983788966666
0.9999839194333326
0.9999840247333327
0.9999841169333327
0.9999841995333326
0.999984265466666
0.9999843171666659
0.9999843648999992
0.9999844034999992
0.9999844344333325
0.9999844636999992
0.9999844888999991
0.9999845099666658
0.9999845265666658
0.9999845415666658
0.9999845525666659
0.9999846244333325
0.9999847223999991
0.9999847903999991
0.9999848441333324
0.9999848742999992
0.9999849013333325
0.9999849263999991
0.9999849448666658
0.9999849592333324
0.999984972099999
0.9999849814666657
0.9999854354333324
0.9999857180333324
0.9999859374666656
0.9999860975333323
0.999986222599999
0.9999863296333323
0.999986441199999
0.9999865111666657
0.9999865820666657
0.9999866315666657
0.9999866670666657
0.9999866960666657
0.9999867187666657
0.9999867408333324
0.999986759299999
0.9999867746666657
0.9999867866666657
0.9999867974999991
0.9999868053333324
0.9999870001999991
0.9999871411333324
0.9999872019666658
0.9999872325333324
0.9999872519666658
0.9999872703333325
0.9999872904333325
0.9999873094333325
0.9999873196333324
0.9999873312666657
0.999987337899999
0.9999874616999991
0.9999875878999991
0.9999876858666658
0.9999877702333324
0.9999878247666657
0.999987872599999
0.9999879099333323
0.9999879386333324
0.999987964999999
0.9999879867666657
0.9999880033666657
0.9999880190666657
0.999988032499999
0.9999880436333324
0.9999880522666658
0.9999880601999991
0.9999880657666658
0.9999881055999991
0.9999881377666657
0.9999881617666657
0.999988178599999
0.9999881908333323
0.9999882006333324
0.999988208099999
0.9999882147666657
0.9999882197333323
0.9999886064333323
0.9999889554666657
0.999989281399999
0.9999895700333323
0.9999898137333323
0.9999900293333323
0.9999902247333322
0.9999903992333322
0.9999905462666655
0.9999906798999988
0.9999908008333321
0.9999908962333321
0.9999909762666654
0.9999910479999988
0.9999911104666654
0.9999911687999988
0.9999912147333322
0.9999912544999988
0.9999912898333322
0.9999913173999988
0.9999913385333321
0.9999913579333322
0.9999913732999989
0.9999913853666655
0.9999913967666656
0.999991406499999
0.999991414499999
0.9999914206666656
0.9999914261999989
0.9999914301333322
0.999991621299999
0.9999917944333323
0.999991948799999
0.9999920784666656
0.9999921962999989
0.9999923027666656
0.9999923864333323
0.9999924563666657
0.999992518999999
0.9999925734333323
0.9999926242999989
0.9999926641333322
0.9999926985999988
0.9999927291666655
0.9999927528999988
0.9999927709999987
0.9999927876333321
0.9999928007999987
0.9999928110999987
0.9999928208333321
0.9999928290999988
0.9999928358999988
0.9999928411333321
0.999992845833332
0.9999928491666654
0.9999931273999988
0.9999933564333321
0.9999935258333321
0.9999936622666654
0.9999937660333321
0.9999938392999987
0.9999938939666654
0.9999939413999988
0.9999939856666654
0.9999940202999987
0.9999940500999988
0.999994076533332
0.9999940969999987
0.9999941125666654
0.999994126833332
0.999994138033332
0.9999941467666653
0.999994155033332
0.9999941620666654
0.9999941678333321
0.9999941722333321
0.9999941761666654
0.9999941789333321
0.9999941923333321
0.9999942116999988
0.9999942210333321
0.9999942290333321
0.9999942341333321
0.9999942379999988
0.9999942413999987
0.999994243733332
0.9999944248999987
0.9999945364999987
0.9999946173999987
0.999994673533332
0.9999947150666654
0.9999947372999987
0.9999947523999987
0.999994762833332
0.999994769133332
0.9999947741999986
0.9999947782999986
0.999994781433332
0.9999947855666653
0.9999947874999987
0.9999948811999987
0.999994971033332
0.999995023533332
0.9999950602333321
0.999995082633332
0.9999951018666654
0.9999951245666654
0.999995137533332
0.999995146433332
0.9999951536666654
0.9999951589999987
0.9999951640999987
0.9999951683666654
0.999995171833332
0.999995174433332
0.9999951767999986
0.9999951784999986
0.999995374133332
0.9999955492666652
0.9999957121999986
0.999995855033332
0.999995973633332
0.9999960771666654
0.9999961704999987
0.999996253033332
0.9999963212999986
0.9999963831999986
0.9999964387666653
0.9999964814666653
0.9999965165999987
0.999996548033332
0.9999965750666654
0.9999966002999987
0.9999966196333321
0.9999966361666655
0.9999966507666654
0.9999966618666655
0.9999966701666655
0.9999966777666655
0.9999966836666655
0.9999966881999989
0.9999966924999989
0.9999966960999989
0.9999966990333322
0.9999967012666655
0.9999967032333322
0.9999967045666656
0.9999967110333322
0.9999967193999989
0.9999967249666656
0.9999967294333323
0.9999967329666656
0.9999967356333322
0.9999967375666656
0.9999967392333323
0.999996740399999
0.9999967740333323
0.9999967984333323
0.9999968118333323
0.9999968231666657
0.9999968286999991
0.9999968319333324
0.9999968349999991
0.9999968375666658
0.9999968396666657
0.9999968412333324
0.9999968432333324
0.9999968441666657
0.9999969150666657
0.9999969788333323
0.9999970349333323
0.999997080899999
0.9999971225333323
0.9999971597999989
0.9999971880333323
0.9999972110333323
0.9999972315666656
0.9999972491333323
0.999997265499999
0.999997277899999
0.9999972884333324
0.9999972976666657
0.9999973046333324
0.9999973097666657
0.9999973144666656
0.9999973180666656
0.9999973207999989
0.9999973233999989
0.9999973255666655
0.9999973272999989
0.9999973285999989
0.9999973297666656
0.9999973305666655
0.9999974528666655
0.9999975616999989
0.9999976626999989
0.9999977506333322
0.9999978227999988
0.9999978852333321
0.9999979413333321
0.9999979905666654
0.9999980307999987
0.9999980671999987
0.9999980997333321
0.9999981242666655
0.9999981441666654
0.9999981619666655
0.9999981771666655
0.9999981912999988
0.9999982019333321
0.9999982109999987
0.9999982189333321
0.9999982248666655
0.9999982292333321
0.9999982331999988
0.9999982362333322
0.9999982385333321
0.9999982406999988
0.9999982425333321
0.9999982439999988
0.9999982450999988
0.9999982460666654
0.9999982466999988
0.9999982499333322
0.9999982519333321
0.9999982528999988
0.9999982537333321
0.9999982542666654
0.9999983229666655
0.9999983711999988
0.9999984144666655
0.9999984525666655
0.9999984803666655
0.9999984988999988
0.9999985139666655
0.9999985253333321
0.9999985358666654
0.9999985424999988
0.9999985482999988
0.9999985525999988
0.9999985557666655
0.9999985586333322
0.9999985612999989
0.9999985629333322
0.9999985644666656
0.9999985657666656
0.9999985667999989
0.9999985675666655
0.9999985682333321
0.9999985686666655
0.9999985784333322
0.9999985921333322
0.9999985987999989
0.9999986041666655
0.9999986080666655
0.9999986107666655
0.9999986132333322
0.9999986150999989
0.9999986164666655
0.9999986178999989
0.9999986189999989
0.9999986198666655
0.9999986204999989
0.9999986210666656
0.9999986214333323
0.9999986748999989
0.9999987038999989
0.9999987249999989
0.9999987389333322
0.999998748899999
0.9999987537666656
0.9999987579999989
0.999998761099999
0.9999987631666656
0.999998764899999
0.9999987660666656
0.9999987671999989
0.9999987680999989
0.9999987687999988
0.9999987692999989
0.9999987697666656
0.9999987700666656
0.9999987710333322
0.9999987723999989
0.9999987733999989
0.9999987740999989
0.999998774599999
0.999998774999999
0.999998775299999
0.9999988343666657
0.9999988864666657
0.999998934599999
0.9999989760666657
0.9999990095333323
0.9999990380333323
0.999999063499999
0.9999990856333323
0.9999991033666656
0.999999119399999
0.9999991335999989
0.9999991439999989
0.9999991522666656
0.9999991596333322
0.9999991658666655
0.9999991716666655
0.9999991758999989
0.9999991794666655
0.9999991825666655
0.9999991847999988
0.9999991864333322
0.9999991878999989
0.9999991889999988
0.9999991897999988
0.9999991905666654
0.9999991911999988
0.9999991916999988
0.9999991920333322
0.9999991923666656
0.9999991925666656
0.9999992064666656
0.9999992178666656
0.9999992245666656
0.9999992300333322
0.9999992336333322
0.9999992366333322
0.9999992392333322
0.9999992411666656
0.9999992423999989
0.9999992433333322
0.999999243999999
0.9999992446333323
0.9999992451333324
0.9999992455666658
0.9999992458999991
0.9999992461666658
0.9999992463666658
0.9999992498333324
0.9999992524333324
0.9999992541999991
0.9999992554333325
0.9999992564999991
0.9999992570666658
0.9999992575999992
0.9999992580666659
0.9999992583999993
0.9999992586333326
0.9999992588333326
0.999999258966666
0.9999992594333327
0.9999992598333327
0.9999992600999994
0.9999992602999994
0.9999992604666661
0.9999992918333328
0.9999993165999995
0.9999993331999996
0.9999993459666663
0.9999993550666663
0.999999360833333
0.9999993648666663
0.999999368233333
0.999999371333333
0.9999993735666663
0.9999993754333331
0.9999993770666664
0.9999993782333331
0.999999379033333
0.9999993797666663
0.9999993802999997
0.9999993806999997
0.9999993810666664
0.9999993813666664
0.9999993815999998
0.9999993817666665
0.9999993818999998
0.9999993819999998
0.9999993964999998
0.9999994093999998
0.9999994204999998
0.9999994292333332
0.9999994370999998
0.9999994440333332
0.9999994489999998
0.9999994528666665
0.9999994562999998
0.9999994591666664
0.9999994618666664
0.9999994637666665
0.9999994653333332
0.9999994666999998
0.9999994676666665
0.9999994683333332
0.9999994689666666
0.9999994694333333
0.9999994697666666
0.9999994700666667
0.9999994703333334
0.9999994705333334
0.9999994707000001
0.9999994708333334
0.9999994709000001
0.9999994986
0.9999995228
0.9999995451
0.9999995641
0.9999995791666667
0.9999995917666668
0.9999996030000001
0.9999996126666668
0.9999996202333334
0.9999996270666668
0.9999996330666668
0.9999996373333335
0.9999996406333336
0.9999996436000003
0.9999996460666669
0.9999996483333335
0.9999996499666669
0.9999996513333336
0.9999996525000002
0.9999996533333335
0.9999996539333336
0.9999996544333336
0.9999996548000003
0.999999655066667
0.9999996553333337
0.9999996555333337
0.9999996557000004
0.9999996558000004
0.9999996559000004
0.9999996559666671
0.9999996561333337
0.9999996563666671
0.9999996565000004
0.9999996566333338
0.9999996566666671
0.9999996780666671
0.9999996967333338
0.9999997139000004
0.9999997284666671
0.9999997399000004
0.999999749466667
0.9999997579333337
0.9999997652000004
0.9999997708666671
0.9999997759666671
0.9999997804666672
0.9999997836333339
0.9999997860666672
0.9999997882333338
0.9999997900333338
0.9999997916666672
0.9999997928666672
0.9999997938333338
0.9999997946666671
0.9999997952333338
0.9999997956333339
0.9999997960000006
0.9999997962666672
0.9999997964333339
0.9999997966333339
0.9999997968000006
0.9999997969000006
0.9999997969666673
0.999999797033334
0.9999997971000006
0.9999998018000006
0.9999998045333339
0.9999998066666672
0.9999998082000006
0.9999998090000005
0.9999998097000005
0.9999998100666672
0.9999998103666672
0.9999998105333339
0.9999998106666672
0.9999998108000006
0.9999998109000006
0.9999998109666672
0.9999998110000006
0.9999998110333339
0.9999998253333339
0.9999998364666672
0.9999998436666673
0.999999849133334
0.9999998529333339
0.9999998552333339
0.9999998568000006
0.9999998581000006
0.9999998593000006
0.9999998601666672
0.9999998608666671
0.9999998614666672
0.9999998618666672
0.9999998621666673
0.9999998624333339
0.999999862633334
0.9999998627666673
0.9999998629000006
0.9999998630000007
0.9999998631000007
0.9999998631666673
0.999999863233334
0.999999863233334
0.9999998632666673
0.999999863333334
0.9999998633666674
0.9999998634000007
0.9999998638666674
0.9999998645000008
0.9999998648333341
0.9999998650333342
0.9999998652000008
0.9999998653333342
0.9999998654333342
0.9999998655000009
0.9999998655666675
0.9999998656333342
0.9999998656666675
0.9999998657000009
0.9999998657333342
0.9999998671666676
0.9999998683333342
0.9999998692000008
0.9999998697000009
0.9999998701333342
0.9999998705000009
0.9999998707666676
0.9999998709333343
0.9999998710333343
0.999999871100001
0.9999998711666677
0.999999871200001
0.9999998712333343
0.9999998712666677
0.999999871300001
0.999999871300001
0.9999998777333343
0.999999881800001
0.9999998839000009
0.9999998851333343
0.9999998859666676
0.9999998866333342
0.9999998872666676
0.9999998876000009
0.9999998879333343
0.9999998881333343
0.9999998882333343
0.9999998883333343
0.999999888400001
0.9999998884666677
0.9999998885333343
0.9999998885666677
0.999999888600001
0.999999888600001
0.999999888600001
0.999999888600001
0.9999998886333343
0.999999888700001
0.9999998909333343
0.999999892700001
0.9999998936333343
0.9999998942333344
0.9999998944666677
0.999999894600001
0.9999998947000011
0.9999998947333344
0.9999998948000011
0.9999998948333344
0.9999998948666677
0.9999998949000011
0.9999998949000011
0.9999998949000011
0.9999998951000011
0.9999998953333344
0.9999998954333345
0.9999998955000011
0.9999998955333345
0.9999998955666678
0.9999998956000011
0.9999998956333345
0.9999998956333345
0.9999998956333345
0.9999998956666678
0.9999998956666678
0.9999999013000012
0.9999999061000011
0.9999999105000011
0.9999999141666678
0.9999999169666678
0.9999999192333344
0.9999999212333345
0.9999999229000012
0.9999999241666678
0.9999999253000011
0.9999999262666678
0.9999999269333344
0.9999999274333344
0.9999999278666678
0.9999999282333345
0.9999999285666679
0.9999999287666679
0.9999999289333346
0.9999999290666679
0.9999999291666679
0.9999999292333346
0.9999999293000013
0.9999999293333346
0.9999999293666679
0.9999999294000013
0.9999999294000013
0.9999999294333346
0.9999999294666679
0.9999999294666679
0.9999999294666679
0.9999999294666679
0.9999999294666679
0.9999999337333346
0.9999999373666679
0.9999999407000013
0.9999999434333346
0.9999999455333346
0.9999999472333346
0.9999999487000013
0.9999999499333346
0.9999999508666679
0.9999999517000012
0.9999999524000012
0.9999999528666679
0.9999999532000012
0.9999999535000013
0.9999999537333346
0.999999953966668
0.9999999541000013
0.9999999542333347
0.9999999543333347
0.9999999544000013
0.9999999544333347
0.9999999545000013
0.9999999545333347
0.999999954566668
0.9999999546000014
0.9999999546000014
0.9999999546333347
0.9999999546333347
0.9999999546333347
0.999999954666668
0.9999999561000014
0.999999957366668
0.9999999584333347
0.9999999592333346
0.9999999599333346
0.999999960566668
0.999999960966668
0.999999961266668
0.9999999615333347
0.9999999617333347
0.9999999619333347
0.9999999620666681
0.9999999621666681
0.9999999622333348
0.9999999623000014
0.9999999623333348
0.9999999623333348
0.9999999623666681
0.9999999623666681
0.9999999623666681
0.9999999624000014
0.9999999624000014
0.9999999624000014
0.9999999624000014
0.9999999624000014
0.9999999624333348
0.9999999624666681
0.9999999624666681
0.9999999624666681
0.9999999624666681
0.9999999624666681
0.9999999624666681
0.9999999625000014
0.9999999625000014
0.9999999625000014
0.9999999649333348
0.9999999670000014
0.9999999688666681
0.9999999704000014
0.9999999715666681
0.9999999725000014
0.9999999733000013
0.9999999739666681
0.9999999744333348
0.9999999748666681
0.9999999752666682
0.9999999755000015
0.9999999756666682
0.9999999758333349
0.9999999759666682
0.9999999760666682
0.9999999761333349
0.9999999761666682
0.9999999762333349
0.9999999762333349
0.9999999762333349
0.9999999762666683
0.9999999762666683
0.9999999762666683
0.9999999762666683
0.9999999762666683
0.9999999762666683
0.9999999762666683
0.9999999762666683
0.9999999762666683
0.9999999764000016
0.9999999764666683
0.9999999765000016
0.9999999765000016
0.9999999765000016
0.9999999765000016
0.9999999765000016
0.9999999765333349
0.9999999765333349
0.9999999765333349
0.9999999765333349
0.9999999783666683
0.999999979933335
0.999999981333335
0.9999999825000017
0.9999999833666683
0.9999999840666682
0.999999984633335
0.9999999851000017
0.9999999854666684
0.9999999858000017
0.9999999860666684
0.9999999862666684
0.9999999864000018
0.9999999865000018
0.9999999866000018
0.9999999867000018
0.9999999867333351
0.9999999867666685
0.9999999868000018
0.9999999868333351
0.9999999868333351
0.9999999868333351
0.9999999868333351
0.9999999868333351
0.9999999868333351
0.9999999868333351
0.9999999868333351
0.9999999868333351
0.9999999868333351
0.9999999868333351
0.9999999868333351
0.9999999868666685
0.9999999868666685
0.9999999868666685
0.9999999869000018
0.9999999869000018
0.9999999869000018
0.9999999869000018
0.9999999869000018
0.9999999880333351
0.9999999889000017
0.9999999894000018
0.9999999897333351
0.9999999899333352
0.9999999900666685
0.9999999901333352
0.9999999902000019
0.9999999902333352
0.9999999902666685
0.9999999903000019
0.9999999903333352
0.9999999903666685
0.9999999904000019
0.9999999904000019
0.9999999904000019
0.9999999904333352
0.9999999904666685
0.9999999904666685
0.9999999904666685
0.9999999904666685
0.9999999904666685
0.9999999904666685
0.9999999908666686
0.9999999912333353
0.9999999915666686
0.999999991800002
0.999999992000002
0.9999999921666687
0.9999999922666687
0.9999999923333354
0.999999992400002
0.9999999924333354
0.999999992500002
0.9999999925333354
0.9999999925666687
0.9999999925666687
0.9999999925666687
0.9999999925666687
0.9999999925666687
0.9999999925666687
0.9999999925666687
0.9999999925666687
0.9999999925666687
0.9999999925666687
0.9999999925666687
0.9999999925666687
0.9999999925666687
0.9999999927333354
0.9999999928666687
0.9999999929333354
0.9999999930000021
0.9999999930666688
0.9999999930666688
0.9999999931000021
0.9999999931333354
0.9999999931333354
0.9999999931333354
0.9999999931333354
0.9999999931333354
0.9999999931333354
0.9999999931333354
0.9999999931333354
0.9999999931333354
0.9999999931333354
0.9999999931666688
0.9999999932000021
0.9999999932000021
0.9999999932000021
0.9999999932000021
0.9999999932000021
0.9999999932000021
0.9999999932000021
0.9999999932000021
0.9999999932000021
0.9999999932000021
0.9999999932000021
0.9999999932333354
0.9999999932333354
0.9999999932333354
0.9999999932333354
0.9999999932333354
0.9999999932333354
0.9999999932333354
0.9999999932333354
0.9999999932333354
0.9999999934666688
0.9999999936666688
0.9999999938333355
0.9999999939333355
0.9999999940333355
0.9999999941333355
0.9999999941666688
0.9999999942000022
0.9999999942333355
0.9999999942333355
0.9999999942666689
0.9999999942666689
0.9999999942666689
0.9999999943000022
0.9999999943000022
0.9999999943333355
0.9999999943333355
0.9999999943333355
0.9999999943333355
0.9999999943333355
0.9999999943333355
0.9999999943333355
0.9999999943333355
0.9999999943333355
0.9999999943333355
0.9999999946666689
0.9999999948000022
0.9999999949000022
0.9999999949333356
0.9999999949666689
0.9999999950000023
0.9999999950000023
0.9999999950000023
0.9999999950000023
0.9999999950000023
0.9999999950000023
0.9999999950000023
0.9999999950000023
0.9999999950000023
0.9999999950666689
0.9999999951333356
0.9999999951333356
0.9999999951333356
0.9999999951333356
0.9999999951333356
0.9999999951333356
0.9999999951333356
0.9999999951333356
0.9999999951333356
0.9999999951333356
0.9999999951333356
0.9999999951333356
0.9999999951333356
0.9999999954000023
0.9999999955333356
0.9999999956000023
0.9999999956000023
0.9999999956000023
0.9999999956000023
0.9999999956000023
0.9999999956000023
0.9999999956333356
0.9999999956333356
0.9999999956333356
0.9999999956333356
0.9999999956333356
0.9999999956333356
0.9999999956333356
0.9999999956333356
0.9999999956333356
0.9999999956333356
0.9999999956333356
0.9999999956333356
0.9999999956333356
0.9999999956333356
0.9999999956333356
0.9999999956333356
0.9999999956333356
0.9999999959333357
0.9999999962000024
0.9999999964333357
0.9999999966333357
0.9999999967333357
0.9999999968333357
0.9999999969000024
0.9999999969666691
0.9999999970333358
0.9999999970666691
0.9999999971000024
0.9999999971333358
0.9999999971333358
0.9999999971333358
0.9999999971666691
0.9999999972000024
0.9999999972000024
0.9999999972000024
0.9999999972333358
0.9999999972333358
0.9999999972333358
0.9999999972333358
0.9999999972333358
0.9999999972333358
0.9999999972333358
0.9999999972333358
0.9999999972333358
0.9999999972333358
0.9999999972333358
0.9999999972333358
0.9999999973000024
0.9999999973666691
0.9999999974000024
0.9999999974333358
0.9999999974333358
0.9999999974333358
0.9999999974333358
0.9999999974333358
0.9999999974666691
0.9999999974666691
0.9999999974666691
0.9999999974666691
0.9999999974666691
0.9999999974666691
0.9999999974666691
0.9999999974666691
0.9999999974666691
0.9999999974666691
0.9999999974666691
0.9999999974666691
0.9999999974666691
0.9999999976333358
0.9999999977666691
0.9999999978666692
0.9999999979000025
0.9999999979333358
0.9999999979666692
0.9999999980000025
0.9999999980000025
0.9999999980000025
0.9999999980000025
0.9999999980000025
0.9999999980000025
0.9999999980000025
0.9999999980000025
0.9999999980000025
0.9999999980000025
0.9999999980000025
0.9999999980000025
0.9999999980000025
0.9999999980000025
0.9999999980000025
0.9999999980000025
0.9999999980000025
0.9999999980333358
0.9999999981000025
0.9999999981333358
0.9999999981666692
0.9999999982000025
0.9999999982333359
0.9999999982333359
0.9999999982333359
0.9999999982333359
0.9999999982333359
0.9999999982333359
0.9999999982666692
0.9999999982666692
0.9999999982666692
0.9999999982666692
0.9999999982666692
0.9999999982666692
0.9999999982666692
0.9999999982666692
0.9999999982666692
0.9999999982666692
0.9999999982666692
0.9999999982666692
0.9999999982666692
0.9999999982666692
0.9999999982666692
0.9999999982666692
0.9999999982666692
0.9999999982666692
0.9999999982666692
0.9999999982666692
0.9999999982666692
0.9999999982666692
0.9999999982666692
0.9999999982666692
0.9999999982666692
0.9999999982666692
0.9999999982666692
0.9999999982666692
0.9999999982666692
0.9999999982666692
0.9999999982666692
0.9999999982666692
0.9999999983000025
0.9999999983000025
0.9999999983000025
0.9999999983000025
0.9999999983000025
0.9999999983000025
0.9999999983000025
0.9999999983000025
0.9999999983000025
0.9999999983000025
0.9999999983000025
0.9999999983000025
0.9999999983000025
0.9999999983333359
0.9999999983666692
0.9999999984000025
0.9999999984333359
0.9999999984333359
0.9999999984333359
0.9999999984333359
0.9999999984333359
0.9999999984666692
0.9999999984666692
0.9999999984666692
0.9999999984666692
0.9999999984666692
0.9999999984666692
0.9999999984666692
0.9999999984666692
0.9999999984666692
0.9999999984666692
0.9999999984666692
0.9999999984666692
0.9999999984666692
0.9999999984666692
0.9999999984666692
0.9999999984666692
0.9999999984666692
0.9999999985333359
0.9999999986000025
0.9999999986333359
0.9999999986333359
0.9999999986333359
0.9999999986333359
0.9999999986333359
0.9999999986333359
0.9999999986333359
0.9999999986333359
0.9999999986333359
0.9999999986333359
0.9999999986333359
0.9999999986333359
0.9999999986333359
0.9999999986333359
0.9999999986333359
0.9999999986333359
0.9999999986333359
0.9999999986333359
0.9999999986333359
0.9999999986333359
0.9999999986333359
0.9999999986333359
0.9999999986333359
0.9999999986333359
0.9999999986333359
0.9999999986333359
0.9999999986333359
0.9999999986666692
0.9999999986666692
0.9999999986666692
0.9999999987000026
0.9999999987000026
0.9999999987000026
0.9999999987000026
0.9999999987000026
0.9999999987000026
0.9999999987000026
0.9999999987000026
0.9999999987000026
0.9999999987000026
0.9999999987000026
0.9999999987000026
0.9999999987000026
0.9999999987000026
0.9999999987000026
0.9999999987000026
0.9999999987000026
0.9999999987000026
0.9999999987000026
0.9999999987000026
0.9999999987000026
0.9999999987000026
0.9999999987000026
0.9999999987000026
0.9999999987000026
0.9999999987000026
0.9999999987000026
0.9999999987000026
