0.0
1.3438466666666667e-05
2.7108133333333332e-05
4.12045e-05
5.5933433333333336e-05
7.052863333333333e-05
8.523836666666666e-05
0.00010040099999999999
0.00011592086666666666
0.0001315705
0.0001477761
0.00016442336666666667
0.00018086063333333334
0.0001972182
0.00021400019999999998
0.0002316270333333333
0.000249659
0.0002674047
0.00028551363333333336
0.00030435103333333334
0.00032325993333333337
0.0003825521333333334
0.00040240390000000005
0.0004631088333333334
0.0004836698666666667
0.0005465800333333333
0.0005679740333333333
0.0006337221666666667
0.0006574956666666667
0.0007242654999999999
0.0007480860333333333
0.0007918757333333333
0.0008369173
0.0008829217333333332
0.0009294011333333333
0.0009773670999999999
0.0010930342999999998
0.0011418961666666665
0.0011907543999999997
0.0013102713999999997
0.001362518833333333
0.0014158843999999996
0.0015407044666666662
0.0015946970333333328
0.0016505707666666662
0.0017814483333333329
0.0019314224666666662
0.0019903873999999994
0.002221133433333333
0.0022822917666666664
0.0024414350999999996
0.002586234133333333
0.0027519752999999995
0.0028217348333333327
0.003072068966666666
0.0031425794999999992
0.0032102592999999993
0.003282169766666666
0.003354756866666666
0.003430834566666666
0.003510088166666666
0.003591007799999999
0.0036741006333333324
0.0037604838333333323
0.003969406266666665
0.004162987633333332
0.004252534133333332
0.004344936733333332
0.004438245466666666
0.004918152466666666
0.005015731533333332
0.005261187999999999
0.005362468233333332
0.005731905766666666
0.005972417066666666
0.006235974033333333
0.006350627666666666
0.006742460599999999
0.007031449366666665
0.007251185833333332
0.007354971799999999
0.007462043933333332
0.007572184366666666
0.007684808466666666
0.007797913066666666
0.007917995133333333
0.0083467944
0.008471523633333334
0.008599979233333334
0.0088909521
0.009362255266666666
0.0094979518
0.0101817979
0.010322696733333333
0.010668666533333333
0.0113646576
0.011723538733333334
0.011882196900000001
0.012425459100000001
0.012781998633333335
0.012905642500000002
0.013033189366666668
0.013162492100000001
0.013295132366666667
0.013435727633333333
0.013736613366666667
0.013880534233333333
0.014028645066666666
0.014181939033333334
0.014522700433333334
0.014682154000000001
0.0148461214
0.015012087966666667
0.015634977166666668
0.015808209933333334
0.016624353533333334
0.016804265500000002
0.017505640633333337
0.017930473933333337
0.018381670400000005
0.01858339946666667
0.019772704500000005
0.02020065846666667
0.02036466126666667
0.020535225000000004
0.020709965700000003
0.02111723066666667
0.021303177733333338
0.021948399500000004
0.022142022700000003
0.0223408741
0.022785604533333333
0.022995689166666666
0.023975808933333332
0.0241940111
0.025243038333333332
0.026006083066666665
0.026546043866666664
0.026789811599999998
0.027863995566666664
0.028700420766666665
0.028876832566666667
0.029058343933333335
0.029247389566666667
0.029662390366666666
0.0298623732
0.030067382666666666
0.0304970772
0.030978808033333333
0.031196770066666667
0.031423909800000004
0.03165692413333334
0.032208906666666676
0.03331251546666668
0.03355865926666668
0.033814308000000015
0.03472259196666668
0.03563133616666668
0.036255988033333346
0.03654064506666668
0.038173672200000015
0.03846515603333335
0.03868162906666668
0.03891041573333335
0.039145067666666686
0.03938162283333335
0.03963088043333335
0.039890786200000014
0.04015714753333335
0.04107927256666668
0.04202060710000001
0.04230190893333334
0.04259404066666667
0.04359900823333334
0.04565629673333334
0.04636108403333334
0.04668535833333334
0.04775677400000001
0.048466156433333345
0.048699565500000014
0.04894694956666668
0.04920385836666668
0.04946745220000001
0.05003884563333334
0.05031859853333334
0.050929550066666676
0.05122137650000001
0.05152017560000001
0.05217194306666668
0.05248739570000001
0.05359503616666667
0.053922571
0.05538166206666667
0.056116041600000006
0.05689597806666667
0.05725847573333334
0.05884798693333334
0.05968424733333334
0.059947585833333344
0.06052743466666668
0.06081171860000001
0.06176644010000001
0.06205820270000001
0.06304065850000001
0.06374069883333335
0.06441415830000001
0.06473696863333335
0.06549297616666669
0.06658461583333336
0.06776899883333336
0.06811749280000003
0.07054128543333336
0.07090303203333337
0.07257209530000004
0.07380288180000004
0.07513736040000003
0.07553656980000004
0.07816769670000004
0.07900185653333337
0.0792777748666667
0.07956059200000004
0.07984892396666671
0.0804656435666667
0.0807764921666667
0.08109558080000004
0.0814246522666667
0.08216666783333337
0.08251050603333338
0.08286327643333337
0.0836635217666667
0.08441207460000004
0.0847924035666667
0.08653674940000003
0.08693141093333336
0.08781953300000002
0.08866095383333335
0.09007383173333335
0.09050813
0.0928448545
0.09329095283333334
0.093627495
0.0939730004
0.09475527346666668
0.09513689773333335
0.09597959453333335
0.09722580200000001
0.09763666846666669
0.09993250436666669
0.10035868560000002
0.10274824213333336
0.10423315953333336
0.10470082063333336
0.10666035483333336
0.10867113160000003
0.10900046033333335
0.10933650796666669
0.10967992210000002
0.11039978260000002
0.11076108963333335
0.11113203976666669
0.11191623883333336
0.11273791243333336
0.1131365773666667
0.11354587253333337
0.11442993393333337
0.1148540471666667
0.1162874577666667
0.11672747973333336
0.11865070103333336
0.11910691566666669
0.1206176007666667
0.12156756410000003
0.1231184058666667
0.1236176096666667
0.12570655973333336
0.12621964226666668
0.1266047313666667
0.1270000955666667
0.1278205542666667
0.12867946080000003
0.12911517273333337
0.13003823930000002
0.13200094573333335
0.13246866393333334
0.13295334293333333
0.1345225597
0.13712561529999998
0.1387351294
0.13926397186666667
0.14254325040000002
0.1430868644
0.1434594356666667
0.14383983233333336
0.14424767070000002
0.1446663640666667
0.14556589123333336
0.14702016953333336
0.1474809793
0.1484461237666667
0.15105956813333335
0.15155345343333335
0.1520649535666667
0.15478572320000003
0.15643086673333337
0.15809669833333337
0.15865320200000005
0.16258851520000003
0.1642983104666667
0.1647278191666667
0.16516870710000003
0.1656144004666667
0.16654604880000004
0.1670305788666667
0.16802979880000002
0.16962166023333336
0.17014012170000004
0.17067673433333336
0.17234786790000003
0.17405895263333337
0.17464107786666672
0.17639049400000004
0.17757611333333337
0.1779733120666667
0.1783855289666667
0.17880654800000004
0.17924191513333337
0.17969197363333336
0.1801538768666667
0.18062985333333337
0.18111609180000005
0.1816096052333334
0.18261458376666673
0.18312140486666673
0.18416243196666673
0.18468606480000008
0.1863258036333334
0.18686719670000007
0.18854685706666674
0.18910681770000007
0.1908250133333334
0.19140408530000008
0.1931613527000001
0.1937670089000001
0.19556211003333343
0.19618452816666676
0.19663896696666677
0.19710841763333345
0.1975901170666668
0.1991472219666668
0.20076602703333346
0.20129366503333346
0.20236856780000012
0.20404650273333347
0.20460913750000012
0.20748613953333345
0.20806763693333344
0.21099527626666678
0.2127830061666668
0.21457558643333347
0.21520264383333346
0.21823798510000011
0.22006265096666677
0.22049532913333345
0.22094331826666677
0.2214009306000001
0.22187332746666677
0.2223609801000001
0.22286122213333343
0.22337633693333342
0.22390907523333342
0.2244560180000001
0.22501176203333342
0.22557590030000008
0.22728718240000007
0.22786933226666672
0.2296198308333334
0.23022101660000008
0.23200868390000007
0.23262929916666675
0.2344540984000001
0.23510039956666676
0.23696171783333342
0.23762548056666674
0.2386081359333334
0.23965612120000007
0.24072841756666674
0.24297427800000007
0.24410497440000006
0.24642361300000007
0.24875127176666673
0.24990708590000005
0.2546297042666667
0.25579498700000003
0.2581522378
0.2611462639
0.2635259563333333
0.26470860206666663
0.2683463748333333
0.27076958249999994
0.27174129629999993
0.2727812218666666
0.2738519033666666
0.2749467629666666
0.2760640354999999
0.2772159605999999
0.2783809579333333
0.27955640916666663
0.28074051349999996
0.2843518121666666
0.28677136659999997
0.28917582616666665
0.2903747283
0.2940413783
0.29524035623333333
0.2962672251333333
0.29735849486666666
0.29847360089999997
0.29961067936666663
0.3007673064333333
0.30193760443333334
0.30432363976666665
0.3055156137333333
0.30671531946666664
0.3079180462333333
0.31036922549999996
0.3127923457999999
0.31400410753333324
0.31770273293333323
0.31891377746666655
0.31942086616666654
0.32046883026666656
0.3215502481333332
0.32266140636666657
0.32379580853333323
0.3249514807666666
0.32612552323333327
0.32731246899999994
0.32851050279999994
0.32971678909999996
0.33092965139999997
0.3321464124
0.33336539996666664
0.3345871363
0.3370375676333333
0.33825760056666665
0.3393868595333333
0.3405392854333333
0.3417428619666666
0.3441809166999999
0.34540203116666657
0.3466287196999999
0.3508196030666666
0.35205208139999994
0.3545519814333333
0.3574688100999999
0.35800994323333324
0.3591107368333332
0.36025537156666654
0.3614128993333332
0.36258039649999985
0.3637684913666665
0.3649663353666665
0.3661711211666665
0.3673878760666665
0.3686091310999998
0.3698352468999998
0.3715588122666665
0.37279114493333315
0.37577619183333316
0.3770130567999998
0.3791863946666665
0.3804248320666665
0.3821549567666665
0.3833945340666665
0.3867740763666665
0.38864584183333317
0.3892053403999998
0.3903526445999998
0.3915143802333331
0.39269823713333313
0.3938912170999998
0.39510370253333316
0.3963225022999998
0.3975522119333332
0.3987855855999998
0.40002321189999984
0.4017381988666665
0.4029804616666665
0.4059531026666665
0.40719832236666653
0.4089158847333332
0.4114250171666665
0.4131393811333332
0.4143832344333332
0.4173643075333332
0.4186029434333332
0.4191765274333332
0.4203514661999999
0.42154787803333327
0.4227631661666666
0.42398668493333325
0.42522108743333326
0.4264604100666666
0.4277026686333332
0.42894866816666655
0.4301979436666665
0.43190145156666654
0.4331523254999999
0.43612605526666653
0.4373753471999999
0.43907039399999986
0.4403162752333332
0.44264177233333324
0.4442286317999999
0.44541672076666655
0.4466256768333332
0.44784319229999986
0.44907772079999986
0.4503265409333332
0.4515775303333332
0.4545322690999999
0.45578820766666656
0.4570442157999999
0.45872606526666654
0.46324743329999984
0.46492147576666654
0.46616848146666656
0.4694331241999999
0.4706721289333332
0.4712726212666665
0.4724845065666665
0.4737053251333332
0.4749342098333332
0.4761718651999998
0.4774160834999998
0.47866475996666646
0.4799176776666665
0.48117406919999983
0.48243168299999983
0.48369169419999986
0.48536192873333317
0.48662188859999983
0.48828903223333314
0.48954721093333314
0.4912066631666665
0.4924596519666665
0.4941087397666665
0.4953533986333332
0.49699148266666654
0.4982264104999999
0.49945712176666657
0.5011929902333332
0.5024550750999999
0.5041378367333332
0.5054000173
0.5066585933666666
0.5103133711333333
0.5125006055666667
0.5144052917333333
0.5156459124666666
0.5200080539666666
0.5227515593333333
0.5233711087666666
0.5246175318666666
0.5258714687333332
0.5271303509666666
0.5283924181333333
0.5296578471
0.5309253116
0.5321923339333333
0.5334603750333333
0.535090807
0.5363554678
0.5379784250333333
0.5392378534666666
0.5408486591666667
0.5420991998666667
0.5436949355333334
0.5449322387333334
0.5465119074666668
0.5477360653000001
0.5483627575333334
0.5496271825666668
0.5508983797000001
0.5521683102666668
0.5537768587666668
0.5550420181666669
0.5563001620666669
0.5578847604666669
0.5594519886666669
0.5606836229333335
0.5622322788666668
0.5638620812000001
0.5644952153666668
0.5662471445000001
0.5679592200333334
0.5692327993333335
0.5709194434666668
0.5721900438333335
0.5734534374333335
0.5753696345333336
0.5766238163333336
0.5781796657333336
0.579848978566667
0.5816584073000003
0.5828810465333336
0.5858594843000002
0.5872603639333336
0.5878960279000003
0.5891680399333337
0.5909228542333337
0.5921954907000003
0.5934646917666669
0.5952116025000003
0.5967695465000002
0.5980276567333336
0.6000482623666669
0.6012949468000002
0.6028190348000002
0.6045228420666668
0.6060245640333335
0.6072348387000002
0.6091848531666668
0.6103761182000002
0.6116469815000002
0.6129134393666669
0.6145011977333336
0.6169432657000002
0.6181957507000002
0.6194347794333336
0.6215541538333336
0.6233238798000003
0.6247922080333336
0.6259902724333336
0.6297067864333336
0.6308839393666669
0.6321540357000002
0.6338295109000002
0.6359998466666669
0.6372479596333336
0.6399261429333336
0.6411587945333336
0.6433324697333336
0.645034216866667
0.6462212968000003
0.6483721267333337
0.650579704966667
0.6512130047000003
0.6524732787666669
0.6537290683333337
0.6552080570000003
0.6564484458333336
0.657906208966667
0.6591289143333336
0.6605609136000004
0.6617618311333336
0.6631647722333337
0.6643371180666671
0.6657090859000004
0.6668564345333338
0.6674828868333338
0.6691354239333338
0.6705851887666672
0.6718150671333338
0.6736413313666672
0.6748513880666671
0.6762499196333338
0.6778275535000005
0.6791949654666671
0.6803502067333338
0.6820721095000004
0.6832004690000004
0.6838208666666671
0.6863818337000004
0.6876029336000004
0.6893289359000003
0.6905279247333337
0.692641865166667
0.6941142747666671
0.6957042835000005
0.6968436210000004
0.6988112951666671
0.7000125398666671
0.7016039782666671
0.7029709274333338
0.7042833732000005
0.7061483884000005
0.7086627144000005
0.7100524776000005
0.7112531267000004
0.7132284255666671
0.7150036005333338
0.7156021309333338
0.7169391651000004
0.7181096625000004
0.7194125763333338
0.7205524239333337
0.721817941966667
0.7229198123333337
0.724145864866667
0.7252147643000003
0.7264930434000003
0.7287361743666669
0.7309245249000003
0.732490150066667
0.7336484460333336
0.7358091393333336
0.7369149247666669
0.7374846110000002
0.7387247238000002
0.7398289831000002
0.7410277241666668
0.7420895656000002
0.7432449564333335
0.7442698564333335
0.7449267149333335
0.7471741587000001
0.7484218217000002
0.7495344720000001
0.7512679324333335
0.7524894613000002
0.7533536174000002
0.7547228658000001
0.7557412712000001
0.7579276278000001
0.7592276904333335
0.7598169736333334
0.7608812220333334
0.7622217001333335
0.7632271398333335
0.7637113318333335
0.7647258453666669
0.7656503638333335
0.7666362618000002
0.7680739139333336
0.7685126756333336
0.769004953166667
0.7702935155666669
0.7711772372666669
0.7722532563666669
0.7730852212333336
0.7744942172666669
0.7753800284000002
0.7761069773333336
0.7767880879666669
0.7775196696000002
0.7786329009333335
0.7793025450333335
0.7798983549666668
0.7813015046000001
0.7818609794000001
0.7828595205333334
0.7835587042000001
0.7841321474333334
0.7846241343333333
0.7857582693666667
0.7864260178000001
0.7869097621000001
0.7873902695666667
0.7878714256666667
0.7883493966333334
0.7888241317333333
0.7892968410333333
0.7897661714333333
0.7902310699666666
0.7908221875333332
0.7919681507999999
0.7924264012666666
0.7932572170333333
0.7937085104666666
0.7949014243333332
0.7953445933333332
0.7961196455333331
0.7965542272666665
0.7975121017666664
0.7980428875666664
0.7987169130666664
0.799126183633333
0.7999718431666664
0.8003836633666663
0.8008512146999996
0.8017339798999996
0.8025882354333329
0.8033885044999995
0.8041626649333329
0.8048803863666663
0.8059625387666662
0.8066069710666662
0.8072273248666663
0.8078262160666663
0.8087224254999996
0.8092796640999996
0.810463655533333
0.8109836999999996
0.8115223806999996
0.8127345727666663
0.8132384244666663
0.8136900420666663
0.8145530615999996
0.815048794533333
0.8155126038666664
0.8159755592999997
0.8164367163666664
0.8168951973666664
0.8173539508333331
0.8178119244333331
0.8182673638333331
0.8187208796333331
0.819173048333333
0.8196219599999998
0.8200679449666665
0.8205135530333332
0.8209579370666665
0.8213987141999999
0.8218344669333332
0.8222668655999998
0.8226979240666665
0.8231250846999999
0.8235475412333332
0.8239665188999998
0.8244163511999998
0.8248260557666665
0.8252640855666664
0.8256639321666664
0.8260893107333331
0.8264779236999998
0.8268891989666665
0.8272619164666665
0.8276588389666665
0.8280214037999998
0.8284623527999998
0.8292874485333331
0.8300567847666664
0.8309261832666665
0.8317074641333331
0.832316856033333
0.8332718390666664
0.833973346933333
0.8344938927333331
0.8354372956666664
0.8359198665999997
0.836890347533333
0.837460238733333
0.8381235869666663
0.8385370039666663
0.8392507566333329
0.8398928263999996
0.8403314951666663
0.8407669213999996
0.8412007394666663
0.8419510309999996
0.8423734053666663
0.8427913108999996
0.8432030827999996
0.8437345142999996
0.8443153295999996
0.8447113088333329
0.8451702124333329
0.8458285496666662
0.8462051309999995
0.8472473354999995
0.8476130386666662
0.8480062711666662
0.8485639107999995
0.8489473291999995
0.8492846822333329
0.8503448359333329
0.8508029871666662
0.8515985726666663
0.8523364611999996
0.8530465338999996
0.8536971669999996
0.8542709735666663
0.854820118633333
0.8558375973666663
0.856321245433333
0.856766406133333
0.8573596373999997
0.858843688233333
0.8592556212666663
0.8596315960666663
0.8603458780666663
0.860696385733333
0.8611146133999996
0.8615262616333329
0.8619352718999995
0.8623376643999995
0.8627331301999995
0.8631230875999996
0.8635057717999995
0.8639491057333328
0.8643141936333328
0.8646739644333329
0.8650290400666663
0.8659380162666662
0.8662821966999995
0.8669099827333329
0.8672425129666662
0.8679670851666662
0.8683415233666663
0.8688656782333329
0.8691691956999996
0.8697825089666663
0.870077889933333
0.8704598616666663
0.8713122901999997
0.8720168413666664
0.8726928373999997
0.8734501198666663
0.874065604233333
0.8746536253999997
0.875320748133333
0.8758583037999997
0.8763711633333331
0.8769578010666664
0.8774419951333331
0.8778890006666664
0.8784212387333331
0.8788296962666664
0.8792342812666664
0.8796908401999997
0.880061222933333
0.8804013017999996
0.8808179602666664
0.881132754333333
0.8815303316999997
0.8819251986333331
0.882316791033333
0.8827042254666664
0.883090097633333
0.8834739480999997
0.8838534046666664
0.8842297668666664
0.8846031493333331
0.8849716497666664
0.8853357820999997
0.8856978694999997
0.8860571092999997
0.886410955633333
0.8867586637999997
0.887101858933333
0.8874419302999997
0.8877767512999998
0.8881060936999998
0.8884302972999998
0.8887626637999998
0.8890754886333331
0.8893948303666664
0.8896954725666665
0.8900014439666665
0.8902891474999998
0.8905805037666664
0.8908519794666664
0.8911290657666664
0.8913888919666664
0.8921449086666664
0.892671755733333
0.8930928866666663
0.893471838433333
0.894019288933333
0.894551459233333
0.8948595676666663
0.8956974771666663
0.896249352933333
0.896623767033333
0.896994966733333
0.8973625226999997
0.8977255742666664
0.8980865389999998
0.8984451545333332
0.8987989252666665
0.8991493269666665
0.8994963318666664
0.8998380937333331
0.9001751713666665
0.9005097560666665
0.9008410853666665
0.9011666367999999
0.9014858873666666
0.9018004090333333
0.9021113707999999
0.9024168351666666
0.9027167475
0.9030111863666667
0.9033095895666666
0.9035923692666666
0.9038776993666666
0.9041479896
0.9044200715666666
0.9046773440333332
0.9049350319999999
0.9051764539666666
0.9054202654666665
0.9056500047333332
0.9059710562999999
0.9065832381666665
0.9072413020666665
0.9077911850333332
0.9083130189999999
0.9088801255666666
0.9093501570333333
0.9097955035666666
0.9102826522999999
0.9106907390333333
0.9110699069666667
0.9114964353333334
0.9118372789333333
0.9121675581333333
0.9125287130333333
0.9128261664999999
0.9131010760333332
0.9134192369666666
0.9136696843
0.9142864358666666
0.9147711191666665
0.9152018600999998
0.9155899120333332
0.9161112603333332
0.9164110083999999
0.9167629009333332
0.9170254028999999
0.9172718421666666
0.9179794486666666
0.9183375733666665
0.9187392334666665
0.9189541824333332
0.9194217604333331
0.9196244974999997
0.9199153271999998
0.9204340398333332
0.9208722695666665
0.9212859229666664
0.9216598090333331
0.9220075199999997
0.9223173081666665
0.9226147109333331
0.9228801993999998
0.9231258202666665
0.9233641236999998
0.923599024033333
0.923913752933333
0.9242226508999997
0.9245260612999997
0.924815998033333
0.925097654733333
0.925472266433333
0.925810915133333
0.9260612997999997
0.9263628498999997
0.9266019319666664
0.9269100192999997
0.9271374237999997
0.9277544407666665
0.9279693428999998
0.9282009430666665
0.9285438312999997
0.9287543758333331
0.9289421118999998
0.9293516700333331
0.9295768092666664
0.9298874895333331
0.9303148340666665
0.9307288571999999
0.9310534012333332
0.9313376055333332
0.9316117799999999
0.9319129592666665
0.9323119492333332
0.9325313972333331
0.9329620601333332
0.9332578626333332
0.9335628826333332
0.9338635700666665
0.9341598864666666
0.9344510885666666
0.9347389691666665
0.9350238043999999
0.9353029559666666
0.9355782551999999
0.9358493142333333
0.9361145667333333
0.9363746551333333
0.9366312831666667
0.9368838590666667
0.9371301068666668
0.9373700894000001
0.9376051532000002
0.9378358457666668
0.9380608427000001
0.9382805090333335
0.9384943017000001
0.9387053702666668
0.9389077077333334
0.9391064409000001
0.9392965250666667
0.9394832084000001
0.9396611642333335
0.9398349869000001
0.9399991811000001
0.9401610270000001
0.9403144751333334
0.9405423572666668
0.9410853049666668
0.9414612568333334
0.9418134330666668
0.9421765237666667
0.9425746847
0.9428631728666668
0.9431746374333334
0.9434270646
0.9436656425000001
0.9439874223333334
0.9441966388000002
0.9443900110333335
0.9445981605333336
0.9447765999666669
0.9450449308000002
0.9455114128000002
0.9459143636000001
0.9462636613666668
0.9465706600000001
0.9468424427666667
0.9471020594333334
0.9473233016333333
0.9475256956666667
0.9477119788666667
0.9478833236
0.9480521243666667
0.9482032354333334
0.9483472942333334
0.9486509491666667
0.9487843972333334
0.9491328990666668
0.9495135215333335
0.9498486180333334
0.9501113379000001
0.9503389930000001
0.9506772423333335
0.9510161269666668
0.9512118304666668
0.9513830020333335
0.9517244754333335
0.9518748943666668
0.9521356537666669
0.9523916664000002
0.9526431216333335
0.9528893788000002
0.9531317949000002
0.9533709357333335
0.9536042299666668
0.9538336066333335
0.9540585061666669
0.9542776059333336
0.9544915640333336
0.9547017308000002
0.9549076505000003
0.955107313266667
0.9553010754333336
0.9554901073000003
0.9556746102333336
0.9558536551000002
0.9560277895000002
0.9561962059000002
0.9563603793000002
0.9565181405333335
0.9566710327000002
0.9568174276666669
0.9569595555666669
0.9570950686000003
0.9572258424333336
0.9573494431666669
0.9574698569000003
0.9575839113333336
0.9579251773666669
0.9582622679666669
0.9585071869000003
0.9587152364666669
0.9589971924000003
0.9591488404333336
0.9593074948333336
0.9595000369333335
0.9597397239000002
0.9599745509000002
0.9602048066666669
0.9604299045666669
0.9606509919000003
0.9608687534666669
0.9610806899666668
0.9612887416333336
0.9614922849666669
0.9616901263000003
0.9618829208333336
0.9620718457000003
0.9622565145000003
0.9624350676000003
0.9626079745333337
0.9627763164333337
0.9629401486000004
0.9630987237000004
0.9632526513333337
0.9634010358000004
0.9635448975000004
0.9636831609333337
0.963816381066667
0.963943867266667
0.9640670496333337
0.9641843892000004
0.9642970459000004
0.9644034467666671
0.9645065904666671
0.9646041359000004
0.9647531074666671
0.9650285867000005
0.9652985724000005
0.9655329620333338
0.9657488587000005
0.9659621470666672
0.9661452638666672
0.9663148536000006
0.966483139133334
0.9666273801333339
0.9667595933333339
0.966893639433334
0.9670074225666673
0.9672049079666672
0.9674838575666672
0.9677215651333338
0.9680056776000006
0.9681904145000005
0.9683477818333339
0.968543462033334
0.9687139038666673
0.9688405182000007
0.968954348033334
0.9691025739666673
0.9692097046000007
0.969316159133334
0.9694082436666673
0.9696306533000006
0.9697287917000006
0.9698555943666672
0.9701005385000006
0.9703557933000005
0.9705516098000005
0.9707443034000005
0.9709086172666672
0.9710598641333339
0.9712406999333338
0.9713679631000005
0.9714841496666672
0.9715998849333338
0.9717004158333338
0.9718912286666671
0.9720770990666671
0.9723375989333337
0.9724968728000004
0.9726475474333337
0.9727982561333337
0.972945055666667
0.9730677070000003
0.9731893187333337
0.9733576387333337
0.9734622914666671
0.9735575213333337
0.9736544433666671
0.9737829087333337
0.9738655039333337
0.9739431541000004
0.9741209386333338
0.9741911834333338
0.9743066597333337
0.9744886032333337
0.9747073486000004
0.9748567218000004
0.9750118709333337
0.9751450404666671
0.9752575723666671
0.9753596155333337
0.9754741423333337
0.975591154766667
0.9757730774333337
0.9759501291666671
0.9761228288666671
0.9762907491666671
0.9764544781000005
0.9766149490000006
0.9767699878666672
0.9769214439000006
0.9770685855000005
0.9772106012333339
0.9773481024000006
0.9774817945000006
0.977611486433334
0.9777357916666672
0.9778553877333339
0.977971102533334
0.9780826674333339
0.9781897908333339
0.9782931644000006
0.9783917808000006
0.9784860464333339
0.9785764400000005
0.9786622140666672
0.9787439096000006
0.9788219389333339
0.9788958575000006
0.9789659069000006
0.9790317448000007
0.9790947711666673
0.9791539263000006
0.9792730124666673
0.979432033333334
0.9795622628666673
0.979692075833334
0.9797964353333339
0.9798844054333339
0.9799716649666672
0.9800530155666672
0.9801881615333339
0.9804080273000005
0.9805889540333339
0.9807388129333339
0.9808759479000005
0.9809930964000005
0.9811016426000005
0.9812031864000006
0.9812974764000006
0.981380312133334
0.981457523433334
0.9815300868666673
0.9816344453666673
0.9816986965000006
0.9817590173666673
0.9818153424333339
0.9818789019000006
0.9819288625333339
0.9820007853666672
0.982134598533334
0.9822510931000006
0.9823563699666672
0.9824551335000006
0.9825406611000006
0.9826175874666673
0.9826907908666672
0.9827539488333339
0.9829025104000005
0.9830464175666672
0.9831862839333338
0.9833217775666672
0.9834531902666672
0.9835815340333339
0.9837049069333339
0.9838250189333339
0.9839411272000005
0.9840526507666671
0.9841601496000005
0.9842640716333338
0.9843643353333339
0.9844598572666672
0.9845513574666672
0.9846395152666673
0.9847239364000006
0.9848045495000005
0.9848820315666672
0.9849554012333339
0.9850249392333339
0.9850914299333339
0.9851539438666672
0.9852131968000005
0.9852694420000006
0.9853224529000005
0.9853723136000005
0.9854189528666673
0.985463285733334
0.9855046139666673
0.9856103759666673
0.985722898233334
0.985798326533334
0.9858655146333339
0.9859351719666672
0.9859894249333339
0.9861104490000006
0.9862245583000006
0.9863227869000005
0.9864138362666672
0.9864970329666672
0.9865765502000006
0.9866617397666673
0.986731203233334
0.9868348331000006
0.9868976857000007
0.9869829320666673
0.9870395613666674
0.9871331491000007
0.987183249533334
0.9872403828000007
0.9872851976666673
0.9873328846666674
0.9873718560000007
0.9874261083666673
0.9874640323000007
0.987510019333334
0.9875921029666673
0.9876672541666673
0.9877322657333341
0.9877900480666674
0.9878436165666674
0.9878898246000007
0.9879759968000007
0.988112250133334
0.988220571633334
0.9883178680666673
0.988407093133334
0.9884969809333339
0.9885698063666672
0.9886369334333339
0.9886981486333339
0.9887626714000006
0.9888149219000006
0.988862787033334
0.9889072360000006
0.988954496033334
0.9889934876000006
0.9890291838000006
0.9890621987666672
0.9890976645000006
0.9891262769000005
0.9891665244333339
0.9892617930333338
0.9893187494666672
0.9893690671000005
0.9894167673666672
0.9894566145333339
0.9895632763666672
0.9896658345333339
0.9897649630666673
0.989860448033334
0.9899522632000006
0.9900414283666673
0.9901264712666673
0.9902088253000007
0.990287798433334
0.9903630938000006
0.9904351757666673
0.990504204233334
0.9905702203000006
0.9906325348666674
0.990691827233334
0.990748591233334
0.990802354933334
0.9908532568666674
0.9909018865000007
0.9909473938666673
0.990989990433334
0.9910305078666674
0.9910680983000006
0.9911034133000006
0.9911366745666673
0.991167751933334
0.9911966794000007
0.9912235058000006
0.991248766133334
0.991272034833334
0.991301785033334
0.991357221333334
0.9914014281333341
0.9914512553333341
0.9914951492666675
0.9915794964333342
0.9916540438333342
0.9917195761333342
0.9917793124000008
0.9918770450000008
0.9919359176333342
0.9919792086333342
0.9920224988000009
0.9920610234333342
0.9921161438333342
0.9921501847000009
0.9921796278666676
0.9922080175333342
0.9922487843333342
0.9922727707666675
0.9922948726000008
0.9923296953000008
0.9923487270333341
0.9923704261666675
0.9924082673333342
0.9924421708333342
0.9924712584666675
0.9925227444000009
0.9926008259333342
0.9926694070666675
0.9927305851000009
0.9927890662000008
0.9928370362333342
0.9928804387333342
0.9929191756333342
0.9929576697333342
0.9929896061666675
0.9930183131666676
0.9930445712333342
0.9930712899000009
0.993093642100001
0.9931139684333343
0.9931325515666677
0.9931516784333344
0.9931673903333345
0.9931837766333345
0.9932128374000011
0.9932376146333345
0.9933027184333345
0.9933625792666678
0.9934116405000012
0.9934558374000012
0.9934949883666678
0.9935324326333345
0.9935633468666678
0.9935927001666678
0.9936198241000012
0.9936638839666678
0.9936875936000011
0.9937283924666678
0.9937485787666678
0.9937745177333345
0.9937920284333345
0.9938123095000011
0.9938271065333344
0.9938470839333344
0.9938603891000011
0.9938742636333344
0.9938995205333344
0.9939647397666678
0.9940267938333345
0.9940863189333344
0.9941432079000011
0.9941972209000011
0.9942492450666678
0.9942983304666678
0.9943455059666678
0.9943902199666678
0.9944324244666678
0.9944724487000012
0.9945102372000012
0.9945459163000012
0.9945791745000012
0.9946105314333346
0.9946402998000012
0.994668042466668
0.994694001466668
0.994718598866668
0.994741228566668
0.9947620501333347
0.9947817074333347
0.994799624366668
0.994816225466668
0.9948317292000014
0.9948460375666681
0.9948591796666681
0.9948712048000015
0.9948824036333348
0.9948925302666681
0.9949016094666682
0.9949359623333348
0.9949845267000015
0.9950157280666682
0.9950433742333348
0.9950680260000014
0.9950870403333347
0.9951039441333347
0.995118971366668
0.9951352352333347
0.995147648466668
0.9951588188333347
0.9951688925000014
0.9951837377333347
0.9951920297000013
0.9952414451333347
0.995287401366668
0.9953229087333347
0.9953507904666681
0.9953710534666681
0.9953905070000014
0.9954087521333348
0.9954235331666681
0.9954505123666681
0.9954628111333348
0.9954798699333348
0.9954922051333348
0.9955050409000015
0.9955137790333348
0.9955238741666682
0.9955314753000015
0.9955814107000015
0.9956286612666682
0.9956738109666682
0.9957167871000016
0.9957573119666682
0.9957961725666682
0.9958326358666681
0.9958675415666681
0.9959004194333347
0.9959312949333348
0.9959604349666681
0.9959877331666681
0.9960133306666681
0.9960370416666681
0.9960592928333347
0.9960803300666681
0.9960997651666681
0.9961178419666681
0.9961348994333348
0.9961504511000014
0.9961646310000014
0.9961779684000014
0.9961900158333348
0.9962010938333348
0.9962114033666681
0.9962208590666681
0.9962294866000014
0.9962373223666681
0.9962445836000013
0.9962510824333347
0.9962714536000014
0.9963025573333347
0.9963278308000014
0.9963498955333348
0.9963690444000014
0.9963836620666681
0.9963997380333347
0.9964110233000014
0.9964218639666681
0.9964311553000015
0.9964393463666681
0.9964466742000014
0.9964539049000014
0.9964614832666681
0.996504951066668
0.996545965966668
0.996585080866668
0.996622236366668
0.9966571483000014
0.9966905500666681
0.9967218040666681
0.9967516622000014
0.9967796947666681
0.9968059532666681
0.9968306758666681
0.9968537413333347
0.9968752928333348
0.9968951936666681
0.9969138250333348
0.9969314043333348
0.9969475714333348
0.9969625632000014
0.9969766799333347
0.9969894908000014
0.9970011171333347
0.9970120328000014
0.9970218478000014
0.9970308373000014
0.9970391899666681
0.997046827266668
0.9970537724333347
0.9970600557333347
0.9970658647333347
0.9970710357333347
0.997099931466668
0.9971346176333347
0.9971607726000014
0.9971838802000014
0.9972023714333347
0.9972163859000014
0.9972294466000013
0.997241238866668
0.9972532803333347
0.9972631925000014
0.9972712952333347
0.9972791185666681
0.9972916382666681
0.9972978629666681
0.9973034820666681
0.9973095308000014
0.9973141391000014
0.9973347703666681
0.9973460247000014
0.9973544869666681
0.9973672366000014
0.9973739816000013
0.9973826269333347
0.9973879245000014
0.9973981270000013
0.997402352766668
0.997428788566668
0.997453420766668
0.997476879766668
0.9974987946333347
0.9975192446000014
0.9975386603000014
0.9975564444333347
0.9975729702000014
0.9975883399333347
0.997602509066668
0.9976158383333347
0.9976281433333347
0.9976393798666681
0.9976499271666681
0.9976595310666682
0.9976680938333349
0.9976761117333349
0.9976833456000016
0.9976898629000016
0.997695905533335
0.9977014627000016
0.9977064389333349
0.9977109137000015
0.9977150736333349
0.9977187130000016
0.9977513124333349
0.997781895633335
0.997810947833335
0.9978384299666684
0.9978640633333351
0.9978884721333351
0.9979111836333351
0.9979327906333351
0.9979529411000018
0.9979717208333351
0.9979893161000017
0.9980055921000017
0.9980206881666684
0.9980345417000018
0.9980474494666685
0.9980595802666684
0.998070632233335
0.9980808184666684
0.9980903697666684
0.9980989549333351
0.9981066713333351
0.9981138904000018
0.9981203218666684
0.9981261639333351
0.9981315769333351
0.9981364961000018
0.998140939533335
0.998144926833335
0.9981485969000017
0.9981518269000017
0.9981688327000017
0.998183181433335
0.998195110733335
0.9982037103666683
0.9982110234000017
0.9982172996000017
0.9982222356000017
0.9982265432000017
0.9982303260000017
0.9982337709333351
0.9982374281000017
0.9982655152333351
0.9982917880000017
0.9983166963666684
0.9983402087666684
0.9983620562000017
0.9983828091333351
0.9984020646666685
0.9984203447333352
0.9984373336000019
0.9984531268666685
0.9984678878000018
0.9984814811333351
0.9984940411000018
0.9985055319666685
0.9985162123666684
0.9985262305000018
0.9985353133666685
0.9985436591666684
0.9985514681333351
0.9985584527666684
0.9985646993666685
0.9985705332666684
0.9985757064333352
0.9985803853333352
0.9985847153333351
0.9985886383666684
0.9985921700333351
0.9985953256333351
0.9985982241000018
0.9986007598666684
0.9986263054000017
0.9986416489000017
0.9986543423666684
0.9986696437333351
0.9986789730666684
0.9986865224666684
0.9986945715333351
0.998699808133335
0.998703988733335
0.998709465933335
0.9987130986666684
0.9987184035666683
0.9987212063000016
0.9987254125666682
0.9987277061666683
0.9987345168333349
0.9987458593333349
0.9987551331000016
0.998763005833335
0.998769552833335
0.9987750050666684
0.9987796531000017
0.9987838804666684
0.9987874371333351
0.9987905319000018
0.9987932214000018
0.9987957286000018
0.9987978012666684
0.998818977633335
0.9988334801666684
0.9988457393333351
0.9988596306000017
0.998866069633335
0.9988730034333351
0.9988793725666684
0.9988836159333351
0.9988869552000017
0.9988901091333351
0.9988926219666684
0.9988948269333351
0.9988973875000018
0.9988991371000018
0.9989197760666685
0.9989389667333352
0.9989570890000018
0.9989741221666685
0.9989898253666685
0.9990046666333351
0.9990183594333351
0.999031301933335
0.9990432445666684
0.9990542911666683
0.999064565033335
0.9990739383333349
0.9990825312666682
0.9990903455000015
0.9990975728000016
0.9991043266333349
0.9991103886000016
0.9991159244333349
0.9991210820333348
0.9991256488000015
0.9991296911000015
0.9991334538000015
0.9991367588333349
0.9991397215333349
0.9991424575333349
0.9991449216000016
0.9991471247000016
0.9991490757000016
0.9991508607000016
0.9991524028666683
0.9991570408666683
0.9991645107666683
0.9991695807666683
0.9991743803666683
0.9991778553666683
0.999180952733335
0.9991835515666683
0.9991857757666682
0.9991876842333349
0.9991894430666682
0.9991911573000015
0.9992055804666682
0.9992240319000015
0.9992340164000015
0.9992420132666682
0.9992484971000015
0.9992541219333348
0.9992586093333349
0.9992622809333349
0.9992652843666683
0.9992676269000016
0.9992695677666683
0.9992712969666683
0.9992728211666683
0.9992753252000016
0.9992765387666683
0.9992849067666684
0.9992957639000017
0.9993047033333351
0.9993111104333351
0.9993171887000017
0.9993214787000018
0.999325378733335
0.999328774433335
0.9993319548666684
0.9993346672666684
0.9993370325333351
0.9993391231333351
0.9993410473666684
0.9993429149000017
0.9993444464000018
0.9993457924666684
0.9993470243666684
0.9993480745333351
0.9993510364000018
0.9993548947666685
0.9993580041666685
0.9993605593666686
0.9993629750000019
0.9993648295666686
0.9993664049666686
0.9993677401333353
0.9993689500666686
0.9993699365666686
0.9993795034000019
0.9993882677000019
0.9993965051000019
0.9994040352000019
0.9994109574000019
0.9994173811333352
0.9994231466333352
0.9994283780333352
0.9994331195333351
0.9994374599666684
0.9994414980666685
0.9994450876000018
0.9994483288000018
0.9994513321666685
0.9994539658666685
0.9994562578333351
0.9994583828333351
0.9994602331333351
0.999461866833335
0.9994633726000017
0.9994647234000017
0.999465916533335
0.9994669606000017
0.9994679141666684
0.9994687220666684
0.9994789587000017
0.9994868638000017
0.9994931511666684
0.9994983679000017
0.9995026313666684
0.9995065397666684
0.999509443333335
0.9995129467666684
0.999515289133335
0.999518216733335
0.9995201065000017
0.9995215522666684
0.9995229412666684
0.9995241884000018
0.9995252612666684
0.9995261796666685
0.9995272056666684
0.9995279132000018
0.9995308880666685
0.9995327769000018
0.9995341742666685
0.9995351035666684
0.9995363078333351
0.9995370901000018
0.9995463005333352
0.9995548808000018
0.9995621543666684
0.9995698795666684
0.9995750525666685
0.9995793115666685
0.9995827632000018
0.9995859280666685
0.9995888606000018
0.9995911840666685
0.9995933301666685
0.9995954588333352
0.9995969487666686
0.9995982958666686
0.9995994245000019
0.9996004638666686
0.9996014025333353
0.9996022181666686
0.9996029265000019
0.9996038194666687
0.9996043603666687
0.9996109872666686
0.999617024100002
0.9996226715333353
0.9996277936666687
0.9996324795666687
0.9996368009666686
0.999640643800002
0.9996441007333353
0.9996472124333353
0.9996500498333353
0.9996526808333352
0.9996549910333352
0.9996570665000019
0.9996589812000019
0.9996606401000019
0.9996620690666685
0.9996633900333353
0.9996645276666686
0.9996655233000019
0.9996664400000019
0.9996672566333352
0.9996679736333353
0.9996685947000019
0.9996691595666686
0.9996696317000019
0.9996708016666686
0.9996726125000018
0.9996740428666685
0.9996752412666685
0.9996762103000019
0.9996770079666686
0.9996776629000019
0.9996782382000019
0.9996786970000019
0.9996818168666686
0.9996866446333352
0.9996897527000019
0.9996925046000019
0.9996943481666686
0.999695983100002
0.9996973598333353
0.9996985846666686
0.999699642400002
0.9997005418666687
0.999701321300002
0.9997020360333353
0.9997027038000019
0.9997032573333352
0.9997037339000019
0.9997041663000019
0.9997045250333353
0.9997095107333352
0.9997170828666686
0.9997211606666686
0.9997246798666686
0.9997276765333353
0.9997299731333352
0.9997320434333352
0.9997339469333352
0.9997354210333351
0.9997367749666685
0.9997379348000018
0.9997389271000019
0.9997398422666686
0.9997407159666686
0.9997413951333353
0.9997420201333352
0.9997425732333353
0.9997430573666686
0.9997434733666686
0.9997438836000019
0.9997441978666686
0.9997452613333352
0.9997461732333351
0.9997468850333351
0.9997474618333351
0.9997479157666684
0.9997483088000018
0.9997486177333351
0.9997549359666684
0.9997606833333351
0.9997660361000018
0.9997709881666684
0.9997754184666684
0.9997795248000018
0.9997832394000018
0.9997866934000018
0.9997897941000018
0.9997926140666684
0.9997951918333351
0.9997974582666684
0.9997994743000018
0.9998012720666685
0.9998029049000018
0.9998044131000018
0.9998057151666685
0.9998068785666685
0.9998079458666685
0.9998088554666685
0.9998096292333352
0.9998103419666685
0.9998109467333351
0.9998114703000018
0.9998119520000018
0.9998123770666685
0.9998127477666685
0.9998130645333352
0.9998133510333351
0.9998135863333352
0.9998153911000018
0.9998175688000018
0.9998187642666685
0.9998198070000018
0.9998205213666685
0.9998211676333352
0.9998216321333352
0.9998220573666685
0.9998223820666685
0.9998226585000018
0.9998229082000019
0.9998231124000019
0.9998235143333352
0.9998241571000018
0.9998246598333351
0.9998250586333352
0.9998253742333352
0.9998256423000018
0.9998258498666684
0.9998286668666685
0.9998312658000018
0.9998330639333352
0.9998342468666684
0.9998353323666684
0.9998361479666684
0.9998368924000017
0.9998375353666684
0.9998380647666685
0.9998385512666684
0.9998391728000018
0.9998395244333351
0.9998399396666685
0.9998402665333351
0.9998405130000018
0.9998407218000017
0.9998409334000017
0.9998410871000016
0.999845460533335
0.999849412933335
0.9998530796333349
0.9998564557333349
0.9998594481666683
0.999862204833335
0.9998646847666683
0.9998669792000017
0.999869021333335
0.999870870133335
0.9998725518000017
0.9998740129666683
0.9998753005000016
0.999876442933335
0.9998774748666683
0.9998784253666684
0.9998792360000017
0.9998799557333351
0.9998806130333351
0.999881166633335
0.9998816317666683
0.9998820590666684
0.9998824179333351
0.9998827251666684
0.9998830078000017
0.999883255833335
0.9998834705000017
0.9998836518666684
0.999883815433335
0.9998839475666684
0.9998843364666684
0.9998846308666685
0.9998848580000018
0.9998850461333352
0.9998852018333352
0.9998879756000019
0.9998898819333352
0.9998913710000018
0.9998925377666684
0.9998934437000018
0.9998940066000017
0.9998945195000017
0.9998949488666684
0.9998955836333351
0.9998959125333351
0.9998961464333351
0.9998963919000018
0.9998965845000017
0.9998967576000017
0.999896893933335
0.9998970381333351
0.9998971365000018
0.9998991625666684
0.9999009777666684
0.9999026507666684
0.9999041298666684
0.9999054645000017
0.9999066749333351
0.9999077161666684
0.9999086270000017
0.999909432933335
0.999910157333335
0.999910823233335
0.9999113861333351
0.9999118832333351
0.9999123356666685
0.9999127135333351
0.9999130277333351
0.9999133158666684
0.9999135560666684
0.9999137598333351
0.999913947333335
0.9999141112666684
0.9999142522333351
0.9999143703000017
0.9999144765666684
0.9999145613000018
0.9999147036666685
0.9999149189000018
0.9999150810333352
0.9999152173000018
0.9999153148666684
0.9999158844000018
0.9999163956000018
0.9999168196000018
0.9999171530333351
0.9999174251666684
0.9999176590000017
0.9999178172000017
0.999917961733335
0.9999181114666683
0.9999182180000017
0.9999183065000017
0.9999183859666684
0.9999184487000017
0.9999209066000017
0.999923105833335
0.999925134333335
0.9999269883000016
0.9999286079000016
0.9999300856000016
0.9999314041333349
0.9999326145666683
0.9999336773666683
0.999934633333335
0.9999354965000017
0.9999362324333351
0.9999368714000018
0.999937434433335
0.999937938733335
0.9999384014666683
0.9999387885666684
0.999939129033335
0.999939437833335
0.9999396931333351
0.9999399035000017
0.9999400960333351
0.9999402551666684
0.9999403890666684
0.9999405123000017
0.9999406195000017
0.9999407112333351
0.999940787333335
0.9999408556666683
0.999940909433335
0.9999409887666684
0.999941105333335
0.9999411971000017
0.9999412679666684
0.999943283233335
0.9999450803666684
0.9999467348000017
0.9999482431000017
0.9999495541666684
0.9999507463666684
0.9999518073000017
0.9999527786666683
0.9999536275666683
0.9999543895333349
0.9999550758666682
0.9999556571666682
0.9999561593000016
0.9999566008666683
0.9999569952000016
0.9999573566000016
0.9999576569333349
0.999957920233335
0.9999581584666682
0.9999583542000016
0.9999585143666683
0.9999586608000016
0.9999587811666683
0.9999588818333349
0.9999589745000016
0.9999590549000016
0.9999591234000016
0.9999591799000016
0.9999592305666682
0.9999592700666683
0.999959616833335
0.9999597818666683
0.9999599216666684
0.9999600125000017
0.9999601130000016
0.999960209333335
0.9999602751666683
0.9999603240000017
0.9999603748000017
0.9999604086666684
0.999960450433335
0.999960514333335
0.999960559633335
0.9999614181000016
0.999962179033335
0.9999628728666683
0.9999634749000016
0.9999640136000016
0.9999644972666684
0.9999649026000017
0.9999652500000017
0.999965554633335
0.999965825433335
0.9999660732000016
0.999966277033335
0.9999664548333349
0.999966615133335
0.9999667456000016
0.999966851233335
0.9999669476333349
0.9999670262333349
0.9999670913333348
0.9999671513333348
0.9999672031666681
0.9999672470666681
0.9999672829000014
0.999967314966668
0.9999673396333347
0.999968328266668
0.9999690964000014
0.9999698294666681
0.9999703085666681
0.9999706673666682
0.9999709079666682
0.9999711260666682
0.9999712817666682
0.9999714220666681
0.9999715432666682
0.9999716269666682
0.9999717196000015
0.9999717758000015
0.9999718276000015
0.9999718767666681
0.9999719145000014
0.9999719452333348
0.9999719804000015
0.9999720014000014
0.999972025066668
0.9999720590333347
0.9999724370000014
0.9999729970000014
0.9999733871000014
0.9999736247666681
0.9999738238666681
0.9999739997666681
0.9999741205000015
0.9999742282333348
0.9999743147333349
0.9999743839333348
0.9999744469000015
0.9999745005666681
0.9999745423000015
0.9999745808000015
0.9999746139000014
0.9999746417666681
0.9999746643000014
0.999974685166668
0.9999747004333347
0.999975247966668
0.999975730766668
0.9999761685333347
0.9999765446333347
0.9999768799000014
0.9999771794000014
0.9999774269000015
0.9999776367333348
0.9999778200333348
0.9999779820000014
0.9999781299333348
0.9999782499333348
0.9999783539000016
0.9999784472000015
0.9999785221000015
0.9999785819333348
0.9999786364000014
0.9999786803000014
0.9999787162000013
0.9999787493000013
0.9999787777333347
0.9999788016000013
0.9999788208333347
0.9999788380000013
0.9999788509333346
0.9999788619333346
0.9999789410333346
0.9999790570333347
0.999979138966668
0.9999791985333347
0.9999792470000014
0.9999792838000015
0.9999793125333348
0.9999793381333348
0.9999793599666682
0.9999793778000016
0.9999793919666682
0.9999794045333349
0.9999794138666682
0.9999801255000016
0.9999807493666683
0.9999813184000016
0.9999818304333349
0.9999822640333349
0.9999826513666682
0.9999829916333348
0.9999832988333348
0.9999835607333348
0.9999837935333349
0.9999840007333349
0.9999841701000016
0.9999843125000016
0.9999844365666684
0.9999845457000017
0.9999846452333351
0.9999847250666685
0.9999847939333352
0.9999848555000018
0.9999849044333352
0.9999849430666685
0.9999849781666685
0.9999850062333352
0.9999850289666685
0.9999850499666685
0.9999850679000019
0.9999850828666685
0.9999850948000019
0.9999851054333352
0.9999851133333352
0.9999853622333352
0.9999854706666685
0.9999855320000018
0.9999855861333352
0.9999856165000018
0.9999856360000019
0.9999856572333352
0.9999856726000019
0.9999856854000019
0.9999856955666685
0.9999857079666685
0.9999857150333352
0.9999862874333352
0.9999867875000018
0.9999872427666685
0.9999876513000019
0.9999879953666686
0.9999883015666686
0.999988569900002
0.9999888114333353
0.9999890163000019
0.9999891980666686
0.9999893594666687
0.9999894904333353
0.9999895998666686
0.9999896951000019
0.9999897785666686
0.9999898546666686
0.9999899152333352
0.9999899673333352
0.9999900138000019
0.9999900504666686
0.9999900792000019
0.999990105300002
0.9999901260333354
0.9999901427000021
0.9999901581000021
0.9999901712333354
0.9999901821333355
0.9999901907666688
0.9999901984333355
0.9999902040666688
0.9999902443333355
0.9999902986000022
0.9999903361333355
0.9999903653666689
0.9999903815666689
0.9999903957333355
0.9999904087666688
0.9999904183333355
0.9999904258000021
0.9999904324000021
0.999990437200002
0.9999907621333354
0.9999909514666687
0.9999910929333354
0.9999911938000021
0.9999912684333354
0.9999913320666688
0.9999913959666688
0.9999914352000021
0.9999914748333354
0.9999915021666688
0.9999915214666688
0.9999915370000021
0.9999915491666688
0.9999915607000021
0.9999915702666687
0.9999915781666687
0.999991584400002
0.9999915899666687
0.9999915939666687
0.9999917190666687
0.999991807500002
0.9999918415333354
0.9999918581000021
0.9999918684666688
0.9999918780666688
0.9999918885000021
0.9999918983333355
0.9999919036000021
0.9999919095333355
0.9999919129333354
0.9999919903666687
0.9999920654333354
0.9999921233333354
0.9999921719333354
0.9999922023666687
0.9999922289333354
0.9999922494333354
0.9999922652333354
0.999992279500002
0.9999922910666686
0.9999922999333353
0.9999923081333353
0.9999923150666686
0.999992320800002
0.9999923252666687
0.9999923293333354
0.9999923321666687
0.9999923539666687
0.9999923712666687
0.999992384000002
0.9999923929333353
0.9999923992666686
0.9999924043000019
0.9999924081333352
0.9999924115000018
0.9999924140000018
0.9999927062333351
0.9999929588666685
0.9999931876666686
0.9999933912666685
0.9999935599000018
0.9999937082333351
0.9999938372666685
0.9999939524000018
0.9999940484333351
0.9999941332666684
0.999994208033335
0.9999942672666684
0.9999943159000018
0.9999943580333351
0.9999943946333352
0.9999944279000018
0.9999944538000018
0.9999944758333352
0.9999944953333352
0.9999945103666685
0.9999945219000018
0.9999945323333351
0.9999945404666685
0.9999945468666684
0.9999945528000018
0.9999945578333351
0.9999945619333351
0.9999945651333352
0.9999945679666685
0.9999945699666686
0.9999947010333352
0.9999948149000019
0.9999949163333351
0.9999950007333351
0.9999950752000017
0.9999951408000017
0.999995192533335
0.9999952349000016
0.9999952716000017
0.9999953034000016
0.9999953323333349
0.9999953547333349
0.9999953737666682
0.9999953905666683
0.9999954035333349
0.9999954134000016
0.9999954223333349
0.9999954292666683
0.999995434733335
0.9999954398000016
0.999995444033335
0.9999954475333349
0.9999954502000016
0.9999954526000016
0.9999954542666682
0.9999956542333349
0.9999958146333349
0.9999959303333349
0.9999960196333348
0.9999960849666681
0.9999961301000014
0.9999961620000014
0.9999961896000014
0.9999962147000013
0.9999962341000014
0.9999962505333347
0.9999962650333347
0.9999962761333347
0.9999962846000015
0.9999962922333347
0.9999962981666681
0.9999963027666682
0.9999963070333349
0.9999963106666682
0.9999963136000015
0.9999963158666682
0.9999963178666682
0.9999963192666682
0.9999963265333349
0.9999963368666682
0.9999963418000015
0.9999963459333349
0.9999963485333349
0.9999963505000016
0.9999963522000016
0.9999963534000016
0.9999964794000016
0.9999965518333349
0.9999966023666682
0.9999966367000015
0.9999966607333348
0.9999966729333348
0.9999966811000015
0.9999966866666682
0.9999966900000015
0.9999966926333348
0.9999966947333347
0.9999966963666681
0.9999966985000014
0.999996699466668
0.9999967601333347
0.9999968160333347
0.999996847966668
0.999996869166668
0.9999968816000013
0.9999968921000013
0.999996904466668
0.9999969114333347
0.999996916166668
0.999996919966668
0.999996922766668
0.9999969254000013
0.9999969276000013
0.999996929366668
0.9999969307000013
0.9999969319000013
0.9999969327666679
0.9999970778000012
0.999997201866668
0.999997313666668
0.9999974123000013
0.9999974925666679
0.9999975623000013
0.9999976225333346
0.9999976757666679
0.9999977194333345
0.9999977578000011
0.9999977914000011
0.9999978173666678
0.9999978382666678
0.9999978563333345
0.9999978718666678
0.9999978859666678
0.9999978966666678
0.9999979056666678
0.9999979135666678
0.9999979195666677
0.9999979240333344
0.9999979280666678
0.9999979311666678
0.9999979335333344
0.9999979357333344
0.9999979375666678
0.9999979390666678
0.9999979402000011
0.9999979412000011
0.9999979418666678
0.9999979453000011
0.9999979497000011
0.9999979526000011
0.9999979549333344
0.9999979567333345
0.9999979581000011
0.9999979591000011
0.9999979599666677
0.9999979605333345
0.9999979796333345
0.9999979931666678
0.9999980004000012
0.9999980065333345
0.9999980094666678
0.9999980112000012
0.9999980127666679
0.9999980140666679
0.9999980151000012
0.9999980159000011
0.9999980169000011
0.9999980174000012
0.9999980646666679
0.9999981053666679
0.9999981411666679
0.9999981702666678
0.9999981958000012
0.9999982180666678
0.9999982350333344
0.9999982486000011
0.999998260300001
0.9999982703000011
0.9999982793666677
0.9999982861666677
0.9999982918666678
0.9999982968333344
0.9999983005333344
0.9999983033000011
0.9999983057666677
0.9999983076333344
0.9999983090666678
0.9999983104000011
0.9999983115000011
0.999998312400001
0.9999983130666676
0.9999983136333344
0.999998314000001
0.999998403500001
0.9999984795333343
0.999998547800001
0.9999986076666676
0.9999986558333342
0.9999986973000009
0.9999987329666675
0.9999987642666676
0.9999987896666676
0.9999988119333342
0.9999988313333342
0.9999988460666676
0.9999988577666675
0.9999988678666675
0.9999988765000009
0.9999988843333342
0.9999988901666675
0.9999988950666675
0.9999988993333342
0.9999989025000009
0.9999989048000009
0.9999989069000008
0.9999989084666675
0.9999989096666675
0.9999989107666675
0.9999989117000008
0.999998912433334
0.9999989130000008
0.9999989135000008
0.9999989138333342
0.9999989155000009
0.9999989165333342
0.9999989170333342
0.9999989174666676
0.9999989177333343
0.9999989641666676
0.9999989959666675
0.9999990232666676
0.9999990469666675
0.9999990638333341
0.9999990748666675
0.9999990836333341
0.9999990900666674
0.9999990958666675
0.9999990994333341
0.9999991025666675
0.9999991048666674
0.9999991065333341
0.9999991080333341
0.9999991094000008
0.9999991102666674
0.9999991110666674
0.999999111733334
0.9999991122666674
0.9999991126333341
0.9999991129666674
0.9999991132000008
0.9999991187000008
0.9999991262000008
0.999999129733334
0.9999991325666674
0.999999134633334
0.9999991360666673
0.9999991373666673
0.999999138333334
0.999999139033334
0.9999991397666673
0.999999140333334
0.9999991407666674
0.9999991411000008
0.9999991414000008
0.9999991415666675
0.9999991774666674
0.9999991956333341
0.9999992083666673
0.9999992165666673
0.9999992221666674
0.9999992247666674
0.999999227033334
0.9999992287000007
0.9999992297666673
0.9999992306666673
0.9999992312666673
0.9999992318666674
0.9999992323333341
0.9999992327000008
0.9999992329666675
0.9999992332000008
0.9999992333666675
0.9999992338666676
0.9999992346000008
0.9999992351000009
0.9999992354333342
0.9999992356666676
0.9999992358333343
0.9999992359666676
0.9999992783333342
0.9999993139666675
0.9999993458333342
0.9999993735000008
0.9999993953333342
0.9999994138666675
0.9999994297333341
0.9999994435333341
0.9999994545000008
0.9999994640666675
0.9999994723333342
0.9999994784666675
0.9999994832666674
0.9999994873666674
0.9999994908333341
0.9999994939666674
0.9999994962666674
0.9999994981666674
0.9999994998000008
0.9999995009666675
0.9999995018000007
0.9999995025666674
0.9999995031333341
0.9999995035333341
0.9999995039000008
0.9999995042333342
0.9999995044666675
0.9999995046666675
0.9999995048333342
0.9999995049333342
0.9999995132333342
0.9999995199000009
0.9999995236333342
0.9999995267333343
0.999999528700001
0.9999995303333343
0.9999995317333343
0.9999995327333343
0.9999995333666677
0.9999995338333344
0.9999995342000011
0.9999995345333345
0.9999995348000011
0.9999995350333345
0.9999995352000012
0.9999995353333345
0.9999995354333345
0.9999995372666679
0.9999995386333346
0.9999995396000012
0.9999995402333346
0.9999995408000013
0.999999541066668
0.9999995413333347
0.999999541566668
0.9999995417333347
0.9999995418333347
0.9999995420000014
0.9999995420666681
0.9999995423000014
0.9999995425000014
0.9999995426333348
0.9999995427333348
0.9999995427666681
0.9999995639000014
0.9999995802000015
0.9999995908666681
0.9999995987000014
0.9999996040666681
0.9999996074333348
0.9999996096666681
0.9999996115333348
0.9999996132333349
0.9999996144333348
0.9999996154000015
0.9999996162666681
0.9999996169000015
0.9999996173333349
0.9999996177000016
0.9999996179666683
0.9999996181666683
0.9999996183666683
0.999999618533335
0.9999996186666683
0.9999996187666683
0.9999996188666683
0.999999618933335
0.9999996282000017
0.9999996360666683
0.9999996429000017
0.999999648233335
0.9999996528666684
0.999999656833335
0.9999996597000017
0.9999996619000017
0.9999996638000017
0.9999996653666684
0.9999996668000017
0.999999667833335
0.9999996686666683
0.9999996693666684
0.9999996698666684
0.9999996702000018
0.9999996705333352
0.9999996707666685
0.9999996709333352
0.9999996710666685
0.9999996712000019
0.9999996713000019
0.9999996713666686
0.9999996714333352
0.9999996714666686
0.9999996909666685
0.9999997071666685
0.9999997216333352
0.9999997340666685
0.9999997436666686
0.9999997517333352
0.9999997586000019
0.9999997644666686
0.9999997690666687
0.9999997730666687
0.9999997765333353
0.9999997790000019
0.999999780900002
0.999999782500002
0.9999997838666687
0.999999785100002
0.9999997859666686
0.9999997867000019
0.9999997873333353
0.9999997877666686
0.9999997880666687
0.9999997883333354
0.9999997885333354
0.9999997886666687
0.9999997888000021
0.9999997889000021
0.9999997889666687
0.9999997890333354
0.9999997890666688
0.9999997891000021
0.9999997892000021
0.9999997893000021
0.9999997893333354
0.9999997893666688
0.9999997894333355
0.9999998044333355
0.9999998168666688
0.9999998279000022
0.9999998373666689
0.9999998446666689
0.9999998507333355
0.9999998558666688
0.9999998602666689
0.9999998637000022
0.9999998666666688
0.9999998692000022
0.9999998710000022
0.9999998723666689
0.9999998735333355
0.9999998745333355
0.9999998754333355
0.9999998760666688
0.9999998765666689
0.9999998770000023
0.9999998773000023
0.9999998775000023
0.999999877666669
0.9999998778000023
0.999999877866669
0.9999998779333357
0.9999998780000023
0.999999878066669
0.9999998781333357
0.999999878166669
0.999999878166669
0.9999998809000024
0.999999882466669
0.999999883666669
0.9999998845000023
0.9999998849333357
0.9999998853000024
0.9999998854666691
0.9999998856333357
0.9999998857333358
0.9999998858000024
0.9999998859000024
0.9999998859666691
0.9999998860000024
0.9999998860333358
0.9999998860666691
0.9999998955333358
0.9999999027333358
0.9999999073000025
0.9999999105666693
0.9999999127666692
0.9999999141000026
0.9999999149666692
0.9999999156666691
0.9999999163000025
0.9999999167666692
0.9999999171333359
0.9999999174333359
0.9999999176666693
0.999999917833336
0.9999999179666693
0.9999999180666693
0.999999918133336
0.9999999182000027
0.999999918233336
0.9999999182666693
0.9999999182666693
0.9999999183000027
0.9999999183000027
0.999999918333336
0.9999999183666693
0.9999999183666693
0.9999999184000027
0.999999918633336
0.9999999189666694
0.9999999192000028
0.9999999193333361
0.9999999194333361
0.9999999195000028
0.9999999195666694
0.9999999196000028
0.9999999196333361
0.9999999196333361
0.9999999196666695
0.9999999197000028
0.9999999197000028
0.9999999205333361
0.9999999211666695
0.9999999216333362
0.9999999219000029
0.9999999221333362
0.9999999223000029
0.9999999224000029
0.9999999224666696
0.9999999225333362
0.9999999225666696
0.9999999226000029
0.9999999226333363
0.9999999226666696
0.9999999226666696
0.9999999226666696
0.9999999226666696
0.9999999267666696
0.9999999293000029
0.9999999304666696
0.9999999311666695
0.9999999316333362
0.9999999320000029
0.9999999323333363
0.999999932500003
0.9999999326666696
0.999999932800003
0.9999999328666697
0.999999932900003
0.9999999329333363
0.9999999329666697
0.999999933000003
0.9999999330333363
0.9999999330333363
0.9999999330666697
0.9999999330666697
0.999999933100003
0.999999933100003
0.999999933100003
0.9999999344333363
0.9999999354333363
0.9999999359666697
0.9999999363000031
0.9999999364333364
0.9999999365000031
0.9999999365333364
0.9999999365333364
0.9999999365333364
0.9999999365666697
0.9999999365666697
0.9999999365666697
0.9999999365666697
0.9999999366000031
0.9999999366666698
0.9999999367666698
0.9999999368000031
0.9999999368333364
0.9999999368666698
0.9999999369000031
0.9999999369333364
0.9999999369333364
0.9999999369666698
0.9999999369666698
0.9999999369666698
0.9999999369666698
0.9999999407666698
0.9999999438666698
0.9999999466000031
0.9999999489000031
0.9999999506000031
0.9999999520000031
0.9999999531666698
0.9999999541333364
0.9999999548666697
0.9999999555000031
0.9999999560666698
0.9999999564333365
0.9999999567000032
0.9999999569333365
0.9999999571333366
0.9999999573000032
0.9999999574000032
0.9999999575000033
0.9999999576000033
0.9999999576666699
0.9999999577000033
0.9999999577333366
0.9999999577333366
0.9999999577333366
0.9999999577333366
0.99999995776667
0.99999995776667
0.99999995776667
0.99999995776667
0.99999995776667
0.9999999578000033
0.9999999578000033
0.99999996066667
0.9999999630000033
0.9999999650666699
0.9999999668000032
0.9999999680666699
0.9999999691000032
0.9999999699666698
0.9999999706666698
0.9999999712000032
0.9999999716666699
0.9999999720666699
0.9999999723333366
0.9999999725000033
0.99999997266667
0.99999997276667
0.99999997286667
0.9999999729333366
0.9999999730000033
0.9999999730333367
0.99999997306667
0.9999999731000033
0.9999999731000033
0.9999999731000033
0.9999999731333367
0.9999999731333367
0.9999999731333367
0.9999999731333367
0.99999997316667
0.99999997316667
0.99999997316667
0.9999999740333366
0.9999999747666699
0.9999999754000033
0.99999997586667
0.99999997626667
0.9999999766000034
0.9999999768333367
0.9999999770000034
0.9999999771333368
0.9999999772666701
0.9999999773666701
0.9999999774333368
0.9999999774666701
0.9999999775333368
0.9999999775666701
0.9999999775666701
0.9999999776000035
0.9999999776000035
0.9999999776000035
0.9999999776000035
0.9999999776000035
0.9999999776000035
0.9999999776000035
0.9999999776000035
0.9999999776000035
0.9999999776666701
0.9999999777000035
0.9999999777000035
0.9999999777000035
0.9999999777000035
0.9999999777333368
0.9999999777333368
0.9999999777333368
0.9999999777333368
0.9999999777333368
0.9999999793333368
0.9999999806333368
0.9999999817666702
0.9999999827333368
0.9999999834333367
0.9999999840000035
0.9999999844666702
0.9999999848666702
0.9999999851666702
0.9999999854333369
0.9999999856333369
0.9999999857666703
0.9999999858333369
0.9999999859000036
0.9999999859666703
0.999999986033337
0.9999999860666703
0.9999999861000036
0.9999999861000036
0.999999986133337
0.9999999861666703
0.9999999862000036
0.9999999862000036
0.9999999862000036
0.9999999862000036
0.9999999862000036
0.9999999862000036
0.9999999862000036
0.9999999862000036
0.9999999862000036
0.9999999862666703
0.9999999862666703
0.9999999862666703
0.9999999862666703
0.9999999863000036
0.999999986333337
0.999999986333337
0.999999986333337
0.999999986333337
0.999999986333337
0.999999986333337
0.999999987533337
0.9999999885000036
0.9999999893666702
0.9999999900666702
0.9999999905666702
0.9999999909666702
0.999999991333337
0.9999999916000036
0.9999999918000037
0.9999999919666703
0.9999999921000037
0.9999999922000037
0.9999999922666704
0.999999992333337
0.9999999923666704
0.999999992433337
0.9999999924666704
0.9999999925000037
0.999999992533337
0.999999992533337
0.999999992533337
0.999999992533337
0.999999992533337
0.999999992533337
0.999999992533337
0.999999992533337
0.999999992533337
0.999999992533337
0.999999992533337
0.999999992533337
0.999999992533337
0.999999992533337
0.999999992533337
0.999999992533337
0.999999992533337
0.999999992533337
0.999999992533337
0.999999992533337
0.999999992533337
0.999999993233337
0.999999993733337
0.9999999940333371
0.9999999942333371
0.9999999943666704
0.9999999944333371
0.9999999944666704
0.9999999945000038
0.9999999945333371
0.9999999945333371
0.9999999945333371
0.9999999945333371
0.9999999945333371
0.9999999945333371
0.9999999945333371
0.9999999945333371
0.9999999945333371
0.9999999945333371
0.9999999945333371
0.9999999945333371
0.9999999945333371
0.9999999945333371
0.9999999945333371
0.9999999948000038
0.9999999950000038
0.9999999952000038
0.9999999953333372
0.9999999954333372
0.9999999955333372
0.9999999955666705
0.9999999956000039
0.9999999956333372
0.9999999956666705
0.9999999956666705
0.9999999957000039
0.9999999957000039
0.9999999957333372
0.9999999957333372
0.9999999957333372
0.9999999957666705
0.9999999957666705
0.9999999957666705
0.9999999957666705
0.9999999957666705
0.9999999957666705
0.9999999957666705
0.9999999957666705
0.9999999957666705
0.9999999958333372
0.9999999959000039
0.9999999959333372
0.9999999959666706
0.9999999960000039
0.9999999960333372
0.9999999960333372
0.9999999960333372
0.9999999960666706
0.9999999960666706
0.9999999960666706
0.9999999960666706
0.9999999960666706
0.9999999960666706
0.9999999960666706
0.9999999960666706
0.9999999960666706
0.9999999960666706
0.9999999960666706
0.9999999960666706
0.9999999960666706
0.9999999960666706
0.9999999960666706
0.9999999960666706
0.9999999960666706
0.9999999960666706
0.9999999960666706
0.9999999960666706
0.9999999960666706
0.9999999960666706
0.9999999960666706
0.9999999960666706
0.9999999960666706
0.9999999960666706
0.9999999960666706
0.9999999960666706
0.9999999960666706
0.9999999960666706
0.9999999962000039
0.9999999963000039
0.9999999964000039
0.9999999964666706
0.9999999965000039
0.9999999965333373
0.9999999965666706
0.9999999965666706
0.9999999966000039
0.9999999966000039
0.9999999966000039
0.9999999966000039
0.9999999966000039
0.9999999966000039
0.9999999966000039
0.9999999966000039
0.9999999966000039
0.9999999966000039
0.9999999966000039
0.9999999966000039
0.9999999966000039
0.9999999966000039
0.9999999966000039
0.9999999966000039
0.9999999966000039
0.999999996800004
0.9999999968666706
0.9999999969333373
0.9999999969333373
0.9999999969333373
0.9999999969333373
0.9999999969333373
0.9999999969333373
0.9999999969333373
0.9999999969333373
0.9999999969333373
0.9999999969333373
0.9999999969333373
0.9999999969333373
0.9999999969666706
0.999999997000004
0.999999997000004
0.9999999970333373
0.9999999970333373
0.9999999970666706
0.9999999970666706
0.9999999970666706
0.9999999970666706
0.9999999970666706
0.9999999970666706
0.9999999970666706
0.9999999970666706
0.9999999970666706
0.9999999972333373
0.999999997300004
0.9999999973333373
0.9999999973666707
0.999999997400004
0.999999997400004
0.9999999974333373
0.9999999974333373
0.9999999974333373
0.9999999974333373
0.9999999974333373
0.9999999974333373
0.9999999974333373
0.9999999974333373
0.9999999974333373
0.9999999974333373
0.9999999974333373
0.9999999974333373
0.9999999974333373
0.9999999974333373
0.9999999974333373
0.9999999974333373
0.9999999974333373
0.9999999974333373
0.9999999974333373
0.9999999976333374
0.999999997800004
0.9999999979333374
0.9999999980666707
0.9999999981666707
0.9999999982333374
0.9999999982666707
0.9999999983000041
0.9999999983333374
0.9999999983333374
0.9999999983666708
0.9999999983666708
0.9999999983666708
0.9999999983666708
0.9999999983666708
0.9999999983666708
0.9999999983666708
0.9999999983666708
0.9999999983666708
0.9999999983666708
0.9999999983666708
0.9999999983666708
0.9999999983666708
0.9999999983666708
0.9999999983666708
0.9999999983666708
0.9999999983666708
0.9999999983666708
0.9999999983666708
0.9999999983666708
0.9999999984000041
0.9999999984666708
0.9999999985000041
0.9999999985333374
0.9999999985666708
0.9999999985666708
0.9999999985666708
0.9999999985666708
0.9999999985666708
0.9999999985666708
0.9999999985666708
0.9999999985666708
0.9999999985666708
0.9999999985666708
0.9999999985666708
0.9999999985666708
0.9999999985666708
0.9999999985666708
0.9999999985666708
0.9999999985666708
0.9999999985666708
0.9999999986666708
0.9999999987333374
0.9999999987666708
0.9999999988000041
0.9999999988333375
0.9999999988333375
0.9999999988333375
0.9999999988666708
0.9999999989000041
0.9999999989000041
0.9999999989000041
0.9999999989000041
0.9999999989000041
0.9999999989000041
0.9999999989000041
0.9999999989000041
0.9999999989000041
0.9999999989000041
0.9999999989000041
0.9999999989000041
0.9999999989000041
0.9999999989000041
0.9999999989000041
0.9999999989666708
0.9999999989666708
0.9999999989666708
0.9999999990000041
0.9999999990000041
0.9999999990000041
0.9999999990000041
0.9999999990000041
0.9999999990000041
0.9999999990000041
0.9999999990000041
0.9999999990000041
0.9999999990000041
0.9999999990000041
0.9999999990000041
0.9999999990000041
0.9999999990000041
0.9999999990000041
0.9999999990000041
0.9999999990000041
0.9999999990000041
0.9999999990000041
0.9999999990000041
0.9999999990000041
0.9999999990000041
0.9999999990000041
0.9999999990000041
0.9999999990000041
0.9999999990000041
0.9999999990000041
0.9999999990000041
0.9999999990000041
0.9999999990000041
0.9999999990000041
0.9999999990000041
0.9999999990000041
0.9999999990000041
0.9999999990000041
0.9999999990000041
0.9999999990000041
0.9999999990000041
0.9999999990000041
0.9999999990000041
0.9999999990000041
0.9999999990000041
0.9999999990000041
0.9999999990000041
0.9999999990000041
0.9999999990000041
0.9999999990000041
0.9999999990000041
0.9999999990000041
0.9999999990000041
0.9999999990000041
0.9999999990000041
0.9999999990000041
0.9999999990000041
0.9999999990333375
0.9999999990333375
0.9999999990333375
0.9999999990333375
0.9999999990333375
0.9999999990666708
0.9999999990666708
0.9999999990666708
0.9999999990666708
0.9999999990666708
0.9999999990666708
0.9999999990666708
0.9999999990666708
0.9999999990666708
0.9999999990666708
0.9999999990666708
0.9999999990666708
0.9999999990666708
0.9999999990666708
0.9999999990666708
0.9999999990666708
0.9999999990666708
0.9999999990666708
0.9999999990666708
0.9999999991000041
0.9999999991333375
0.9999999991666708
0.9999999992000042
0.9999999992000042
0.9999999992000042
0.9999999992000042
0.9999999992000042
0.9999999992000042
0.9999999992000042
0.9999999992000042
0.9999999992000042
0.9999999992000042
0.9999999992000042
0.9999999992000042
0.9999999992000042
0.9999999992000042
0.9999999992000042
0.9999999992000042
0.9999999992000042
0.9999999992000042
0.9999999992000042
0.9999999992000042
0.9999999992000042
0.9999999992000042
0.9999999992000042
0.9999999992000042
0.9999999992000042
0.9999999992000042
0.9999999992333375
0.9999999992333375
0.9999999992333375
0.9999999992333375
0.9999999992333375
0.9999999992333375
0.9999999992333375
0.9999999992333375
0.9999999992333375
0.9999999992333375
0.9999999992333375
0.9999999992333375
0.9999999992333375
0.9999999992333375
0.9999999992333375
0.9999999992333375
0.9999999992333375
0.9999999992333375
0.9999999992333375
0.9999999992333375
0.9999999992333375
0.9999999992333375
0.9999999992333375
0.9999999992333375
0.9999999992333375
0.9999999992333375
0.9999999992333375
0.9999999992333375
0.9999999992333375
0.9999999992333375
0.9999999992333375
