0.0
1.3959e-05
2.8134433333333333e-05
4.265163333333334e-05
5.81602e-05
7.347623333333334e-05
8.933083333333334e-05
0.00010536033333333334
0.00012196790000000002
0.00013915413333333334
0.00015636576666666667
0.00017408263333333333
0.0001920266
0.00021032793333333332
0.00022809766666666666
0.00024723606666666667
0.00026644043333333336
0.00028568736666666666
0.00030531586666666667
0.0003259224
0.0003467733
0.00040986033333333333
0.00043197533333333334
0.0004964771
0.0005197937666666666
0.0005864549666666667
0.0006097829666666666
0.0006799505333333334
0.0007071971
0.0007785353666666668
0.0008060065666666668
0.0008529920333333335
0.0009006230333333335
0.0009497511666666669
0.0010004576000000002
0.0010514227333333335
0.0011728725333333336
0.0012259891000000003
0.0012802175333333336
0.0014053457333333336
0.0014619992000000004
0.0015190375000000004
0.0016519516000000004
0.0017105616000000004
0.0017716744000000003
0.0019125503333333336
0.002072540033333334
0.002138066033333334
0.0023858337000000006
0.002454825766666667
0.002624560166666667
0.0027808188333333338
0.002958396133333334
0.003037987233333334
0.003309328233333334
0.0033903525000000003
0.003460698366666667
0.003536328666666667
0.0036140168
0.003695163866666667
0.0037793852
0.0038671411666666667
0.003955580433333334
0.0040491713
0.0042691845
0.0044772053
0.004574475366666667
0.004675520733333334
0.0047781968000000005
0.005287874866666667
0.0053961494
0.005658359566666667
0.0057722661
0.0061667249333333335
0.0064264661333333336
0.0067092218
0.006839684766666666
0.007262356833333333
0.007575393366666666
0.007806612433333333
0.007916372666666666
0.008032449833333333
0.008149494366666666
0.008271423299999999
0.008396004399999999
0.008526017299999999
0.008981301166666665
0.009116830066666665
0.009257258633333331
0.009570394466666665
0.010077636599999999
0.010228027599999998
0.010957185099999997
0.011115292933333331
0.011485424933333332
0.012229268299999999
0.012614514066666666
0.012794678033333333
0.013383024166666667
0.013778169766666667
0.0139065092
0.014040558666666666
0.014178503933333333
0.0143187653
0.014468159466666667
0.014788814633333333
0.0149444052
0.015102322
0.015268185966666667
0.015632167033333335
0.0158054406
0.015984621366666667
0.016166985966666665
0.016830283433333332
0.017022066333333332
0.017894432999999998
0.018095932199999998
0.018837847766666665
0.019296558933333333
0.019780989233333334
0.020009645033333336
0.021281916733333336
0.02175554066666667
0.02193006026666667
0.0221112663
0.0222999372
0.02272824166666667
0.02292930386666667
0.023615949266666672
0.023826334366666674
0.024043531700000006
0.024521711833333338
0.024754043333333337
0.025806398100000003
0.02605035096666667
0.027166207333333338
0.02798636676666667
0.028566048133333338
0.028841873200000003
0.030004038700000003
0.030915470533333336
0.031098790133333335
0.0312894182
0.0314892462
0.03192544233333333
0.032137849999999996
0.03235894116666666
0.03282517266666666
0.03333190226666666
0.03356741929999999
0.03381416403333332
0.034068530833333326
0.03465597183333333
0.03583544636666666
0.0361073568
0.0363926891
0.037365515366666664
0.038336508533333334
0.0390069105
0.03932844336666667
0.04107861583333333
0.04141061013333333
0.0416393642
0.04188228793333333
0.042135057866666666
0.04239340853333333
0.042662543899999995
0.04294477976666666
0.04323535663333333
0.044216753133333335
0.04522519826666667
0.045535590900000006
0.045861090766666675
0.04694191520000001
0.04914074206666668
0.04989678753333335
0.050262420533333345
0.05141854150000001
0.05219898313333334
0.05244391703333334
0.052706616833333345
0.052979295933333344
0.05326292200000001
0.05387059506666668
0.05417242006666668
0.054826510133333346
0.055143256000000015
0.05546897346666668
0.05616999990000002
0.05651765390000002
0.05769585386666669
0.05806017530000002
0.05962391870000002
0.06041567270000002
0.06125180003333335
0.06165978000000002
0.06336322930000002
0.06426638526666668
0.06454579063333335
0.06515203846666669
0.06545363843333335
0.06645803160000002
0.06677161176666668
0.06780889163333335
0.06854661810000003
0.06926340946666669
0.0696135763666667
0.07041335063333336
0.0715801507666667
0.07283469473333336
0.07321827010000002
0.07578741310000002
0.07618908150000002
0.07796644836666669
0.07928400656666669
0.08069407883333336
0.0811425130666667
0.0839522373666667
0.08487084460000002
0.0851578039666667
0.08545430943333336
0.08575992650000003
0.0864058618666667
0.0867354771666667
0.0870780329666667
0.08742898710000004
0.08821281180000004
0.08858163163333338
0.08896402840000005
0.08981288090000004
0.09062045170000005
0.09103849580000005
0.09288315413333338
0.09332057390000005
0.09426950340000005
0.09518032370000006
0.09667538040000005
0.09716224526666672
0.09966092370000006
0.10016518673333338
0.10052184386666671
0.10089232420000005
0.10172112260000005
0.10213446230000005
0.10303079260000005
0.10436789843333338
0.10481885366666671
0.1072559856666667
0.10772744890000004
0.1102643743666667
0.11183700560000003
0.11236015750000003
0.11446404333333336
0.1166279902666667
0.11697289120000004
0.11732836450000005
0.11769044746666671
0.11845443850000004
0.11883710003333336
0.11923438543333337
0.1200710289666667
0.12094417560000004
0.1213713621666667
0.1218142687666667
0.12275735960000003
0.12321962353333336
0.12473203503333337
0.1252142471666667
0.12726234963333338
0.12776604570000005
0.12936703093333338
0.13040554203333338
0.13204986723333337
0.13260705480000004
0.13483755863333338
0.13541490836666673
0.13582247700000005
0.13624538460000005
0.13712541136666673
0.13804294640000006
0.13851396226666673
0.13950326356666673
0.14158424870000005
0.14209597610000005
0.14263000210000004
0.14429623710000003
0.14707576820000004
0.14878505943333337
0.14937393700000004
0.15285859650000003
0.1534687819666667
0.15385850003333335
0.1542600479
0.15469137126666668
0.15513865980000002
0.1560973239666667
0.15762380263333337
0.1581213962666667
0.15915386853333335
0.16189756870000002
0.16243699190000002
0.16299936373333335
0.16586285480000001
0.16760655573333336
0.16937341120000002
0.16999155293333335
0.17418247333333334
0.17600960113333333
0.1764634766
0.17693385206666667
0.17741393206666667
0.17841373073333333
0.17893630486666667
0.1800117419
0.1816977665
0.1822629984
0.18285166213333331
0.18462851593333332
0.18644744666666666
0.18709236129999998
0.18895472079999998
0.19023569246666663
0.19064805316666664
0.1910786591333333
0.19152212136666663
0.19198132149999997
0.19245650139999998
0.19294862273333332
0.1934543922
0.19397451446666666
0.19450159496666666
0.195578318
0.1961242179
0.19724145456666667
0.19780869786666666
0.19954162686666665
0.20013072306666665
0.20190986693333332
0.2025227106
0.20434593069999998
0.2049791237
0.20684339463333332
0.20751254033333333
0.2094197686
0.2101125837
0.21059140763333334
0.21108660446666666
0.2115990895
0.21323009433333334
0.2149319514666667
0.21549947356666668
0.21665481760000002
0.2184246327
0.21903560213333334
0.22206497573333334
0.2226998413
0.22578376403333333
0.22767572303333333
0.2295779318
0.2302687315
0.23347090796666667
0.23542509813333334
0.2358738563666667
0.23634112863333337
0.2368220321666667
0.23731924500000004
0.2378331370666667
0.23836456870000003
0.23891087463333335
0.23947858453333334
0.24006598510000002
0.2406641436666667
0.24127304320000004
0.24308333643333338
0.2437141519666667
0.2455696949333334
0.24622439026666673
0.24812235180000006
0.2487984073333334
0.2507347179333334
0.2514445743333334
0.25342192736666674
0.2541560705666667
0.2551773647000001
0.2562663160333334
0.2573837089333334
0.2597262715333334
0.2609082232333334
0.2633302083000001
0.26576571316666675
0.2669778733333334
0.27191503120000005
0.2731397522666667
0.2756143811666667
0.2787452416
0.28124137486666667
0.2824899511666667
0.2862974776
0.2888410589666667
0.28984964750000003
0.2909317509666667
0.29204561430000003
0.2931875693666667
0.29435134333333335
0.29555615306666666
0.2967764363666667
0.29800910303333333
0.29925302886666666
0.3030343376
0.30556417319999996
0.30808762583333327
0.3093518787666666
0.3131892067333333
0.3144582340333333
0.3155269652666666
0.3166626186333333
0.3178258478333333
0.31901062469999997
0.3202172846333333
0.32144132293333333
0.32393285326666665
0.32518228909999997
0.32644164856666663
0.32770577939999995
0.33026616813333326
0.3328099426666666
0.3340860570999999
0.33795432463333325
0.33923403193333324
0.33976112213333326
0.3408525758666666
0.3419786468666666
0.3431351979333333
0.34431818766666666
0.34552185956666664
0.34674578836666664
0.34798583026666663
0.34923850259999994
0.35050055299999994
0.35177079303333325
0.3530457688666666
0.3543237228333333
0.35560649369999997
0.35817517516666664
0.35946009749999996
0.36063518856666665
0.3618363997333333
0.3630929504
0.36563728036666665
0.3669133571
0.36819617363333335
0.37254014133333335
0.37383150863333336
0.37643539833333334
0.3794581431
0.3800224754
0.38116984573333335
0.38236203333333335
0.3835683842666667
0.3847857175666667
0.3860229128666667
0.38727135393333334
0.38852634853333334
0.3897955801333333
0.3910692896333333
0.39234836533333334
0.3941250930333333
0.3954105118
0.3984986249
0.3997889917333333
0.4020155795
0.4033082328
0.40509201083333335
0.4063864575
0.40985873643333337
0.4118091499333334
0.41239211890000005
0.4135892734333334
0.41479903930000006
0.4160330656333334
0.41727906326666675
0.4185424683000001
0.41981191686666675
0.4210942985333334
0.42238016036666676
0.4236706199000001
0.42543693733333343
0.4267318322666668
0.4298059033666668
0.43110370460000014
0.4328746652000001
0.43548338923333346
0.4372482895666668
0.4385450935000001
0.4416172617000001
0.4429110215666668
0.44350858590000014
0.4447316957666668
0.44597790080000016
0.4472423617666668
0.4485159168333335
0.4498011933000001
0.45109176176666677
0.4523848107333334
0.4536816816666668
0.4549811329333334
0.4567329382000001
0.4580333492666668
0.4610997195666668
0.4623991805666668
0.4641395210666668
0.46543419346666676
0.4678236198333334
0.4694524457666668
0.4706901648333334
0.4719495916666668
0.47321955933333343
0.47450387663333343
0.47580271676666674
0.47710286363333343
0.48014737400000007
0.48145069226666676
0.48275260346666676
0.4844774760000001
0.4891155528000001
0.4908288335333334
0.49211943520000007
0.4954490459333334
0.49673245043333336
0.4973570434666667
0.4986180004666667
0.4998879097666667
0.5011677673
0.5024539302666666
0.5037468545333333
0.5050439787666667
0.5063459318000001
0.5076514195333335
0.5089572218000001
0.5102650369000001
0.5119767719666668
0.5132829599333335
0.5149911048666669
0.5162937649000002
0.5179933187000002
0.5192911875666669
0.5209765070000002
0.5222626752333336
0.5239351407000002
0.5252119048000002
0.5264920615000003
0.5282763413000002
0.5295866314000002
0.5313121780000002
0.5326184665000002
0.5339186943666668
0.5376322796000002
0.5398511320000001
0.5417778986333335
0.5430557988000001
0.5474964352333335
0.5502941155666669
0.5509380109333335
0.5522341051000001
0.5535356168333335
0.5548413549333335
0.5561497837000002
0.5574613488333335
0.5587744428333336
0.5600855221333335
0.5613965465000001
0.5630608585000001
0.5643656558333334
0.5660204947333334
0.5673168732333334
0.5689572294666667
0.5702444858333334
0.5718650844666667
0.5731336278333334
0.5747349296
0.5759891587
0.5766408790666667
0.5779519882666667
0.5792673844
0.5805794734666667
0.5822181840666667
0.5835201916333334
0.5848110288333334
0.5864195030333333
0.5880053092
0.5892621183333334
0.5908252496
0.5924657003666667
0.5931221297
0.5949194455333333
0.5966730362
0.5979899285
0.5997129156333333
0.6010233548666666
0.6023229134666666
0.6042558574333332
0.6055419547333332
0.6071200222999998
0.6088117649999998
0.6106269070333331
0.6118735188999997
0.6148716714999998
0.6162824158999998
0.6169398137666664
0.6182545945666664
0.6200490854666665
0.6213620303333331
0.6226691831999999
0.6244489359666665
0.6260307842999998
0.6273204814666665
0.6293543407999999
0.6306275800666665
0.6321674994333332
0.6338905833999998
0.6354025332999998
0.6366300256999998
0.6385740238333332
0.6397791858333332
0.6410892556333332
0.6423923867999999
0.6440053432333332
0.6464549446666665
0.6477371141999999
0.6490002828999999
0.6511107457999998
0.6528781130666665
0.6543532329666666
0.6555650111666665
0.6592399479333332
0.6604267834999998
0.6617336798999999
0.6634357806333332
0.6656253635999999
0.6668991818999999
0.6695587635333332
0.6708107763333332
0.6729689528333332
0.6746582752333332
0.6758528229999998
0.6779676072666665
0.6801488256333331
0.6807995042666665
0.6820913250999998
0.6833757465666664
0.6848694001666664
0.6861322473999998
0.6875987951333331
0.6888369716999998
0.6902716298666665
0.6914854926333331
0.6928844764999998
0.6940591752333332
0.6954203653999999
0.6965645015666665
0.6972049882666664
0.6988730369666665
0.7003333463333331
0.7015813912333331
0.7033984235999997
0.7046191248666663
0.7060151181666663
0.7075873677999996
0.7089454214666663
0.7100972374999996
0.7117838045666663
0.7129026010999997
0.7135336439333331
0.7160701526999997
0.7173052657333331
0.7190173342666664
0.7202222041666664
0.7223040813666664
0.7237633714666664
0.725322968433333
0.7264530282999997
0.7283675694666664
0.7295435723999997
0.7311074902666663
0.732473720033333
0.7337774591999997
0.7356039481333331
0.7380502444333331
0.7394117277999998
0.7405895005333331
0.7424902832999998
0.7441998985999998
0.7448013003666665
0.7461294725333332
0.7472965780999998
0.7485824289666665
0.7497146455666664
0.7509555766666665
0.7520371493999998
0.7532302113333331
0.7542710002333332
0.7555313884999998
0.7576966208666664
0.7598139437666664
0.7613226195666665
0.7624470591333331
0.7645000871333331
0.7655647232666664
0.7661276739999997
0.7673407944666664
0.7684264687666663
0.7695903100666663
0.770620253233333
0.7717317837666664
0.7727161047666664
0.7733529807999997
0.7755063919999997
0.776706849333333
0.7777750788999996
0.7794087790999996
0.7805598065333329
0.7813806391333329
0.7826903891666662
0.7836701264333329
0.7857189945333329
0.7869424974999996
0.7875045262999996
0.7885158240333329
0.7897695865999995
0.7907134516999995
0.7911713589333329
0.7921232600333329
0.7929852998666662
0.7938864801999995
0.7952028515999995
0.7956051452666661
0.7960947258666662
0.7973682666666662
0.7982376922333329
0.7992870824999995
0.8000989966999995
0.8014634437999995
0.8023152774999994
0.8030177939999994
0.8036707700999994
0.8043654620333328
0.8054129950333329
0.8060436034666661
0.8066056075333328
0.8079033042666661
0.8084257347333328
0.8093502741666662
0.8099941574999995
0.8105197389666662
0.8109689992666662
0.8119836104999996
0.8125809779666663
0.8130646302999996
0.813543458833333
0.814020798333333
0.8144943610999996
0.8149639002666663
0.8154281253666663
0.815889352833333
0.8163432848666663
0.8169132382666663
0.8180144945666663
0.818458413833333
0.8192546036999996
0.819687785233333
0.8208027316666663
0.8212242761666663
0.821947040233333
0.8223554300999997
0.8232346951666664
0.8237244333666663
0.824338984933333
0.8247133162999997
0.8254696807666664
0.8258386349999998
0.8263018751999998
0.8271681887999998
0.8280058126999997
0.828783226533333
0.829530623333333
0.8302203887999997
0.8312481970999998
0.831860558133333
0.832447288533333
0.8330108122666664
0.8338415144666664
0.8343608839333331
0.8354470179999998
0.8359260271333331
0.8364174183999997
0.8375138101999997
0.8379696738999998
0.838374803533333
0.8391364886666663
0.8395699719999997
0.8400322347333331
0.8404934224666665
0.8409528551333332
0.8414077825666665
0.8418627513999998
0.8423147898333331
0.8427648164999998
0.8432116376333332
0.8436545940666665
0.8440958702666665
0.8445331450333332
0.8449676221333332
0.8453979137999998
0.8458277234666665
0.8462496008666665
0.8466684032333331
0.8470832404999998
0.8474927817999999
0.8478959053333333
0.8482934676999999
0.8487152701666666
0.8491000591
0.849506086
0.8498765443666667
0.8502659393
0.8506237776333334
0.8509968151333334
0.8513316202666666
0.8516861035666666
0.8520052511666666
0.8524384372999999
0.8532432883666665
0.8539860692999999
0.8548152718333332
0.8555490573999999
0.8561226198999998
0.8570191053666665
0.8576668812999998
0.8581462268333331
0.8590006053666664
0.8594390952333331
0.8603054020666664
0.8608145169333331
0.8614020813999997
0.8617664811333331
0.8623838186333331
0.8629374468333332
0.8633726857999998
0.8638028149666664
0.8642287605999998
0.8649617100666664
0.8653742399666664
0.8657786700333331
0.8661769282666664
0.8666806825666664
0.8672299795999997
0.8676055218333331
0.8680337663666664
0.8686469600666664
0.8689959552333331
0.8699351502666663
0.8702689780666664
0.870622607833333
0.8711185226999997
0.8714589504666663
0.8717562978999996
0.8726699635666663
0.8730614890333329
0.8738320272333329
0.8745384910999995
0.8752130151666662
0.8758272550666661
0.8763607349999994
0.8768683743999994
0.8777915458333327
0.8782303982333327
0.8786284169333327
0.8791487798333327
0.8804478652666661
0.8808081679333327
0.8811330252333327
0.8817411590666661
0.8820371491999994
0.8824505557666661
0.8828553141999994
0.8832547154666661
0.8836464733333328
0.8840301384999995
0.8844045971999994
0.8847715636333328
0.8851882777999994
0.8855305982999995
0.8858660237333328
0.8861947283666661
0.8870185118666661
0.8873330546999995
0.8878977660666661
0.8881966276999995
0.8888338614333329
0.8891633452333328
0.8896189645999996
0.8898812166999995
0.8904004466333328
0.8906485871999995
0.8910178800333328
0.8918330088666662
0.8925056699666661
0.8931454927999994
0.8938580480333328
0.8944363445666661
0.8949869251999995
0.8956024588333328
0.8960985023999994
0.8965686834666661
0.8970983907999994
0.8975347776666661
0.8979358421333328
0.8984041915333327
0.8987645315999994
0.8991171946666661
0.8995116182999994
0.8998301458999993
0.9001185410999993
0.900466373866666
0.900726317066666
0.9011185159999993
0.9015072198333326
0.9018923487333326
0.9022714664666659
0.9026486093999992
0.9030213288333326
0.9033898036333327
0.9037539133333327
0.904112319266666
0.9044673306999994
0.9048165679999994
0.905161464966666
0.9055002081666661
0.9058364886666661
0.9061638890333328
0.9064867058999995
0.9068037001666661
0.9071139137999995
0.9074171747333328
0.9077133561666662
0.9080138087999995
0.9082955464999994
0.9085792012666661
0.9088450433333328
0.9091118073999995
0.9093628624666662
0.9096133135666662
0.9098430334999995
0.9100759317999995
0.9102892357333328
0.9110026509333328
0.9114815601999995
0.9118529565999994
0.9121811112666661
0.9126424399999995
0.9130891198333329
0.9133445520999995
0.9140299501333329
0.9144718951333328
0.9148398808333328
0.9152037162333327
0.9155635118999994
0.915916996366666
0.9162679412333327
0.9166141267333326
0.916955503766666
0.9172922832333327
0.9176229595333327
0.9179498198333327
0.9182705348999993
0.918586571066666
0.9188960427666659
0.9192025405999993
0.9195001293666659
0.9197928273999992
0.9200793350999993
0.9203588335666659
0.9206314269333326
0.9208967214666659
0.9211628273999992
0.9214136414999993
0.9216630792999992
0.9218980535333325
0.9221309801333325
0.9223510614333325
0.9225681340666658
0.9227680010666658
0.9229683011333325
0.9231521224999992
0.9234540702333326
0.9240238824999992
0.9246325854333326
0.9251394672999993
0.9256180905333327
0.9261302112999993
0.9265536278333326
0.9269516911999993
0.927380207066666
0.9277380935333327
0.9280681729999993
0.9284321773999993
0.9287229108666659
0.9290006030666659
0.9293009813333325
0.9295467113333324
0.9297700162999991
0.9300242424333325
0.9302209286666658
0.9308164080333325
0.9312750971999992
0.9316796141999992
0.9320394323999992
0.9325173556999992
0.9327863467333325
0.9330944974333325
0.9333228494999992
0.9335328285666659
0.9341203892999992
0.9344159732999991
0.9347451187999991
0.9349188730666658
0.9352876865333324
0.9354455001999991
0.9357131308333324
0.9361850755333324
0.936573577699999
0.9369371789333324
0.9372592674999991
0.9375561773333324
0.9378149245333324
0.938059438099999
0.9382734598666657
0.938467924699999
0.938654795199999
0.9388334232333323
0.939136635699999
0.9394311829666656
0.9397200830666657
0.939993120199999
0.940254485399999
0.9405923378666656
0.9408966482333323
0.9411197062333323
0.9413833090666657
0.9415924574666656
0.9418551514666657
0.942050370599999
0.9425651694666657
0.942745335899999
0.9429346087333323
0.943212736899999
0.9433815657333323
0.9435298682333323
0.9438456326666657
0.944015376099999
0.9442974666666656
0.9446724625666656
0.9450264526333323
0.9452997577666656
0.9455333333333323
0.9457545492666657
0.9459938312333324
0.9463086618333324
0.9464785591666657
0.9468051109666656
0.9470249484333323
0.9473211773666657
0.9476118118333323
0.9478974640666656
0.9481764518333323
0.9484516085666657
0.948721464499999
0.9489853965333322
0.949244454699999
0.9494968185666657
0.9497445717333324
0.9499856822666657
0.9502216046666657
0.9504504202666657
0.9506752338333324
0.9508917143999991
0.9511029290333324
0.951307545099999
0.9515051488333324
0.9516964867666657
0.9518805928666657
0.952060515599999
0.952231219699999
0.9523959588666657
0.9525522697666657
0.9527026202666657
0.9528451327333324
0.952981926899999
0.953108421899999
0.9532315467666657
0.953344331399999
0.9535486974666656
0.9540274711666656
0.954353923099999
0.954656593099999
0.9549630777666657
0.9552947279333324
0.9555339804333324
0.955786139599999
0.9559899338333324
0.9561787669666657
0.9564288150333323
0.956590209099999
0.9567363552333323
0.9568905964666656
0.957019081899999
0.9572746798999989
0.9577124638333323
0.9580861241666656
0.958406387899999
0.9586832430333323
0.9589261016999989
0.9591532933333322
0.9593434836999989
0.9595140848666656
0.9596678558999989
0.959805604299999
0.9599367233666656
0.9600526844666656
0.9601606925666656
0.9603838810666656
0.9604788989666656
0.960777943299999
0.961098525699999
0.9613731409999989
0.9615873548666656
0.9617675582999989
0.9620293247666656
0.9622873458999989
0.9624340353666655
0.9625600037999988
0.9628052393333322
0.9629104072999989
0.9631614680333322
0.9634064096333322
0.9636461015333322
0.9638792790666655
0.9641081170999988
0.9643316384999988
0.9645489494333321
0.9647614995999988
0.9649674034666654
0.9651685327333321
0.9653631293999988
0.9655525685666655
0.9657350325333321
0.9659132162666655
0.9660838441333321
0.9662493415999989
0.9664084529666656
0.9665609953333322
0.9667079737333322
0.9668482298666655
0.9669835387999989
0.9671117972666655
0.9672335630666655
0.9673491008333321
0.9674584044999988
0.9675616781666654
0.9676594080333321
0.9677496681333321
0.9678360720999988
0.9679147429999988
0.9682018428333321
0.9684758761999988
0.9686710918666654
0.9688318087999988
0.9690411174999988
0.9691494715333321
0.9692601688333321
0.9693904840999987
0.9696202094666654
0.9698436772333321
0.9700618587666654
0.9702736919999987
0.9704810339333321
0.9706831371333321
0.9708790082666654
0.9710702450999987
0.9712549672999987
0.9714349281333321
0.9716085165999988
0.9717770527666655
0.9719387961999988
0.9720962284333321
0.972246564733332
0.972391927633332
0.972531120933332
0.9726640598666654
0.9727918295666653
0.9729132259999986
0.9730296834666653
0.9731399010999986
0.973243750033332
0.973342193733332
0.9734346099999986
0.9735216890666654
0.9736035692999987
0.9736790853999987
0.973750803633332
0.9738158413666653
0.973939694733332
0.9741656549666653
0.9743826561666653
0.9745692524666653
0.9747382293999985
0.9749010476333319
0.9750394965999986
0.9751643255666652
0.9752859373333319
0.9753883897333319
0.9754801317333318
0.9755708207666651
0.9756451159666651
0.9758270695666651
0.976076068266665
0.9762839123333317
0.9765245576333317
0.9766798661333317
0.9768087494999984
0.9769662174333318
0.9770995344999984
0.9771980508666651
0.9772837592666651
0.9773909463999985
0.9774679323999984
0.9775426131999984
0.977605998066665
0.977754704866665
0.977817718566665
0.9779202375999984
0.9781141407999984
0.978312698766665
0.9784632436333317
0.9786073909333317
0.9787291180999984
0.9788379345666651
0.9789649823666651
0.9790530178666651
0.9791314738333318
0.9792074623999985
0.9792709687666651
0.9794495174999984
0.9796221884999984
0.9798572266999984
0.9799993383999984
0.9801308557333318
0.9802596559999984
0.9803830883999984
0.9804824457333318
0.9805795796666651
0.9807112690999984
0.9807912831999984
0.9808614945333317
0.9809302336999984
0.9810193925666651
0.9810759244333318
0.9811277917666651
0.9812422919999985
0.9812858538666651
0.9813753468999984
0.9815119298333317
0.9816713815999983
0.981779212666665
0.9818873848333317
0.981978449866665
0.9820538912333318
0.982120631266665
0.9821930625999984
0.982264516466665
0.9824363641333317
0.9826019698999984
0.982762503066665
0.982917445966665
0.9830678051999983
0.9832134199666649
0.9833531341999983
0.9834887915333316
0.9836186456333316
0.983744079066665
0.9838639211333317
0.9839792887999983
0.9840887396999983
0.9841941315333317
0.9842939309999984
0.984389470366665
0.9844797815333317
0.984564997266665
0.984646275066665
0.9847224329999984
0.9847944107666651
0.9848620115666651
0.984924346466665
0.9849831220999984
0.9850370918666651
0.9850873646999985
0.9851338169333318
0.9851764003666651
0.9852159028333317
0.9852511992999984
0.9853399626999984
0.9854575601333316
0.9855498880999983
0.9856384761333317
0.9857064766333317
0.9857625262666649
0.9858161601333316
0.9858640692333316
0.9859840107333315
0.9861750377333315
0.9863281983999982
0.9864522669333315
0.9865640339999983
0.9866565413666649
0.9867407270999983
0.9868185286333316
0.9868894583333316
0.986949739166665
0.9870042715333316
0.9870550105333316
0.9871245012333315
0.9871667642999982
0.9872054005333315
0.9872405933999981
0.9872787620666648
0.9873073855999981
0.9873593352666648
0.9874530842333314
0.9875334796666648
0.9876034790333315
0.9876674765999981
0.9877215023666648
0.9877688232999982
0.9878122047999982
0.9878479856999982
0.9879868626666649
0.9881197994999983
0.9882480129333316
0.9883712756999983
0.988490141866665
0.9886047407999983
0.9887139062666649
0.9888195000333315
0.9889199357333315
0.9890163568666648
0.9891078612666648
0.9891954151333315
0.9892777999999982
0.9893564994999982
0.9894306054999982
0.9895010394999981
0.9895670015666648
0.9896287075333314
0.9896872559999981
0.9897415724333314
0.9897924423666647
0.9898398943666648
0.9898830330666648
0.9899235108333315
0.9899601388666649
0.9899939307999982
0.9900248141333315
0.9900529885999982
0.9900787066999982
0.9901014246999982
0.9901720018333315
0.9902418608333315
0.9902876057333315
0.9903272616999982
0.9903666639333315
0.9903959910666649
0.9905052777666649
0.9906063139333315
0.9906902937666648
0.9907660455666648
0.9908335610333314
0.9908969573333314
0.9909634431666647
0.9910155436333314
0.9910918914666648
0.9911373949666648
0.9911977986999981
0.9912372262333314
0.9912994387333315
0.9913327409666648
0.9913687093999981
0.9913962969666648
0.9914247197333315
0.9914474263333315
0.9914777420999982
0.9914976924999982
0.9915278343333316
0.9915793925999983
0.9916252028333317
0.9916636636999984
0.991696900066665
0.991726374966665
0.9917505786333317
0.9918234029999984
0.991934915866665
0.992020844466665
0.992096620766665
0.9921648286333317
0.9922317370333317
0.9922849359999983
0.9923332459333317
0.992376316666665
0.9924207637333317
0.9924560561999983
0.9924871891333317
0.9925158075999984
0.9925444996999984
0.9925676091333318
0.9925881114333317
0.9926066174999983
0.992625468666665
0.992639857066665
0.992663930466665
0.9927193499999983
0.9927513246333317
0.9927787499333317
0.9928035032333317
0.9928231496999983
0.9929211947999983
0.9930140409999983
0.993102871666665
0.9931877722333317
0.9932688071333317
0.9933463868333317
0.9934194371333317
0.9934896839333317
0.9935558332333317
0.9936187097999984
0.9936777472666651
0.9937336887666651
0.9937856421999984
0.9938346226666651
0.9938803568999984
0.9939233232333318
0.9939629602333317
0.9939995325666651
0.9940339579333317
0.9940653878999984
0.9940944326666651
0.9941212082999984
0.9941450213333317
0.9941671799999984
0.9941867812999984
0.9942045682333317
0.994220561466665
0.9942350421999984
0.9942479244999983
0.994259093266665
0.994275745366665
0.994305643766665
0.9943287943999983
0.9943536835333316
0.9943744128999983
0.994448807366665
0.9945121728333316
0.9945662261333316
0.9946139768333315
0.9946889958333315
0.9947332222999982
0.9947636291333315
0.9947934392999982
0.9948193874333315
0.9948555236999982
0.9948774091999982
0.9948953309666649
0.994911447766665
0.9949338602333316
0.994946583866665
0.9949580431333317
0.9949750357333317
0.9949837369333316
0.994995011866665
0.9950140460999983
0.9950301633666649
0.995043229066665
0.9950838069333316
0.9951429208333317
0.9951937625999984
0.9952380552666651
0.9952791236999984
0.9953119732666651
0.9953411605333318
0.9953665083666651
0.9953911514333318
0.9954110368666651
0.9954280950333317
0.9954435395999984
0.9954581361333318
0.9954699480999984
0.9954802844999985
0.9954895215999985
0.9954983832999985
0.9955052168333318
0.9955131930333319
0.9955265208999985
0.9955372503333318
0.9955937138333318
0.9956443559999985
0.9956837919333318
0.9957181217999984
0.9957473297999984
0.9957739241999983
0.9957946247999984
0.9958139521333317
0.995831295566665
0.9958587989666651
0.9958731848666651
0.9958965313999985
0.9959080581666652
0.9959217541999985
0.9959306319666652
0.9959405074999985
0.9959475550333319
0.9959564697999985
0.9959619602999985
0.9959679215333318
0.9959781785999985
0.9960366669333318
0.9960911931999985
0.9961427639666651
0.9961916723333318
0.9962376449999985
0.9962812263333318
0.9963215758333318
0.9963600627666651
0.9963957923333318
0.9964292616333318
0.9964602117999984
0.9964891277333318
0.996515477666665
0.9965398321666651
0.9965623187999985
0.9965830881666651
0.9966018292333317
0.996618780166665
0.9966345631666651
0.9966486407333318
0.9966614142666651
0.9966729838666651
0.9966829546999985
0.9966921214666651
0.9966999703999984
0.996706916466665
0.9967130243333316
0.9967185016999983
0.996723191866665
0.9967271504333317
0.996730602666665
0.9967551095999984
0.996789087266665
0.9968088922999984
0.996826047366665
0.9968408334333317
0.9968515963333318
0.9968606327333318
0.9968685937999985
0.9968764690999985
0.9968822190333319
0.9968871624333319
0.9968915345999986
0.9968974167666652
0.9969004813666652
0.9969410962333318
0.9969764605333318
0.9970028026999984
0.9970214753666651
0.9970341809666651
0.9970456794333318
0.9970563155999984
0.9970646079999984
0.9970789316333317
0.997085374966665
0.9970936281333317
0.997099209566665
0.9971048442333317
0.9971085562999984
0.997112508766665
0.997115240366665
0.9971594283666649
0.9972002788333316
0.9972386800999983
0.9972749594333317
0.9973087779333316
0.9973406732999983
0.997369936866665
0.9973977328999983
0.997423344866665
0.9974471481999982
0.9974689830666649
0.9974892293999982
0.9975074931999982
0.9975241908999982
0.9975395221333315
0.9975535533333315
0.9975660640999982
0.9975772601999982
0.9975876271999982
0.9975967589999981
0.9976049662666647
0.9976123300999981
0.9976185702666647
0.9976242714666647
0.9976290685666647
0.9976332562333313
0.997636896199998
0.997640146099998
0.997642871199998
0.9976451391666646
0.9976590301333313
0.997678780299998
0.997694270199998
0.9977074615666647
0.9977184940333313
0.9977263931333313
0.997734523199998
0.9977401977333313
0.997745130799998
0.9977491497666647
0.9977525228666647
0.9977554868666647
0.9977581277999981
0.997760720899998
0.9977989199666647
0.9978340810666647
0.9978670305666647
0.9978981001666647
0.9979269367666647
0.9979540625333313
0.997978833599998
0.9980023124999979
0.998023863599998
0.9980438111333313
0.998062033399998
0.9980788642666647
0.9980939679333314
0.9981076979999981
0.9981202694333314
0.9981317203333314
0.9981418674666648
0.9981508986333314
0.9981592376666647
0.9981665357666647
0.9981730630333314
0.9981788911333315
0.9981837869333314
0.9981882457999981
0.9981919637333314
0.9981951864333314
0.9981979710999981
0.9982004522666648
0.9982025100333314
0.9982042103999981
0.9982269665999981
0.9982528063666648
0.9982715142999982
0.9982874344333315
0.9982996942666648
0.9983079964666648
0.9983155840999981
0.9983221858333314
0.9983287924999981
0.9983339905666647
0.9983379328999981
0.998341337899998
0.998346588499998
0.9983490198333314
0.9983511835333313
0.9983532762999979
0.998354746199998
0.9983668441333313
0.9983725923666646
0.9983765936666646
0.9983820405666647
0.998384745999998
0.998388050799998
0.998390033499998
0.998393480799998
0.9983947880333314
0.9984159075333314
0.9984350547666647
0.9984531447666647
0.9984696521333314
0.9984848350666647
0.9984987721666647
0.9985114256333314
0.9985226897333314
0.9985329411333314
0.998542195399998
0.998550563199998
0.9985579796333314
0.9985644615333313
0.9985704214666646
0.9985756332666647
0.9985802176333314
0.9985842805666647
0.998587681799998
0.9985907339666646
0.9985932436666647
0.9985954165999981
0.9985972591666648
0.9985988960666647
0.9986002432999981
0.9986013340999981
0.9986295727333314
0.9986553339333314
0.9986793197666647
0.998701851699998
0.9987225761666647
0.9987419673999981
0.9987595045666647
0.9987760554333314
0.9987911283333314
0.9988049620333314
0.9988174922666647
0.9988289729999981
0.998839165299998
0.9988483209999981
0.9988566577666648
0.9988641771333314
0.9988707555333314
0.9988765446333314
0.9988818600333315
0.9988864501333314
0.9988905145666648
0.9988941075666647
0.9988970717666648
0.9988997542666648
0.9989019495333314
0.9989038245666648
0.9989054253666648
0.9989068461333315
0.9989079977999982
0.9989089355999982
0.9989184680333315
0.9989262671999982
0.9989324827666649
0.9989366351666649
0.9989399209333315
0.9989427117999982
0.9989445437333315
0.9989460527999982
0.9989473609333315
0.9989484095333314
0.9989494480333314
0.9989735970333314
0.9989955258999981
0.9990158761333314
0.9990349570666648
0.9990524251333315
0.9990687251666648
0.9990833930999982
0.9990972058999982
0.9991097346999982
0.9991211832333315
0.9991315079333315
0.9991409287333315
0.9991492459999981
0.9991566711666647
0.9991634135666647
0.9991694640666647
0.9991747224666647
0.9991793230666647
0.9991835352333314
0.9991871476333314
0.9991903299666647
0.9991931288333313
0.9991954164333313
0.9991974799666646
0.999199152399998
0.9992005700333313
0.999201772899998
0.999202838599998
0.9992036921333314
0.9992043820666647
0.9992240874333314
0.9992350501666647
0.999243739599998
0.9992534199999981
0.9992589698666647
0.9992630662666647
0.9992671144666647
0.9992695800333313
0.9992713862333313
0.999273500799998
0.999274776899998
0.9992765319666647
0.999277452899998
0.9992786704999981
0.9992792742999981
0.9992829123666648
0.9992887686333315
0.9992933438999981
0.9992971180666648
0.9993000893666648
0.9993023802333315
0.9993043118333315
0.9993058595666648
0.9993070744999982
0.9993080677999983
0.9993089223666649
0.9993096142333315
0.9993101417333315
0.9993250488999982
0.9993347500666648
0.9993426017999981
0.9993509799333314
0.9993543628666648
0.9993579126666647
0.9993609382999981
0.9993628601333314
0.9993642430333314
0.9993653732333314
0.9993661579333314
0.9993668430333313
0.9993675332666647
0.999367963599998
0.9993854362666647
0.9994011522999979
0.9994156383666646
0.9994291704999979
0.9994414387333312
0.9994528235333312
0.9994629631999978
0.9994724695666645
0.9994810215333312
0.9994887656999979
0.9994956874999978
0.9995019496333312
0.9995074155333311
0.9995122325333311
0.9995165826999978
0.9995204456666644
0.9995237571999978
0.9995266199999977
0.9995292261333311
0.9995314295999977
0.9995333504666644
0.9995350222666644
0.9995363624999977
0.9995375636999977
0.999538517933331
0.9995393141333311
0.9995399812666644
0.9995405703666644
0.9995410306333311
0.9995413970666644
0.9995437013333311
0.9995472318999978
0.9995494167999979
0.9995513153666645
0.9995526748333312
0.9995537326666646
0.9995545540666646
0.9995552108333313
0.999555769299998
0.999556209899998
0.9995566083333314
0.9995679412666647
0.9995818206666647
0.9995886631333314
0.9995938886666648
0.9995977836999981
0.9996009065666648
0.9996031505999982
0.9996048589999982
0.9996061410333316
0.9996070499999983
0.9996076414999983
0.9996081339333316
0.9996085681333315
0.9996091794666648
0.9996094482333315
0.9996151622333316
0.9996221489666649
0.9996276375333316
0.9996313275333316
0.9996346416666649
0.9996367480999983
0.9996386158666649
0.9996401634999983
0.9996415862999983
0.999642719466665
0.9996436148666651
0.9996444076666651
0.9996450267666651
0.9996455796999985
0.9996460023666651
0.9996463745999985
0.9996466607333319
0.9996468850666652
0.9996482120999985
0.9996497759666653
0.999650930433332
0.9996518637999986
0.9996526269333319
0.9996531652333319
0.9996535900999985
0.9996539476999986
0.9996542208999986
0.9996544253666653
0.9996615394666652
0.9996677905666652
0.9996736183333319
0.9996788055666652
0.9996834473999986
0.9996875634666652
0.9996912326999985
0.9996943881333318
0.9996971305999984
0.9996995825999985
0.9997017302333318
0.9997035441999984
0.9997050832333317
0.9997064742333317
0.9997076319999983
0.999708624766665
0.999709477166665
0.9997101456333317
0.9997107378999984
0.9997111962333317
0.999711572066665
0.9997118808999984
0.9997121526333317
0.999712358666665
0.9997125190333316
0.9997203806333316
0.9997259045666649
0.9997300818666649
0.9997333685333316
0.9997358036333316
0.9997379825999982
0.9997393370333316
0.9997409303333317
0.999741940966665
0.9997431597333317
0.999743901766665
0.9997444138333317
0.9997448256999983
0.9997451622333317
0.9997454313999983
0.9997456631999982
0.9997458796333316
0.9997460149666649
0.9997471670333316
0.9997478196666649
0.9997481962666649
0.9997484254333315
0.9997486700666649
0.9997488174999982
0.9997558395333316
0.9997623514999983
0.9997676557666649
0.9997729874333317
0.9997763601333316
0.9997789888666649
0.9997809084999982
0.9997826254333315
0.9997841146333315
0.9997851597333315
0.9997861001999981
0.9997869772333314
0.9997875373999981
0.9997879885999982
0.9997883698333315
0.9997886600666649
0.9997888975666649
0.9997890886666649
0.9997892565333316
0.9997894300333316
0.9997895259333317
0.9997943266333317
0.9997984977333316
0.9998023685333316
0.999805783766665
0.9998088096999983
0.9998114640999983
0.999813811266665
0.999815804966665
0.9998175110333317
0.9998190298333317
0.9998203448999984
0.9998214378999983
0.999822354266665
0.999823177666665
0.9998238518333317
0.999824423966665
0.9998249096999984
0.9998252822999983
0.999825610566665
0.999825859066665
0.999826059166665
0.999826221566665
0.9998263641333317
0.9998264691333317
0.9998265496333317
0.9998269702999985
0.9998275615999984
0.9998280166333318
0.9998283418999985
0.9998285794999985
0.9998287588999984
0.9998289051333318
0.9998290103333318
0.9998290868999985
0.9998309523333319
0.9998336902333319
0.9998353079333319
0.9998366447333319
0.9998374321333319
0.9998381092333318
0.9998386466333318
0.9998391157333317
0.9998394874333317
0.9998397674999984
0.9998400120666651
0.9998401946333317
0.9998403481333318
0.9998404651333318
0.9998405676333318
0.9998406419666652
0.9998406985333319
0.9998442373999986
0.9998493744666653
0.999851919733332
0.999854007133332
0.9998557729999986
0.9998569795999986
0.9998580409666653
0.9998589466999986
0.9998595612666653
0.9998601104666653
0.999860553633332
0.9998609271333321
0.9998612414666654
0.9998615052333321
0.999861713133332
0.9998618678666654
0.9998619904666655
0.9998620891999987
0.9998621757333321
0.9998622447999989
0.9998622923999989
0.9998625975666656
0.999862819699999
0.999862975499999
0.9998630908666657
0.9998631812999991
0.9998632445999991
0.9998632899999991
0.9998683266333324
0.999872695499999
0.9998766209666656
0.9998802419999989
0.9998834029999989
0.9998862772333322
0.9998887381333322
0.9998910085999989
0.9998929893333323
0.9998947215999989
0.9998962188333322
0.9998975300999989
0.9998986261333322
0.9998995443333323
0.9999003581333323
0.9999010522333324
0.9999016167333323
0.9999020830666656
0.9999024990333323
0.999902832099999
0.9999031112666656
0.9999033448666657
0.9999035187333323
0.999903670999999
0.9999037830333324
0.999903870999999
0.9999039413333324
0.9999040029333324
0.9999040465666658
0.9999040794333325
0.9999050487333325
0.9999061134666658
0.9999065856333325
0.9999069839999991
0.9999072356999991
0.9999074423666657
0.9999075739999991
0.9999076698666658
0.9999077292999992
0.9999077812999991
0.9999078177999992
0.9999078451333325
0.9999079560666658
0.9999081060333325
0.9999082102999991
0.9999082850999991
0.9999083435333324
0.9999083830333324
0.999908410799999
0.9999102268666658
0.9999117530666658
0.9999127482999991
0.9999133102999991
0.9999137836999991
0.9999140910666657
0.9999143635999991
0.9999145835666657
0.9999147623999991
0.9999149106666657
0.9999150756666657
0.9999151701999991
0.9999152611666657
0.9999153228999991
0.9999153647333324
0.9999154013333325
0.9999154304999991
0.9999154494333324
0.9999188701999991
0.9999218043666658
0.9999244202333324
0.9999268248666657
0.999928899199999
0.9999307738999991
0.999932359499999
0.999933815499999
0.999935073899999
0.9999361625999991
0.9999370939999991
0.9999379015999991
0.9999385676666658
0.9999391167999991
0.9999396009666658
0.9999400087333324
0.9999403349666658
0.9999406007333325
0.9999408363999991
0.9999410219666658
0.9999411756333325
0.9999413026999991
0.9999413950999991
0.9999414754999991
0.9999415332666658
0.9999415777666658
0.9999416128333325
0.9999416435333325
0.9999416645999991
0.9999416802333324
0.9999417484333324
0.9999417950666657
0.999941830799999
0.9999418542666656
0.9999418720666656
0.9999438210666656
0.9999450054666655
0.9999458633333322
0.9999464931333323
0.999946914999999
0.9999471141666657
0.9999472902999991
0.9999474277666658
0.9999476208999991
0.9999477138666658
0.9999477717999992
0.9999478190666659
0.9999478511666658
0.9999478774999991
0.9999478989999991
0.9999479163333325
0.9999479269666658
0.9999492742333325
0.9999504030333325
0.9999514358666658
0.9999523221666657
0.9999530825333324
0.9999537283666657
0.9999542836666657
0.9999547369666657
0.9999551062666657
0.9999554304333323
0.9999557007999991
0.9999559145333324
0.9999560866666658
0.9999562385999992
0.9999563567666658
0.9999564536666659
0.9999565330666659
0.9999565898333326
0.9999566389666659
0.9999566735999992
0.9999566999333325
0.9999567204333325
0.9999567383333325
0.9999567503333325
0.9999567591333325
0.9999567810999992
0.9999568109666659
0.9999568331999992
0.9999568480999992
0.9999568576666659
0.9999571043666658
0.9999572760999992
0.9999574124999991
0.9999575120666658
0.9999575916333325
0.9999576526999991
0.9999576886333325
0.9999577135666657
0.9999577367999991
0.9999577511333324
0.9999577635999991
0.9999577718333325
0.9999577777666658
0.9999596433333325
0.9999612156999992
0.9999626006333325
0.9999638672666659
0.9999649396666659
0.9999658997666658
0.9999666964666658
0.9999674227666658
0.9999680414999992
0.9999685677666659
0.9999690108999992
0.9999693891333326
0.9999696946999992
0.9999699402666659
0.9999701551333325
0.9999703325999992
0.9999704709666659
0.9999705812666659
0.9999706781999993
0.9999707525333327
0.9999708129333327
0.999970861966666
0.9999708963333326
0.9999709259666659
0.999970946466666
0.999970961766666
0.9999709735999993
0.9999709839333326
0.9999709906999993
0.9999709955666659
0.9999710053666659
0.9999710195333326
0.9999710282333326
0.9999710343999992
0.9999725480999992
0.9999738162333326
0.9999749285666659
0.9999759441999992
0.9999767985333325
0.9999775609999992
0.9999781895333326
0.9999787610999993
0.999979245666666
0.999979655366666
0.9999799984999993
0.9999802898333326
0.999980523466666
0.9999807096333326
0.999980872066666
0.9999810053333327
0.9999811083333326
0.9999811897999993
0.9999812611999993
0.999981315466666
0.999981359266666
0.9999813945999994
0.9999814190999994
0.9999814401333327
0.9999814544999993
0.9999814651333326
0.999981473266666
0.999981480366666
0.9999814849333327
0.9999814881999994
0.9999815934333328
0.9999816366666662
0.9999816691999995
0.9999816874333328
0.9999817030666661
0.9999817156666662
0.9999817233999995
0.9999817292999995
0.9999817337999996
0.9999817364999996
0.9999817413666662
0.9999817471666662
0.9999817508666662
0.9999822866999996
0.9999827239666662
0.9999831201333329
0.9999834534666663
0.999983732833333
0.9999839648999996
0.9999841602666663
0.999984315233333
0.9999844370666663
0.9999845429666663
0.9999846289666663
0.9999846945666663
0.9999847457999996
0.999984790533333
0.999984824033333
0.999984850833333
0.999984872233333
0.9999848867666663
0.9999848991999997
0.9999849074999997
0.9999849135666663
0.9999849181666663
0.9999849221999997
0.9999849246999997
0.9999849264666664
0.9999855725333331
0.9999860479999998
0.9999864617999998
0.9999867071666665
0.9999868778333332
0.9999869701666665
0.9999870442999998
0.9999870881333331
0.9999871263333331
0.9999871564999998
0.9999871745666665
0.9999871912999999
0.9999872016999999
0.9999872086333332
0.9999872141999999
0.9999872179666666
0.9999872212666666
0.9999872239333333
0.9999872253666666
0.9999872270333333
0.9999872291999999
0.9999874179666666
0.9999876770999999
0.9999878548
0.9999879447333333
0.9999880181999999
0.9999880754999999
0.9999881078333333
0.9999881357333332
0.9999881562666666
0.9999881725333333
0.9999881853666666
0.9999881943333332
0.9999882015999999
0.9999882063666665
0.9999882097666665
0.9999882122999998
0.9999882145333331
0.9999882159666664
0.9999882169333331
0.9999885473666664
0.9999888133333331
0.9999890531333331
0.9999892528333331
0.9999894181333331
0.9999895539333331
0.9999896669666665
0.9999897552999998
0.9999898234666664
0.9999898823999998
0.9999899295999998
0.9999899649333331
0.9999899920999998
0.9999900156666665
0.9999900329999998
0.9999900466666665
0.9999900574666665
0.9999900645999998
0.9999900706666665
0.9999900745999998
0.9999900774333331
0.9999900795333331
0.9999900813666665
0.9999900824666664
0.999990083233333
0.9999900838666664
0.9999901034999997
0.9999901305999997
0.9999901480999998
0.9999901604666664
0.9999901692999997
0.9999901748666664
0.9999901793333331
0.9999901821666665
0.9999901841666664
0.9999901855999997
0.9999901868333331
0.9999901875666664
0.9999901880666664
0.9999906936999997
0.999991104133333
0.9999914564666663
0.9999917755999996
0.9999920349999997
0.999992262733333
0.9999924440999997
0.9999926069999997
0.9999927416333331
0.9999928519999998
0.9999929418333331
0.9999930160333331
0.9999930733333331
0.9999931168999998
0.9999931544666665
0.9999931841999998
0.9999932061333332
0.9999932228333333
0.9999932372333332
0.9999932476666665
0.9999932558333332
0.9999932621999998
0.9999932662999999
0.9999932697666665
0.9999932719666664
0.9999932735333331
0.9999932746666664
0.9999932756999997
0.9999932762999998
0.9999932766999998
0.9999933804666665
0.9999934165999999
0.9999934310333332
0.9999934433666665
0.9999934486999998
0.9999934515999999
0.9999934538333332
0.9999934550999998
0.9999934560666665
0.9999934568666664
0.999993457533333
0.999993457833333
0.9999938597666663
0.9999941838666663
0.999994460833333
0.999994711333333
0.9999949134999996
0.9999950903666662
0.9999952301999996
0.9999953554999996
0.9999954584666663
0.9999955423666662
0.9999956102666662
0.9999956659999995
0.9999957086999994
0.9999957408333328
0.9999957684999994
0.9999957901999994
0.999995806066666
0.9999958180333327
0.9999958283333327
0.9999958356999994
0.9999958414333328
0.9999958458666661
0.9999958487333328
0.9999958511333328
0.9999958526333328
0.9999958536666661
0.9999958543999994
0.9999958550666661
0.9999958554666661
0.9999958557333328
0.9999958644333329
0.9999958750333329
0.9999958820666662
0.9999958868666662
0.9999958890666661
0.9999958903999995
0.9999958914999995
0.9999958921333328
0.9999958926666662
0.9999958929999996
0.9999958931999996
0.9999960890999996
0.9999961850999995
0.9999962485999996
0.9999962902999996
0.9999963144999996
0.9999963347666663
0.9999963509999996
0.999996359533333
0.9999963678999997
0.9999963730999997
0.9999963761666664
0.9999963781666664
0.9999963797999998
0.9999963808333331
0.999996381533333
0.9999963820333331
0.9999963824999998
0.9999963827333331
0.9999963829333331
0.9999964382666665
0.9999964742666665
0.9999964814999999
0.9999964840666665
0.9999964854333332
0.9999964862666665
0.9999964869999998
0.9999964875999998
0.9999964879333332
0.9999964882333332
0.9999964883666665
0.9999965193999999
0.9999965433999999
0.9999965611999999
0.9999965739333332
0.9999965802333332
0.9999965855333331
0.9999965892333331
0.9999965920333331
0.9999965941999998
0.9999965955666664
0.9999965966666664
0.9999965973333331
0.9999965977999998
0.9999965981333332
0.9999965984333332
0.9999965985999999
0.9999965986999999
0.9999966024333332
0.9999966048999999
0.9999966063666665
0.9999966074333332
0.9999966078333332
0.9999966080999999
0.9999966083333333
0.9999966084666666
0.9999966085333333
0.9999968063333333
0.9999969626
0.9999970943000001
0.9999972129000001
0.9999973065000001
0.9999973875333334
0.9999974502000001
0.9999975059000001
0.9999975509666668
0.9999975869333334
0.9999976155333334
0.9999976385666668
0.9999976558333334
0.9999976684333335
0.9999976791666668
0.9999976874000002
0.9999976932666669
0.9999976975666669
0.9999977012666669
0.9999977038333335
0.9999977057666669
0.9999977072333336
0.9999977081333336
0.9999977089000002
0.9999977093333335
0.9999977096666669
0.9999977099000003
0.9999977101000003
0.9999977102000003
0.999997710266667
0.9999977812000003
0.9999978358333336
0.9999978843666669
0.9999979235000003
0.9999979546333336
0.9999979793000003
0.9999979991333336
0.9999980139000003
0.9999980246333336
0.9999980338000003
0.9999980408000003
0.9999980457333336
0.9999980493333336
0.9999980524000003
0.9999980545333336
0.9999980561666669
0.9999980574000003
0.9999980581333335
0.9999980587666668
0.9999980591333335
0.9999980593666669
0.9999980595333335
0.9999980597000002
0.9999980598000002
0.9999980598666669
0.9999981815666669
0.9999982733666669
0.9999983354000003
0.9999983776000003
0.9999984045000003
0.9999984215000003
0.9999984306333336
0.9999984384000002
0.9999984443333336
0.999998448466667
0.9999984515000003
0.999998454066667
0.9999984558333337
0.999998457166667
0.999998458166667
0.999998458766667
0.9999984592666671
0.9999984595666671
0.9999984597666671
0.9999984599000005
0.9999984600000005
0.9999984600666671
0.9999984601000005
0.9999984612000005
0.9999984625666671
0.9999984630666672
0.9999984633666672
0.9999984635000005
0.9999984636333339
0.9999984636666672
0.9999984637000006
0.9999985344666672
0.9999985676666672
0.9999985878666672
0.9999986004000005
0.9999986069666672
0.9999986091000005
0.9999986103333338
0.9999986110333338
0.9999986113666671
0.9999986114666671
0.9999986115333338
0.9999986116333338
0.9999986117000005
0.9999986117333338
0.9999986393666671
0.9999986613000005
0.9999986727000005
0.9999986784000006
0.9999986809000005
0.9999986826666672
0.999998684633334
0.9999986856666673
0.9999986862000007
0.999998686533334
0.999998686833334
0.9999986869666674
0.9999986871000007
0.9999986872000007
0.9999986872333341
0.9999986872666674
0.9999986873000007
0.9999987817000008
0.9999988547333342
0.9999989154333342
0.9999989698333341
0.9999990117666675
0.9999990477000008
0.9999990748333342
0.9999990987666675
0.9999991178000008
0.9999991327000008
0.9999991443000008
0.9999991535000008
0.9999991602000008
0.9999991649333341
0.9999991689333341
0.9999991719333341
0.9999991740000007
0.9999991754666674
0.9999991767000007
0.999999177533334
0.9999991781666674
0.9999991786333341
0.9999991789000008
0.9999991791000008
0.9999991792333341
0.9999991793000008
0.9999991793333342
0.9999991794000008
0.9999991794333342
0.9999991794333342
0.9999991798333342
0.9999991802666676
0.9999991805333343
0.9999991806666676
0.9999991807333343
0.9999991808000009
0.9999991808333343
0.9999991808666676
0.999999180900001
0.9999991854333343
0.9999991881666677
0.999999189300001
0.9999991902333343
0.9999991905333343
0.9999991906666676
0.9999991907666677
0.9999991908333343
0.9999991908666677
0.999999190900001
0.9999991909333343
0.9999991909333343
0.9999992145666676
0.999999232200001
0.9999992477000009
0.9999992599000009
0.9999992693666676
0.9999992766666677
0.999999282400001
0.9999992865333344
0.999999289400001
0.9999992918333344
0.9999992936333344
0.9999992948666677
0.9999992957333343
0.9999992964333343
0.9999992969333343
0.999999297300001
0.9999992975666677
0.9999992977000011
0.9999992978333344
0.9999992979000011
0.9999992979333344
0.9999992979666678
0.9999992980000011
0.9999992980333344
0.9999992980333344
0.9999993547333345
0.9999993979333345
0.9999994334666678
0.9999994652333344
0.9999994893333344
0.9999995098333344
0.9999995251000011
0.9999995384666678
0.9999995490000011
0.9999995571000011
0.9999995633333344
0.999999568200001
0.999999571700001
0.9999995741333343
0.9999995761666676
0.9999995776666676
0.9999995786666676
0.9999995793666675
0.9999995799666676
0.9999995803333342
0.9999995806333343
0.9999995808333343
0.9999995809666676
0.9999995810666676
0.999999581100001
0.9999995811333343
0.9999995811333343
0.9999995811666677
0.9999995811666677
0.9999995811666677
0.9999995812666677
0.999999581300001
0.999999581300001
0.999999581300001
0.999999581300001
0.9999996054666677
0.9999996208666677
0.9999996322000011
0.9999996415333344
0.9999996474666678
0.9999996510000011
0.9999996535000011
0.9999996549333344
0.9999996559666677
0.9999996564666678
0.9999996568666678
0.9999996571333345
0.9999996573000012
0.9999996574333345
0.9999996575333345
0.9999996576000012
0.9999996576333345
0.9999996576666679
0.9999996576666679
0.9999996577000012
0.9999996577000012
0.9999996577333345
0.9999996589333345
0.9999996603333345
0.9999996608000012
0.9999996611666679
0.9999996614333346
0.9999996616333346
0.9999996617333347
0.9999996618000013
0.999999661866668
0.9999996619000013
0.9999996619000013
0.9999996619333347
0.9999996619333347
0.9999996619333347
0.9999996619333347
0.999999680266668
0.9999996876333346
0.9999996919666679
0.9999996945000013
0.9999996957333346
0.9999996960666679
0.999999696366668
0.9999996965333346
0.9999996966333347
0.9999996967000013
0.9999996967333347
0.9999996967333347
0.9999996967333347
0.9999996967333347
0.9999996967333347
0.999999696766668
0.999999696766668
0.9999996968000013
0.9999996968333347
0.999999696866668
0.999999696866668
0.999999696866668
0.999999696866668
0.999999696866668
0.9999997226000014
0.9999997417666681
0.9999997573000013
0.9999997711333347
0.999999781366668
0.999999789966668
0.9999997962000013
0.9999998016333347
0.9999998058333347
0.9999998090000014
0.9999998114000014
0.9999998132000014
0.9999998144666681
0.9999998153333347
0.999999816066668
0.9999998166000014
0.9999998169333347
0.9999998171666681
0.9999998173333348
0.9999998174333348
0.9999998175333348
0.9999998176000015
0.9999998176333348
0.9999998176666681
0.9999998176666681
0.9999998176666681
0.9999998176666681
0.9999998176666681
0.9999998176666681
0.9999998176666681
0.9999998203666681
0.9999998223000015
0.9999998230333348
0.9999998236333348
0.9999998239333349
0.9999998241333349
0.9999998243000016
0.9999998244000016
0.9999998244666682
0.9999998245000016
0.9999998245000016
0.9999998245333349
0.9999998245333349
0.9999998245666682
0.9999998246000016
0.9999998246000016
0.9999998246000016
0.9999998248000016
0.999999824933335
0.999999825033335
0.9999998251000016
0.999999825133335
0.9999998251666683
0.9999998251666683
0.9999998251666683
0.9999998251666683
0.9999998251666683
0.9999998251666683
0.9999998251666683
0.9999998251666683
0.9999998251666683
0.9999998251666683
0.9999998251666683
0.9999998251666683
0.9999998361000016
0.999999843933335
0.9999998486666684
0.9999998516000017
0.9999998532666684
0.9999998542000017
0.9999998546000017
0.9999998549666684
0.9999998552000018
0.9999998553666685
0.9999998554666685
0.9999998555666685
0.9999998556000018
0.9999998556333352
0.9999998556666685
0.9999998556666685
0.9999998557000018
0.9999998557000018
0.9999998557000018
0.9999998557000018
0.9999998557000018
0.9999998557000018
0.9999998557000018
0.9999998597666685
0.9999998626666685
0.9999998651666685
0.9999998670666685
0.9999998684666686
0.9999998695000019
0.9999998703000018
0.9999998708333352
0.9999998712000019
0.9999998714666686
0.9999998716666686
0.9999998718000019
0.999999871900002
0.9999998719666686
0.999999872000002
0.9999998720333353
0.9999998720333353
0.9999998720666686
0.9999998720666686
0.9999998720666686
0.9999998720666686
0.9999998720666686
0.9999998720666686
0.9999998720666686
0.9999998720666686
0.9999998833666687
0.9999998916333354
0.999999898200002
0.9999999040333354
0.9999999082333354
0.9999999117333354
0.999999914200002
0.9999999163333353
0.9999999179333353
0.9999999191333353
0.9999999200000019
0.9999999206333353
0.999999921100002
0.9999999213666687
0.9999999216333354
0.9999999218333354
0.9999999219333354
0.9999999220000021
0.9999999220333354
0.9999999221000021
0.9999999221333354
0.9999999221666688
0.9999999221666688
0.9999999221666688
0.9999999222000021
0.9999999222000021
0.9999999222000021
0.9999999222000021
0.9999999222000021
0.9999999222000021
0.9999999222000021
0.9999999222000021
0.9999999222000021
0.9999999222000021
0.9999999222000021
0.9999999307666688
0.9999999369333354
0.9999999418333354
0.9999999462000021
0.9999999493000021
0.9999999518666688
0.9999999536666688
0.9999999552333355
0.9999999564000022
0.9999999572666688
0.9999999579000022
0.9999999583666689
0.9999999587000022
0.9999999589000023
0.9999999590666689
0.999999959166669
0.999999959266669
0.9999999593000023
0.9999999593333356
0.999999959366669
0.999999959366669
0.9999999594000023
0.9999999594000023
0.9999999594000023
0.9999999594000023
0.9999999594000023
0.9999999594000023
0.9999999594000023
0.9999999594000023
0.9999999594000023
0.9999999601666689
0.9999999606000023
0.999999960866669
0.9999999610000023
0.9999999610333357
0.999999961066669
0.999999961066669
0.999999961066669
0.9999999611000023
0.9999999611000023
0.9999999611000023
0.9999999611000023
0.9999999611000023
0.9999999611000023
0.9999999611000023
0.9999999657333357
0.9999999689666691
0.9999999708666691
0.9999999720000025
0.9999999726000025
0.9999999729333359
0.9999999730666692
0.9999999731666692
0.9999999732333359
0.9999999733000026
0.9999999733333359
0.9999999733666692
0.9999999733666692
0.9999999734000026
0.9999999734000026
0.9999999734333359
0.9999999734333359
0.9999999734333359
0.9999999734333359
0.9999999734333359
0.9999999734333359
0.9999999734333359
0.9999999734333359
0.9999999734333359
0.9999999734333359
0.9999999734333359
0.9999999734333359
0.9999999734333359
0.9999999734666692
0.9999999735000026
0.9999999735000026
0.9999999735000026
0.9999999735000026
0.9999999735000026
0.9999999735000026
0.9999999735000026
0.9999999735000026
0.9999999735000026
0.9999999735000026
0.9999999735000026
0.9999999737000026
0.9999999737666693
0.9999999738333359
0.9999999738666693
0.9999999739000026
0.9999999739000026
0.9999999739000026
0.999999973933336
0.999999973933336
0.999999973933336
0.999999973933336
0.999999973933336
0.999999973933336
0.999999973933336
0.999999973933336
0.999999973933336
0.9999999757000027
0.9999999767000026
0.9999999770000026
0.999999977133336
0.9999999772000027
0.9999999772666693
0.9999999773000027
0.9999999773000027
0.999999977333336
0.999999977333336
0.999999977333336
0.999999977333336
0.999999977333336
0.999999977333336
0.999999977333336
0.999999977333336
0.999999977333336
0.999999977333336
0.999999977333336
0.999999977333336
0.999999977333336
0.999999977333336
0.9999999777666694
0.9999999780000027
0.9999999781333361
0.9999999781666694
0.9999999781666694
0.9999999782000027
0.9999999782000027
0.9999999782000027
0.9999999782000027
0.9999999782000027
0.9999999782000027
0.9999999782000027
0.9999999782000027
0.9999999782000027
0.9999999782000027
0.9999999782000027
0.9999999782000027
0.9999999782000027
0.9999999782000027
0.9999999782000027
0.9999999782000027
0.9999999782000027
0.9999999782000027
0.9999999782000027
0.9999999782000027
0.9999999782000027
0.9999999802000028
0.9999999816000028
0.9999999826666695
0.9999999836000028
0.9999999842333361
0.9999999847666695
0.9999999851333362
0.9999999854000029
0.9999999856333363
0.9999999857666696
0.9999999858666696
0.9999999859333363
0.9999999859666696
0.999999986000003
0.9999999860333363
0.9999999860666696
0.9999999860666696
0.9999999860666696
0.9999999860666696
0.9999999860666696
0.9999999860666696
0.9999999860666696
0.9999999860666696
0.9999999860666696
0.9999999860666696
0.9999999860666696
0.9999999860666696
0.9999999860666696
0.9999999860666696
0.9999999860666696
0.9999999860666696
0.9999999860666696
0.9999999875333363
0.9999999885333363
0.9999999893333362
0.9999999900333362
0.9999999905000029
0.9999999908666696
0.9999999911000029
0.9999999913000029
0.9999999914666696
0.9999999915666696
0.9999999916333363
0.9999999916666696
0.999999991700003
0.999999991700003
0.9999999917333363
0.9999999917666696
0.9999999917666696
0.999999991800003
0.999999991800003
0.999999991800003
0.999999991800003
0.999999991800003
0.999999991800003
0.999999991800003
0.999999991800003
0.999999991800003
0.999999991800003
0.999999991800003
0.999999991800003
0.999999991800003
0.9999999921333363
0.9999999923333364
0.9999999925333364
0.9999999926666697
0.9999999927666697
0.9999999928333364
0.9999999929000031
0.9999999929333364
0.9999999929666697
0.9999999929666697
0.9999999929666697
0.9999999929666697
0.9999999929666697
0.9999999929666697
0.9999999929666697
0.9999999929666697
0.9999999929666697
0.9999999929666697
0.9999999929666697
0.9999999929666697
0.9999999929666697
0.9999999929666697
0.9999999929666697
0.9999999929666697
0.9999999929666697
0.9999999929666697
0.9999999929666697
0.9999999929666697
0.9999999929666697
0.9999999929666697
0.9999999929666697
0.9999999929666697
0.9999999929666697
0.9999999929666697
0.9999999929666697
0.9999999937666697
0.9999999943000031
0.9999999947333365
0.9999999951000031
0.9999999953333365
0.9999999955333365
0.9999999956666699
0.9999999957666699
0.9999999958333365
0.9999999959000032
0.9999999959333365
0.9999999959666699
0.9999999960000032
0.9999999960000032
0.9999999960000032
0.9999999960000032
0.9999999960000032
0.9999999960000032
0.9999999960000032
0.9999999960000032
0.9999999960000032
0.9999999960000032
0.9999999960000032
0.9999999960000032
0.9999999960000032
0.9999999960000032
0.9999999960000032
0.9999999960000032
0.9999999960000032
0.9999999960000032
0.9999999960000032
0.9999999960000032
0.9999999960000032
0.9999999960000032
0.9999999960000032
0.9999999960000032
0.9999999960000032
0.9999999960000032
0.9999999960000032
0.9999999960000032
0.9999999960000032
0.9999999965666699
0.99999999696667
0.99999999726667
0.9999999975333367
0.9999999977000034
0.9999999978333367
0.9999999979333367
0.9999999980000034
0.9999999980333367
0.9999999980666701
0.9999999981000034
0.9999999981333367
0.9999999981666701
0.9999999981666701
0.9999999981666701
0.9999999981666701
0.9999999981666701
0.9999999981666701
0.9999999981666701
0.9999999981666701
0.9999999981666701
0.9999999981666701
0.9999999981666701
0.9999999981666701
0.9999999981666701
0.9999999981666701
0.9999999981666701
0.9999999981666701
0.9999999981666701
0.9999999981666701
0.9999999981666701
0.9999999981666701
0.9999999981666701
0.9999999981666701
0.9999999981666701
0.9999999981666701
0.9999999981666701
0.9999999981666701
0.9999999981666701
0.9999999984666701
0.9999999986666701
0.9999999987666701
0.9999999988000035
0.9999999988333368
0.9999999988333368
0.9999999988666701
0.9999999988666701
0.9999999988666701
0.9999999988666701
0.9999999988666701
0.9999999988666701
0.9999999988666701
0.9999999988666701
0.9999999988666701
0.9999999988666701
0.9999999988666701
0.9999999988666701
0.9999999988666701
0.9999999988666701
0.9999999988666701
0.9999999988666701
0.9999999988666701
0.9999999989333368
0.9999999989666701
0.9999999990333368
0.9999999990666701
0.9999999990666701
0.9999999990666701
0.9999999991000035
0.9999999991000035
0.9999999991000035
0.9999999991000035
0.9999999991000035
0.9999999991000035
0.9999999991000035
0.9999999991000035
0.9999999991000035
0.9999999991000035
0.9999999991000035
0.9999999991000035
0.9999999991000035
0.9999999991000035
0.9999999991000035
0.9999999991000035
0.9999999991000035
0.9999999991000035
0.9999999991000035
0.9999999991333368
0.9999999991333368
0.9999999991333368
0.9999999991333368
0.9999999991333368
0.9999999991333368
0.9999999991333368
0.9999999991333368
0.9999999991333368
0.9999999991333368
0.9999999991333368
0.9999999991333368
0.9999999991333368
0.9999999991333368
0.9999999991333368
0.9999999991333368
0.9999999991333368
0.9999999991333368
0.9999999991333368
0.9999999991333368
0.9999999991333368
0.9999999991333368
0.9999999991333368
0.9999999991333368
0.9999999991333368
0.9999999991333368
0.9999999991333368
0.9999999991333368
0.9999999991333368
0.9999999991333368
0.9999999991333368
0.9999999991333368
0.9999999991333368
0.9999999991333368
0.9999999991333368
0.9999999991333368
0.9999999991333368
0.9999999991333368
0.9999999991666702
0.9999999991666702
0.9999999992000035
0.9999999992000035
0.9999999992333368
0.9999999992333368
0.9999999992333368
0.9999999992333368
0.9999999992333368
0.9999999992333368
0.9999999992333368
0.9999999992333368
0.9999999992333368
0.9999999992333368
0.9999999992333368
0.9999999992333368
0.9999999992333368
0.9999999992333368
0.9999999992333368
0.9999999992333368
0.9999999992333368
0.9999999992333368
0.9999999992333368
0.9999999992333368
0.9999999992333368
0.9999999993000035
0.9999999993333368
0.9999999993333368
0.9999999993666702
0.9999999993666702
0.9999999993666702
0.9999999993666702
0.9999999993666702
0.9999999993666702
0.9999999993666702
0.9999999993666702
0.9999999993666702
0.9999999993666702
0.9999999993666702
0.9999999993666702
0.9999999993666702
0.9999999993666702
0.9999999993666702
0.9999999993666702
0.9999999993666702
0.9999999993666702
0.9999999993666702
0.9999999993666702
0.9999999993666702
0.9999999993666702
0.9999999993666702
0.9999999993666702
0.9999999993666702
0.9999999994000035
0.9999999994000035
0.9999999994000035
0.9999999994000035
0.9999999994000035
0.9999999994000035
0.9999999994000035
0.9999999994000035
0.9999999994000035
0.9999999994000035
0.9999999994000035
0.9999999994000035
0.9999999994000035
0.9999999994000035
0.9999999994000035
0.9999999994000035
0.9999999994000035
0.9999999994000035
0.9999999994000035
0.9999999994000035
0.9999999994000035
0.9999999994000035
0.9999999994000035
0.9999999994000035
0.9999999994000035
0.9999999994666702
0.9999999995333368
0.9999999995666702
0.9999999996000035
0.9999999996333369
0.9999999996666702
0.9999999997000035
0.9999999997000035
0.9999999997000035
0.9999999997333369
0.9999999997333369
0.9999999997333369
0.9999999997333369
0.9999999997333369
0.9999999997333369
0.9999999997333369
0.9999999997333369
0.9999999997333369
0.9999999997333369
0.9999999997333369
0.9999999997333369
0.9999999997333369
0.9999999997333369
0.9999999997333369
0.9999999997333369
0.9999999997333369
0.9999999997333369
0.9999999997333369
0.9999999997333369
0.9999999997333369
0.9999999997333369
0.9999999997333369
0.9999999997333369
0.9999999997333369
0.9999999997333369
0.9999999997333369
0.9999999997333369
0.9999999997333369
0.9999999997333369
0.9999999997333369
0.9999999997333369
0.9999999997333369
0.9999999997333369
0.9999999997333369
0.9999999997333369
0.9999999997333369
0.9999999997333369
0.9999999997333369
0.9999999997333369
0.9999999997333369
0.9999999997333369
0.9999999997666702
0.9999999997666702
0.9999999997666702
0.9999999997666702
0.9999999997666702
0.9999999997666702
0.9999999997666702
0.9999999997666702
0.9999999997666702
0.9999999997666702
0.9999999997666702
0.9999999997666702
0.9999999997666702
0.9999999997666702
0.9999999997666702
0.9999999997666702
0.9999999997666702
0.9999999997666702
0.9999999997666702
0.9999999997666702
0.9999999997666702
0.9999999997666702
0.9999999997666702
0.9999999998000035
0.9999999998000035
0.9999999998000035
0.9999999998333369
0.9999999998333369
0.9999999998333369
0.9999999998333369
0.9999999998333369
0.9999999998333369
0.9999999998333369
0.9999999998333369
0.9999999998333369
0.9999999998333369
0.9999999998333369
0.9999999998333369
0.9999999998333369
0.9999999998333369
0.9999999998333369
0.9999999998333369
0.9999999998333369
0.9999999998333369
0.9999999998333369
0.9999999998333369
0.9999999998333369
0.9999999998333369
0.9999999998333369
0.9999999998333369
0.9999999998333369
0.9999999998333369
0.9999999998333369
0.9999999998333369
0.9999999998333369
0.9999999998333369
0.9999999998333369
0.9999999998333369
0.9999999998333369
0.9999999998333369
0.9999999998333369
0.9999999998333369
0.9999999998333369
0.9999999998333369
0.9999999998333369
0.9999999998333369
0.9999999998333369
0.9999999998333369
0.9999999998333369
0.9999999998333369
0.9999999998333369
0.9999999998333369
0.9999999998333369
0.9999999998333369
0.9999999998333369
0.9999999998333369
0.9999999998333369
0.9999999998333369
0.9999999998333369
0.9999999998333369
0.9999999998333369
0.9999999998333369
0.9999999998333369
0.9999999998333369
0.9999999998333369
0.9999999998333369
0.9999999998333369
0.9999999998333369
0.9999999998333369
0.9999999998333369
0.9999999998333369
0.9999999998333369
0.9999999998333369
0.9999999998333369
0.9999999998333369
0.9999999998333369
0.9999999998333369
0.9999999998333369
0.9999999998333369
0.9999999998333369
0.9999999998333369
0.9999999998333369
0.9999999998333369
0.9999999998333369
0.9999999998333369
0.9999999998333369
0.9999999998333369
0.9999999998333369
0.9999999998333369
0.9999999998333369
0.9999999998333369
0.9999999998333369
0.9999999998333369
0.9999999998333369
0.9999999998333369
0.9999999998333369
0.9999999998333369
0.9999999998333369
0.9999999998333369
0.9999999998333369
0.9999999998333369
0.9999999998333369
0.9999999998333369
0.9999999998333369
0.9999999998333369
0.9999999998333369
0.9999999998333369
0.9999999998333369
0.9999999998333369
0.9999999998333369
0.9999999998333369
0.9999999998333369
0.9999999998333369
0.9999999998333369
0.9999999998333369
0.9999999998333369
0.9999999998333369
0.9999999998333369
0.9999999998333369
0.9999999998333369
0.9999999998333369
0.9999999998333369
0.9999999998333369
0.9999999998333369
0.9999999998333369
0.9999999998333369
0.9999999998333369
0.9999999998333369
0.9999999998333369
0.9999999998333369
0.9999999998333369
0.9999999998333369
0.9999999998333369
0.9999999998333369
0.9999999998333369
0.9999999998333369
0.9999999998333369
0.9999999998333369
0.9999999998333369
0.9999999998333369
0.9999999998333369
0.9999999998333369
0.9999999998333369
0.9999999998333369
