0.009332989766666666
7.557653333333333e-05
8.444186666666666e-05
9.399656666666667e-05
0.00010933226666666666
0.00012563656666666668
0.00013652880000000002
0.00016181633333333336
0.00018835183333333331
0.00021519273333333333
0.00023434673333333332
0.00026121566666666667
0.00031630346666666666
0.0003323507333333334
0.00035884986666666666
0.0004317012
0.0004960271666666667
0.0005412146666666667
0.0006061595
0.0006701689333333333
0.0007476695333333333
0.0009754060666666666
0.0009735803666666667
0.0012298345666666667
0.0012545251
0.0015469122333333335
0.0015948094000000001
0.0019861179
0.002095609866666667
0.002451018466666667
0.0026284139
0.00020496336666666666
0.000241042
0.0002787107333333333
0.0003176536333333333
0.0003476499666666667
0.0005353732333333334
0.00046185403333333337
0.0004934008
0.0007213193
0.0006366966000000001
0.0007257422666666666
0.0010356131333333332
0.0008886548
0.0009859712333333333
0.0014124017666666663
0.0014347461
0.0014109152999999999
0.0021949461999999998
0.001783918
0.0022191876666666664
0.0027408244
0.0027730010333333333
0.0028404794333333335
0.004017795266666667
0.0034771461
0.00016497866666666667
0.00021197390000000002
0.0002665937333333333
0.0003585429333333333
0.0004472706666666667
0.0005867188999999999
0.0006925561333333333
0.0008111007333333333
0.0011516367
0.0014312468
0.0011213287333333333
0.0012437661666666667
0.0013850504666666665
0.0027418999
0.0017445929666666667
0.002208597633333333
0.0021585719
0.0035221630333333327
0.0031514617666666667
0.0032671396333333333
0.003239274633333333
0.005066628700000001
0.004122823833333333
0.0005308622666666666
0.00037579076666666665
0.00048810926666666664
0.0005360219666666667
0.0006950267333333334
0.0007555356
0.0009590565666666666
0.0018992413333333332
0.001309154
0.0014481282666666667
0.002092498466666667
0.0029412718
0.0019816015
0.0035536553666666664
0.0023920044000000002
0.0029883072
0.005251036466666667
0.0035067993
0.0033466649333333334
0.0049979375
0.004466926566666666
0.00026128223333333334
0.0002984137
0.00037507349999999997
0.0004342439
0.0006150847
0.0011121065999999998
0.0007885580333333332
0.0009450140333333334
0.0010822329666666667
0.0016738144666666665
0.0014544510333333335
0.0016014408333333333
0.0017632862666666668
0.002786102033333333
0.0021283565333333333
0.004829641
0.0024992109666666664
0.0034754897
0.003444671666666667
0.003538145266666667
0.003229934066666667
0.007223760066666667
0.004856183333333333
0.0005534653
0.0006850707333333333
0.0008683154333333332
0.0014310287666666666
0.0011816953666666666
0.0025574256999999997
0.0015593788
0.0017064118666666667
0.0024819944666666666
0.0021937013333333333
0.005025593966666667
0.0024994128999999998
0.0048645933333333335
0.004465466033333334
0.0034140785666666664
0.0029623729333333334
0.0062932798
0.005786278833333334
0.00032872969999999996
0.0003731513666666667
0.0005358316666666667
0.0009537170666666666
0.0007463651000000001
0.0009350190666666667
0.0017563207999999999
0.0015183071333333333
0.0012584755666666667
0.0016265979333333334
0.0017666648
0.0023465013333333336
0.004699881599999999
0.0021889415
0.0024148174666666663
0.0038671913000000004
0.004523708666666667
0.003187526166666667
0.002612437033333333
0.006816639
0.0025198014666666666
0.0005794099666666667
0.0007992675333333333
0.0009893038666666666
0.0010853866333333333
0.001313773
0.0016594026666666667
0.0017867573333333333
0.0032196534666666665
0.0036243575
0.0021270275000000003
0.0022684847999999997
0.004041967633333333
0.007954089066666666
0.0029053036333333334
0.0022357329
0.004044784633333334
0.0029372388666666664
0.0004375183
0.0006929204333333334
0.0008440583666666667
0.0010318064333333333
0.0019898679
0.0013490139333333334
0.0023257521666666665
0.0016616464
0.0017719789333333334
0.0026774220333333335
0.0020215075333333333
0.0033974236
0.002082276233333333
0.005437034866666667
0.0028900185
0.0026043169333333335
0.0018714622333333333
0.0047775984
0.002165708466666667
0.0005769104
0.0010421508666666668
0.0008810309333333333
0.0020310431
0.0010632020666666668
0.0027853466999999995
0.0018143786333333332
0.0021344171666666666
0.0016375791333333334
0.002198912733333333
0.003605323666666667
0.003036284833333333
0.0018855293666666666
0.006276702633333333
0.0018752941666666666
0.004642131833333333
0.0035404409333333335
0.002812122433333334
0.0015428241
0.0064194976999999995
0.002609353766666667
0.0004387871666666667
0.0004920779333333333
0.0006063870999999999
0.0011650166666666666
0.0009105069333333333
0.0010842175666666667
0.0012763260000000002
0.0019125239333333333
0.0014466525333333333
0.0015916532
0.002228869
0.002979066766666667
0.0017310341999999999
0.004086280933333334
0.0016629565
0.0021868752
0.002729858633333333
0.0026305514
0.0012599686000000002
0.0049876433
0.0010107977333333334
0.0009328426333333333
0.0010956305333333332
0.002010346933333333
0.001528329
0.0022499025333333335
0.0037995579
0.0015682069999999998
0.005003608066666666
0.0014566862999999999
0.0048924107000000005
0.002475409166666666
0.0010239762666666666
0.003860209366666667
0.0033852430999999996
0.0005371837333333333
0.0006550501333333333
0.0007304484333333333
0.0016288791000000002
0.0009484290666666666
0.0010982614333333333
0.0019608519
0.0021039647666666666
0.0013759447666666668
0.0014519001333333334
0.0022624921333333336
0.0014833664000000002
0.002743255633333333
0.0014051923
0.004040186066666667
0.0012641001666666668
0.0025310314666666667
0.0023048073333333335
0.0023450263666666667
0.0008306810333333334
0.0032635054
0.0006240644666666666
0.0009576894999999999
0.0010929616666666667
0.0020790611666666667
0.0021875645
0.0013663498
0.0022591500666666667
0.0038925257666666668
0.001248047
0.0010895340666666668
0.0024156312333333332
0.004442152600000001
0.0022196943333333335
0.0006736665999999999
0.0043817390333333334
0.0004896426333333334
0.0005731703999999999
0.0006905683999999999
0.0009610743999999999
0.0010805997666666666
0.0022577212
0.0025457962
0.0012752434666666666
0.002240493566666667
0.004015518633333334
0.0011008787666666668
0.0009347431
0.0037865430333333338
0.0021792463000000002
0.0020953129666666666
0.0005462322
0.0047101242666666675
0.0017559504
0.0009590553333333334
0.0010620471333333333
0.0011293882333333334
0.0022848138
0.0011816600666666667
0.0021762996
0.0025255031666666663
0.0009661094666666667
0.0007996363
0.0021508720333333333
0.0019415207
0.00044243656666666665
0.0017440644
0.0009882835666666667
0.0004977497666666667
0.0006004282333333333
0.0007137770666666667
0.0008386311333333334
0.0009521185333333334
0.0010381642333333334
0.0011324996666666665
0.0011309962999999999
0.0011286354333333334
0.0021901221666666667
0.0010881591666666668
0.0020625425333333333
0.0010016884999999999
0.0023726031999999997
0.0008448043333333333
0.0021824637333333332
0.0006829471
0.0019668185666666667
0.0005108259666666667
0.0017544782666666667
0.00035747313333333333
0.0015587218333333332
0.0002291133
0.0008377520666666666
0.0009407577
0.0010097877333333333
0.0024799269333333333
0.0024678791333333336
0.0009967797333333334
0.0019161394333333333
0.0023326467666666666
0.0007370164
0.0034019662333333333
0.0005827816
0.0031197677999999997
0.001770197
0.0015672496333333332
0.0002876478666666667
0.002621323666666667
0.0010639451333333333
0.0005200652666666667
0.0006194293999999999
0.0007256749
0.0008335179333333333
0.0009254676666666667
0.0009777192333333333
0.0010311652
0.0009858211666666666
0.0009090650666666666
0.0008608197666666666
0.0007975816666666666
0.0019769295333333333
0.0006421082333333334
0.0017673874999999998
0.000497024
0.0015559734333333334
0.00034931743333333333
0.0013531439333333332
0.00023017673333333333
0.0011751107
0.00013189593333333332
0.0012385866666666666
0.0014242244333333334
0.0014583645333333334
0.002858977333333333
0.0013194602666666666
0.0025775190000000003
0.0024506244333333334
0.0010267976666666666
0.0045083322
0.0008763156666666668
0.0017768129333333332
0.002421268066666667
0.0015715792666666669
0.0006024509
0.0024426565
0.0014632924
0.0011789333333333332
0.0013727010999999999
0.0014393358
0.0014537658666666667
0.0014599228666666668
0.0012608650666666664
0.0011243965
0.0009640844000000001
0.0008188589666666667
0.0026920476666666667
0.0017052570333333334
0.0013818281666666667
0.0005615394333333333
0.0021155479666666666
0.00046877039999999995
0.0013196959
0.0014470409666666665
0.0014421875333333334
0.0014264804666666668
0.0013246758
0.0012020068666666666
0.002303047533333333
0.0009047962333333333
0.0007646917666666667
0.0006938426666666666
0.0016001981666666665
0.0012078473333333333
0.0005231624666666667
0.0018859582666666667
0.0004392909666666667
0.0006349659333333334
0.0013530107999999998
0.0014138551333333332
0.0014469971666666666
0.0014224655333333332
0.0013852535333333331
0.0012700145666666668
0.0011389621666666667
0.0009947325666666666
0.0008427283666666667
0.0007071848666666667
0.0005751618333333334
0.0005217184666666667
0.0004805414
0.0009120494333333333
0.0004048804
0.0014431748666666666
0.0013998062333333333
0.0010797394
0.0019707092
0.0007867976666666667
0.0006560062000000001
0.002314149566666667
0.0004443643
0.0010167493333333333
0.0011853316333333334
0.0007053189666666667
0.0014296973
0.0014353789333333333
0.0014187337999999998
0.0013739126
0.0012982522333333335
0.0012276352
0.0011627243999999999
0.0010214007
0.0009493079333333334
0.0008747762333333333
0.0011930685333333335
0.0007315654666666667
0.0018671269666666666
0.0006049341333333333
0.0012661249666666666
0.0004865870666666666
0.0007955587666666666
0.0004070468666666667
0.0014892657666666668
0.0005847087666666668
0.0007194640333333333
0.0014298498
0.0014153069333333332
0.0013354648000000002
0.0012980896333333334
0.0011673045
0.0010985476666666666
0.0009542103333333334
0.0008813889666666667
0.0008075432
0.0011103582333333334
0.0006687791333333333
0.0016415459333333333
0.0005469556
0.0008408721000000001
0.0009786800666666668
0.0007244211666666666
0.0003637853333333333
0.0010630289333333335
0.0003086699
0.0007130750000000001
0.0013855759333333334
0.0012893042333333334
0.0011808286333333333
0.0011032244666666668
0.0009682859666666666
0.0008866123
0.0008138639333333334
0.0007413040666666667
0.0006077131333333333
0.0008876526666666667
0.0004915392
0.0013175104333333332
0.00038880873333333333
0.0006576374333333334
0.0003236324
0.0007674072
0.0005334283666666666
0.0013497833333333334
0.0012380402666666665
0.0011840599666666667
0.0010364299
0.0008180434
0.0007457280333333334
0.0016249839
0.0005464524666666667
0.00043633423333333337
0.0006939678333333333
0.0017060627
0.0005922996
0.00028347189999999997
0.0010487160333333334
0.00023988923333333333
0.0006550916666666666
0.0012533797666666666
0.0011858632333333334
0.0011255430333333334
0.0010537357333333336
0.0009732282333333333
0.0008989863333333334
0.0008343536
0.0007560392666666666
0.0006848155666666667
0.0006157695333333333
0.0008736665999999999
0.0004934829666666667
0.0007396729333333333
0.0003899166
0.0006308924666666667
0.0003037529666666667
0.0005366795333333334
0.0002513878
0.00046933576666666665
0.00021245633333333332
0.0011158404666666668
0.0012770177
0.0006785568
0.0009386580666666667
0.0004275556333333333
0.0003321445666666667
0.0014088191
0.0007689152333333333
0.0007044157666666666
0.00021028946666666666
0.0010022421666666668
0.00053963766
0.0005218215
0.0009750341666666666
0.0008999438333333334
0.0008214228333333334
0.0007489501666666667
0.0006872603666666666
0.0006157798333333333
0.0005492500666666666
0.00048641043333333335
0.0007179591666666667
0.00037961706666666666
0.0005972410666666666
0.0002924618333333334
0.0005042732666666667
0.00022445873333333332
0.0004266163333333333
0.00018471883333333333
0.00037126899333333335
0.00015534378333333335
0.00045144849999999997
0.0007493031333333333
0.0005492231666666666
0.0004848801666666666
0.0006436502666666667
0.00032519436666666665
0.0002455190666666667
0.0004437776333333333
0.00037324189999999994
0.00015048520000000002
0.0003226438166666667
0.0002808162266666667
0.0003758458
0.0010401381
0.0009422063666666667
0.0004865824666666666
0.0007224619666666667
0.0003692073666666667
0.0002777279
0.0007097583666666668
0.0002061952
0.0003920488
0.0003469317
0.0005205519666666666
0.0001237148
0.0005456914766666667
0.0002612280133333333
0.0003032319666666667
0.0005409504
0.0008095803666666666
0.0004271704
0.0003694707
0.0005851919333333332
0.0005131150666666666
0.00023359276666666667
0.0006230181666666666
0.00016971626666666665
0.00034384830000000005
0.0002769526
0.0002868688333333333
9.840562666666667e-05
0.0003503226366666667
7.929169333333333e-05
0.00037146989999999996
0.0003169146999999999
0.0005101475666666667
0.0009129696999999999
0.00019212606666666666
0.000135491
0.0006434332666666667
0.0004410249666666667
0.00024784666666666667
7.467830666666666e-05
0.0007667604766666667
5.870886166666667e-05
0.0003266033
0.0005274013333333333
0.0006875988333333334
0.00016051906666666665
0.0008748618333333334
0.00011034046666666667
0.0005072489333333333
0.00036827390333333334
5.8269816666666666e-05
0.00038438499233333333
0.00028083925766666666
0.00013947406666666665
0.00023117270000000002
0.00018970576666666668
0.00035574520000000004
0.00012859136666666665
0.00028012236666666665
8.548396666666667e-05
0.0002289086
5.7784433333333335e-05
0.00018891063333333335
4.279057666666667e-05
0.00015778845733333333
3.2091635000000005e-05
9.3441e-05
0.0003487714666666667
0.0003066998
9.5678e-05
0.0003862823
5.947166666666667e-05
0.00019438516666666668
0.00013981686
0.00016001248666666667
2.6280519999999998e-05
0.00019679520433333334
1.8668386999999997e-05
5.78109e-05
0.0007594673666666668
6.970963333333333e-05
0.0003534592666666667
4.013196666666667e-05
0.00037159743333333334
0.00013600612666666664
0.00024697914333333336
1.541517666666667e-05
0.0002378816843333333
0.00010786080333333334
0.00047772163333333333
0.00020494633333333333
0.0001621283333333333
0.0003487452
0.00048499066666666667
0.00023195998666666667
0.00011262998033333333
0.00030877430699999996
0.00018978831126666666
1.8611433333333333e-05
0.00015899033333333334
1.8319333333333336e-05
0.00013025010666666665
9.008493333333333e-06
0.00010840629000000001
5.368627333333333e-06
8.87023704e-05
3.273165133333333e-06
0.00012704433333333333
0.0004699627866666667
0.00029123102
0.00026290242066666673
9.002643833333333e-05
0.00027552684726666666
7.735558913333334e-05
3.5419333333333333e-06
0.00010517263666666665
2.5301366666666665e-06
8.8312591e-05
1.2601993333333331e-06
7.125623716666667e-05
6.572046e-07
9.465813e-05
0.00028592036366666666
0.00016086674500000002
7.477440066666667e-05
0.00018542235336666669
0.00010683297174999999
0.00013823080533333334
0.00011739543866666668
1.4525e-07
0.00021751785858333333
6.960651587666667e-05
6.801964333333333e-05
6.268930986666666e-05
0.00013175070266333334
5.307767653666667e-05
1.6132033333333335e-08
4.811201849e-05
7.088163333333333e-09
6.466972381666667e-05
0.00011191868080233333
1.88969e-10
0.00031251989999999996
0.0008294575333333333
0.0004138083666666667
0.0005533745333333333
0.0003245126
0.0005132252333333333
0.00034675530000000007
0.0001772087
0.0001313146
0.00020911389999999998
0.00023235926666666668
0.00016691676666666667
7.278909e-05
0.0003115838766666667
5.793831e-05
0.00017286667166666666
7.392386013333332e-05
0.00014178770733333333
3.77856663e-05
0.00014218651658433332
3.4190804106999996e-05
0.0003752409
0.00034161476666666663
0.00029904389999999996
0.00023891366666666666
0.00018402553333333332
0.00013345963333333334
8.454810000000001e-05
6.47295e-05
0.00016719236666666668
0.00017789653333333334
2.4234133333333336e-05
4.795886666666667e-05
6.9991666666666664e-06
0.0002283718
2.0244266666666666e-06
8.410875666666668e-05
3.565e-07
8.205879966666667e-05
3.509008226666667e-05
5.31363335e-05
2.533753333333333e-09
4.0760593587333335e-05
3.4965890197e-05
0.00025536499999999996
0.00040637610000000005
0.0003627902
0.0002798630333333333
0.000237862
0.00017341186666666668
0.00035039166666666667
0.00010533719999999998
8.71591e-05
7.39605e-05
0.00016950673333333336
5.646421333333333e-05
0.00020934600999999997
4.410726699999999e-05
8.921825433333334e-05
0.00010936366743333334
7.197315956666667e-05
2.7347568186666666e-05
6.1729872603e-05
3.7265830795333336e-05
0.0003657404
0.00035444430000000003
0.00034021316666666665
0.00031747249999999997
0.0002977684
0.0002735412
0.00024314463333333336
0.00021489426666666667
0.0001856661
0.00016245946666666665
0.0001337866333333333
0.00011584256666666667
8.961470000000001e-05
7.06715e-05
5.286013333333333e-05
3.702916666666667e-05
2.6796e-05
1.8199433333333334e-05
9.4826e-06
4.6939333333333335e-06
7.174667666666667e-05
1.2391066666666666e-06
5.741497e-05
1.91407e-07
4.620984333333333e-05
9.2109e-09
3.7673747093333334e-05
9.640966666666667e-10
2.60755874249e-05
1.6536866666666666e-11
0.00020376860000000002
0.00031716013333333334
0.00024052149999999998
0.0002932546333333333
0.00018828336666666667
8.377773333333333e-05
8.412433333333333e-05
0.00011566066666666667
4.324651333333333e-05
0.00012994887333333331
3.3051041000000005e-05
0.00012292711866666666
4.182949316666666e-05
5.9207965416666664e-05
1.9391922113333334e-05
4.7633290869833336e-05
4.1185922539066664e-05
0.00031816636666666664
0.00029454473333333334
0.00024994906666666667
0.00044302646666666664
0.00014328833333333334
0.000100354
5.8784566666666666e-05
0.00014779393333333332
0.0001187858
1.3542066666666667e-05
7.812756666666665e-05
2.4691713333333335e-05
7.470199999999999e-07
0.00013985422433333332
1.0087433333333334e-07
8.05691911e-05
3.5566475166666666e-05
6.319234337e-05
3.5720333333333336e-10
8.697308997203333e-05
1.3155613165999998e-06
0.00027341789999999996
0.00020311023333333334
0.0001672445
0.0001150108
6.40335e-05
5.1545333333333336e-05
0.00012113876666666667
3.122367333333333e-05
2.3148660999999997e-05
6.50382883e-05
0.00013096988849
4.357346950666667e-05
1.2659548627e-05
5.814890076455666e-05
9.222102435126668e-06
0.00031417589999999996
0.0002729037333333333
0.0002282087
0.00017362306666666665
0.00012623583333333334
8.673163333333333e-05
4.864366666666666e-05
0.0001074446
9.985199999999999e-06
4.623233333333333e-06
2.0298766666666667e-06
0.00012727173333333333
4.436766666666667e-07
4.3925184666666673e-05
5.2196333333333336e-08
3.994318563333333e-05
1.8103090293333336e-05
2.6687466336666667e-05
1.2891800000000001e-10
1.7757222808870003e-05
1.9845701264766668e-05
0.00011842666666666666
0.000328979
0.00017190170000000001
0.0001387816
0.0002112513
9.191040000000001e-05
7.305023333333333e-05
0.00012656783333333334
4.8178933333333334e-05
3.7973e-05
7.234535333333333e-05
7.519073e-05
2.1730506666666667e-05
7.898341766666666e-05
1.5442758666666665e-05
4.3333105033333336e-05
2.059334272e-05
3.311839189033333e-05
7.675943364333333e-06
2.423159074440333e-05
5.311300651536667e-06
0.0003119898333333333
0.0002949716
0.0002768519333333333
0.00025258430000000003
0.00023195883333333332
0.00020823376666666667
0.00018064386666666668
0.00015596770000000001
0.00013101363333333334
0.0001110583
8.928383333333332e-05
7.475533333333333e-05
5.3862933333333336e-05
4.0035166666666666e-05
2.7732833333333333e-05
1.7707366666666666e-05
1.1719933333333333e-05
7.296633333333333e-06
3.1753633333333333e-06
1.3093666666666667e-06
4.665372333333333e-05
2.5965733333333335e-07
3.6413366999999996e-05
2.6524e-08
2.77890058e-05
6.367733333333334e-10
2.1779169672e-05
4.5337666666666666e-11
1.333110037211e-05
3.32904e-13
0.00024786106666666664
9.398349999999999e-05
5.387899033333333e-05
4.1741081133333334e-05
6.283600927333333e-05
6.405217600566667e-05
2.4866426629033335e-05
3.6003822501315666e-05
3.9315257795398336e-05
0.0002947587666666667
0.00027651743333333335
0.0002577288666666667
0.0002335899
0.0002130353
0.00018992
0.00016347846666666665
0.00014004186666666666
0.0001164778
9.754363333333334e-05
7.772933333333333e-05
6.423846666666666e-05
4.506593333333333e-05
3.27681e-05
2.20836e-05
1.3645933333333334e-05
8.749433333333333e-06
5.284933333333333e-06
2.1575066666666665e-06
8.340000000000001e-07
4.0416923333333335e-05
1.4976633333333334e-07
3.1124978666666664e-05
1.3239600000000001e-08
2.325648593e-05
2.488473333333333e-10
1.796044901233333e-05
1.5541466666666666e-11
1.0514033423805332e-05
8.4836e-14
5.9476366666666665e-05
9.200469999999999e-05
0.0001501369
5.643813333333333e-05
4.3048566666666666e-05
8.42352e-05
2.64677e-05
2.014697e-05
4.5022123333333337e-05
5.0290520000000004e-05
1.0595062666666665e-05
5.104556216666667e-05
7.0808587e-06
2.7013501173333333e-05
1.0184320830666666e-05
2.00868624419e-05
3.0761123466666668e-06
1.3142333377335334e-05
1.9844567089773336e-06
0.0004270918
0.00026444786666666667
0.00019782256666666667
0.00014587523333333332
0.00015720393333333333
5.1194166666666665e-05
6.205085666666667e-05
2.9967583666666664e-05
2.345129293333333e-05
5.141302239333333e-05
2.771052827033333e-05
3.07570852225e-05
1.4046305194566666e-05
2.9793319314546e-05
1.07203000209351e-05
3.4187800000000005e-05
3.8762066666666666e-05
1.5784083333333334e-05
1.133422e-05
3.9020629e-05
5.244363666666667e-06
3.2362472333333335e-06
2.018307848e-05
1.4856450075433333e-05
1.1905063084433333e-06
8.186226676803e-06
3.496433343614e-06
0.00019947120000000002
0.00015781446666666667
0.00013372933333333331
7.479486666666666e-05
4.6961933333333335e-05
6.014403333333334e-05
5.22788e-05
2.7010166666666663e-06
2.6683843333333334e-05
3.25964e-07
7.047844033333334e-05
4.772966666666666e-08
4.388158036666667e-05
3.1291133333333335e-09
4.406106953333333e-05
9.638631667e-06
1.8748705872500002e-05
1.6933966666666666e-12
2.3739858571466534e-05
1.1961767167006667e-07
8.049036666666667e-05
4.757288333333333e-05
5.4063397333333336e-05
2.5120993333333336e-05
1.851923154333333e-05
2.7036113424333334e-05
2.2599171395999998e-05
2.2439273139333332e-05
9.890534291260001e-06
1.4744769874183387e-05
1.4875833714420288e-05
0.00024640886666666664
0.00022620116666666667
0.0002067982
0.0001842509
0.00016447043333333336
0.00014378696666666668
0.00012086193333333333
0.00010096066666666668
8.128023333333333e-05
6.526546666666666e-05
5.047646666666667e-05
3.993816666666667e-05
2.56557e-05
1.7371166666666667e-05
1.0731033333333335e-05
5.981e-06
3.467066666666667e-06
1.9063333333333333e-06
6.351599999999999e-07
2.0007433333333334e-07
2.602485366666667e-05
2.6381100000000002e-08
1.9028378033333337e-05
1.4821800000000001e-09
1.3245832765666668e-05
1.2868300000000001e-11
9.758301958303334e-06
5.3857e-13
4.948166667713977e-06
1.1583333333333332e-15
9.462400000000001e-06
8.169589999999999e-05
5.902176666666667e-06
3.7850233333333333e-06
1.9116948333333334e-05
2.9632579999999997e-05
1.4046009333333333e-06
3.771417725e-05
7.595769000000001e-07
1.2564352359333335e-05
1.5088403694400001e-05
9.068749453823334e-06
2.12605300948e-07
4.89896333381813e-06
1.57288500055141e-06
0.00017017330000000002
0.00026503303333333335
0.0001960127
0.00013997226666666665
9.908450000000001e-05
6.478263333333333e-05
8.460846666666667e-05
3.1476823333333336e-05
2.2957129666666666e-05
1.711568013333333e-05
1.265645684e-05
1.3276171240733334e-05
7.878767303876666e-06
6.6876335004846664e-06
9.491252779898343e-06
1.027606666692572e-05
3.2221400000000003e-06
4.049481133333334e-05
4.258972733333333e-05
5.899289e-07
2.9243631333333336e-07
2.5199712192666665e-05
1.6341699711133335e-05
1.8083541026850002e-05
6.872875894099999e-08
1.796823514409992e-05
3.2131266792491997e-08
0.00021746703333333332
0.00019706653333333333
0.0001780721
0.00015716746666666668
0.00013811293333333333
0.00011921966666666667
9.851730000000001e-05
8.076203333333334e-05
6.343443333333333e-05
4.929546666666667e-05
3.727086666666667e-05
2.8559733333333334e-05
1.7198800000000002e-05
1.1063799999999999e-05
6.4272333333333335e-06
3.3314133333333333e-06
1.7976633333333333e-06
9.2604e-07
2.6694000000000003e-07
7.270266666666667e-08
1.9164199533333332e-05
7.731466666666668e-09
1.343769759e-05
3.15985e-10
8.87893394e-06
1.5886766666666666e-12
6.3279002023603334e-06
5.0641e-14
2.893136666711076e-06
5.5511e-17
2.170927333333333e-05
3.5221938666666666e-05
1.0155384833333333e-05
6.942110132e-06
1.694284862158e-05
3.121471860955667e-06
4.0411515e-06
6.658643107733333e-06
0.00020405713333333334
0.00018380486666666666
0.000165169
0.0001451596
0.00012648463333333335
0.00010847513333333333
8.882713333333334e-05
7.20839e-05
5.587143333333333e-05
4.26557e-05
3.1865033333333334e-05
2.4011633333333332e-05
1.3978633333333334e-05
8.7567e-06
4.9283e-06
2.4607233333333336e-06
1.2794633333333332e-06
6.3749e-07
1.7045066666666665e-07
4.3051666666666665e-08
1.63693507e-05
4.1006333333333334e-09
1.1222056046666667e-05
1.42265e-10
7.215346937e-06
5.392733333333333e-13
5.055866729405334e-06
1.49732e-14
2.19002e-06
0.0
5.273166666666666e-07
4.943219999999999e-07
9.226208566666666e-06
1.52720606e-05
1.1053562e-07
1.3364941576666665e-05
4.6452532e-08
6.5223615513666666e-06
8.630196448506668e-07
4.522856267953667e-06
7.8622747417e-09
2.0185783333333334e-06
3.09709e-09
9.863433333333334e-05
9.139463333333334e-05
5.998106666666667e-05
3.947706666666667e-05
4.966325e-05
1.451917e-05
1.6283326e-05
3.3317932866666665e-05
6.449045766666666e-06
4.248462997333334e-06
1.7815690350100004e-05
4.485296845608666e-06
6.756616685658866e-06
1.7522900043298665e-06
7.0729336476214e-06
3.7869040666666664e-06
8.536366666666667e-08
7.3026677e-06
1.39204459e-05
2.1587003333333333e-08
1.6120399050666668e-05
7.312296333333334e-09
5.241154198246667e-06
6.27805363887e-06
3.577547217021333e-06
8.550756351966667e-10
1.49723435e-06
3.666241866666667e-07
0.0001420302
0.0001238428
0.00015537416666666667
3.16426e-05
1.6775199999999998e-05
3.773543333333333e-05
2.9431613333333337e-05
2.9486433333333333e-07
1.3972689999999999e-05
1.3704925833333333e-05
1.1079333333333334e-09
2.74411e-11
5.904908731593333e-06
4.63137705805e-06
6.3500166722843995e-06
1.2212466666666666e-15
6.323357548725333e-06
0.0
5.822704933333334e-06
3.7049871066666667e-06
1.1764913847666667e-05
2.3129392937333332e-06
8.838767550566666e-06
2.9585350347886003e-06
3.923180833023507e-06
8.5319476564393e-07
1.7664319016666665e-06
2.3420605887199998e-06
0.00016806136666666668
0.00014890726666666668
0.0001316849
0.00011439193333333333
9.68566e-05
8.134913333333334e-05
6.46448e-05
5.073326666666667e-05
3.765056666666667e-05
2.71222e-05
1.950083333333333e-05
1.39394e-05
7.290133333333334e-06
4.202666666666667e-06
2.14288e-06
9.523266666666666e-07
4.407666666666667e-07
1.9815266666666667e-07
4.181666666666667e-08
8.335333333333334e-09
9.997192906666667e-06
5.645433333333333e-10
6.373084683e-06
1.1759833333333334e-11
3.7591341155900003e-06
1.8414900000000002e-14
2.5006466682912935e-06
3.33067e-16
9.130466666666667e-07
0.0
1.4277404979999999e-05
7.72168733e-06
5.4042633418000006e-06
7.98597779147e-06
5.358408432858573e-06
2.538528375710969e-06
3.0109916144666664e-06
1.8813073091e-06
4.4953833333333337e-05
5.404093333333333e-05
3.2298399999999996e-05
1.6916893333333335e-05
1.2595396666666668e-05
7.302773666666666e-06
5.671150666666667e-06
4.3861721999999996e-06
3.419179133333333e-06
2.0611239096666665e-06
6.822216299633334e-06
1.2183582921666668e-06
3.996324257582e-06
7.058000057139334e-07
2.490970000458893e-06
4.00800000088818e-07
9.7412736e-07
1.4674703333333333e-06
2.0035466666666668e-10
5.733304085733334e-06
5.1313756666666666e-11
2.669199972188667e-06
2.1016164885303332e-07
1.7290818133775824e-06
2.382541443e-12
5.946471893666667e-07
4.920066666666666e-13
0.00014743296666666666
0.00012933216666666667
0.00011316756666666667
9.7579e-05
8.080196666666668e-05
6.681533333333334e-05
5.1917966666666667e-05
3.97486e-05
2.857713333333333e-05
1.97301e-05
1.3811033333333332e-05
9.513366666666668e-06
4.612066666666667e-06
2.50873e-06
1.1941033333333334e-06
4.893233333333334e-07
2.0869466666666666e-07
8.740466666666666e-08
1.56101e-08
2.6342133333333334e-09
7.071718516666667e-06
1.4093266666666668e-10
4.280010114966667e-06
2.0577499999999998e-12
2.375563439555667e-06
1.7393500000000002e-15
1.525206666792492e-06
0.0
4.933266666666667e-07
0.0
3.6920608575133333e-06
5.357798556524057e-06
3.93366920950658e-06
1.4737804182653334e-06
1.5949490706063334e-06
9.137160133670999e-07
9.010053333333333e-05
6.044043333333333e-05
1.6743899999999997e-05
7.813933333333333e-06
1.92323e-06
8.836833333333333e-07
8.778496666666668e-06
5.737966666666667e-08
1.8962613333333334e-07
1.4560166666666666e-09
8.54887571e-06
6.9062e-11
3.8706193541e-06
8.4043e-13
4.553436671417667e-06
6.7600666717737e-07
1.1874095666999734e-06
0.0
1.53130632235e-06
4.02e-10
5.3392e-13
1.6628335689596e-06
1.0070508391792298e-07
1.0391966990037667e-06
1.2312366666666667e-14
3.124902379518667e-07
1.7060433333333333e-15
1.41621e-05
1.47924e-05
6.301066666666667e-06
4.277633333333333e-06
1.4690297333333334e-05
5.801152e-06
1.5050146666666668e-06
1.0758393333333335e-06
7.758191833333334e-07
8.318084458e-06
3.98183412e-07
3.10988254113e-06
1.9908700454e-07
1.6289899467448333e-06
3.6880666681469636e-07
9.792143333333334e-07
4.5986333333333335e-08
2.9139905100000003e-07
5.716046333333333e-07
1.3277721079048e-06
3.1676592466903593e-06
1.5892900009140831e-06
6.102633336330937e-07
6.961831334332533e-07
3.9641666669997334e-07
0.0001210236
0.00010465806666666667
9.005476666666666e-05
7.67462e-05
6.11509e-05
4.9245999999999996e-05
3.68707e-05
2.7110266666666667e-05
1.8519466666666668e-05
1.1938266666666665e-05
8.018466666666666e-06
5.211833333333333e-06
2.2411933333333334e-06
1.11307e-06
4.7576e-07
1.71735e-07
6.439266666666667e-08
2.41692e-08
3.315446666666667e-09
4.3021333333333335e-10
4.097400943666666e-06
1.5960566666666666e-11
2.2840841222133334e-06
1.3372266666666665e-13
1.1517333379703665e-06
4.070833333333334e-17
7.004166666666666e-07
0.0
1.8686433333333334e-07
0.0
5.294369999999999e-07
1.6087058240000001e-06
2.1373866666666668e-08
8.274135956806668e-07
3.692031061218567e-07
7.07835e-05
3.2767133333333333e-05
1.0030033333333334e-05
4.232533333333333e-06
1.5704123333333334e-05
5.356753333333333e-06
1.5509666666666665e-08
1.6738248066666668e-06
3.6709966800000003e-06
4.829558764e-06
7.528633333333333e-12
5.210633333333333e-14
1.28987233490985e-06
8.828892600000001e-07
6.732436666666666e-07
0.0
6.388831021649166e-07
0.0
4.670633333333334e-07
3.5441333333333333e-07
3.817667866666667e-07
2.1732916666666667e-07
3.4245333333333334e-06
2.4058233333333335e-06
1.512383e-06
8.340539666666667e-06
2.542269233333333e-06
4.4274543333333337e-07
2.9948810999999996e-07
2.0421730666666666e-07
4.265800565333334e-06
9.338550706666667e-08
1.5352961336153332e-06
4.1486353328466667e-08
7.259318338588399e-07
1.171348e-07
4.187323333333333e-07
7.512333333333334e-09
9.967955823333333e-08
2.3540898666666667e-07
0.0
8.060836666666666e-08
0.0
6.0103000000000004e-05
3.5785100000000004e-05
7.009433333333333e-06
2.7605966666666665e-06
4.719566666666667e-07
3.2433746666666665e-06
6.245833333333333e-09
6.476e-10
6.363333333333334e-11
3.0346270589666664e-06
1.6135166666666665e-12
1.23771626912e-06
7.556933333333333e-15
1.4025176563072682e-06
1.4352533333333333e-07
3.0819089628e-07
0.0
7.16750845197e-08
1.5291166666666668e-11
5.663855306666667e-08
4.641360366666667e-08
9.296336666666666e-05
7.882390000000001e-05
6.610823333333334e-05
5.5323066666666666e-05
4.148333333333333e-05
3.20598e-05
2.27132e-05
1.57447e-05
9.9925e-06
5.830666666666667e-06
3.7021e-06
2.2172866666666667e-06
8.036833333333333e-07
3.510833333333333e-07
1.2897766666666666e-07
3.8947e-08
1.2160233333333333e-08
3.9200333333333335e-09
3.6893333333333333e-10
3.2931100000000005e-11
1.8852055124999998e-06
7.332266666666667e-13
9.348600213348e-07
2.808863333333333e-15
4.1125333338884434e-07
0.0
2.32238e-07
0.0
4.6983333333333334e-08
0.0
0.0
2.7041470000000003e-06
5.214953e-06
4.1141463333333335e-08
1.7896143536666664e-06
3.444949939e-07
4.87886247e-09
1.4251440883414665e-06
1.6305076954733334e-09
3.153192616666667e-07
3.488989666666667e-08
3.434736696666667e-07
1.6193166666666668e-10
1.3180500131333333e-07
4.8176e-11
6.30609e-05
3.166603333333333e-05
1.8943536666666667e-05
7.444027266666667e-06
3.952536056666667e-06
2.7939706828999996e-06
1.7787375158766666e-06
1.3379925528466666e-06
1.989680368921767e-06
7.582760006217233e-07
8.415770736190001e-07
6.899388633333332e-08
1.9356401036946667e-07
2.9202066666666665e-08
4.869456403594334e-08
1.6081647353333333e-08
8.144906666666667e-05
6.8315e-05
5.64578e-05
4.6752399999999996e-05
3.38804e-05
2.5589966666666667e-05
1.759956666666667e-05
1.18247e-05
7.2195333333333335e-06
3.995066666666667e-06
2.465723333333333e-06
1.41503e-06
4.6871333333333334e-07
1.9147199999999998e-07
6.4994e-08
1.7879766666666665e-08
5.069866666666666e-09
1.51086e-09
1.1654e-10
8.541066666666667e-12
1.2529554598200001e-06
1.4595733333333332e-13
5.842766698789133e-07
3.7007333333333334e-16
2.3921433333333333e-07
0.0
1.3008099999999999e-07
0.0
2.2723333333333334e-08
0.0
5.4576666666666664e-08
1.989907133333333e-06
1.186269e-08
6.1424146666666665e-09
2.961820548666667e-07
1.0315000856666667e-09
5.600460969835999e-07
2.9963522204466667e-10
2.9591112466666666e-07
2.4017634666666668e-08
1.12259546e-07
2.217703333333333e-11
1.8987372789999998e-08
5.657533333333333e-12
7.622456666666667e-05
6.356363333333333e-05
5.21189e-05
4.291693333333333e-05
3.05481e-05
2.27976e-05
1.5441466666666668e-05
1.021e-05
6.1115e-06
3.2909e-06
2.00247e-06
1.1243900000000001e-06
3.5563333333333333e-07
1.40386e-07
4.576833333333333e-08
1.2005966666666667e-08
3.2404e-09
9.279e-10
6.462666666666667e-11
4.281066666666667e-12
1.0163776926166668e-06
6.394500000000001e-14
4.5926666788791334e-07
1.3322666666666665e-16
1.8124066666666666e-07
0.0
9.669633333333334e-08
0.0
1.5663266666666666e-08
0.0
1.4451866666666666e-05
9.237156666666666e-06
4.4270333333333335e-06
2.8129773333333336e-06
1.3423706666666668e-06
4.618619e-07
3.209896326666667e-07
6.1070035228e-07
1.0718387764366668e-06
1.03265042133e-07
4.6673333414749663e-08
1.8912784333333334e-07
6.610762301956667e-08
9.664113333333334e-08
8.7209e-09
1.865984965159733e-08
4.7567133333333335e-09
1.5600834666666667e-06
4.880924410149e-07
2.6358133471107564e-07
3.4240117873700737e-07
3.7806910700000005e-08
7.285255803333332e-08
2.09395e-12
1.2678769557022332e-08
4.457e-13
1.9100499999999998e-05
1.2638e-05
8.1545e-06
4.735866666666667e-06
2.4456033333333334e-06
1.1035216666666666e-05
7.911933333333334e-07
2.3316699999999999e-07
3.640654666666667e-06
2.6778766666666667e-08
6.5331e-09
8.4824171e-07
4.406766666666667e-10
2.62484e-11
1.6703748952333331e-07
7.380003370166667e-07
1.8129933333333333e-14
3.38214466947923e-07
2.9605933333333334e-17
1.1855266666666666e-07
1.72783e-09
6.145666666666666e-08
0.0
8.8963184e-09
0.0
6.672166666666665e-05
5.495223333333334e-05
4.430646666666667e-05
3.60493e-05
2.47151e-05
1.7988966666666667e-05
1.1808533333333334e-05
7.556633333333333e-06
4.3441000000000005e-06
2.2116566666666667e-06
1.30803e-06
7.025e-07
2.02132e-07
7.440166666666666e-08
2.2338733333333332e-08
5.317966666666667e-09
1.29735e-09
3.4260333333333333e-10
1.9353233333333335e-11
1.0421733333333334e-12
6.622402313113332e-07
1.1838666666666667e-14
2.805796668332e-07
0.0
1.02689e-07
0.0
5.2722333333333336e-08
0.0
7.312733333333333e-09
0.0
2.0282535333333335e-07
4.667348641333334e-07
2.1492095794666668e-07
3.83246477753e-08
3.59586970136954e-07
1.5872330333333333e-08
7.477617893333333e-09
6.342188114333334e-08
2.4733745209999997e-09
7.563484754e-09
1.3828501213333332e-09
6.240076666666666e-05
5.10524e-05
4.079586666666667e-05
3.2983433333333333e-05
2.2175700000000002e-05
1.5932766666666668e-05
1.02924e-05
6.477433333333333e-06
3.6478e-06
1.8044733333333333e-06
1.0521333333333333e-06
5.523933333333334e-07
1.514253333333333e-07
5.3784e-08
1.5484366666666667e-08
3.5082666666666666e-09
8.127366666666667e-10
2.0598833333333333e-10
1.0452133333333332e-11
5.0622e-13
5.31960108106e-07
5.0034e-15
2.1808333339624598e-07
0.0
7.679833333333334e-08
0.0
3.867333333333333e-08
0.0
4.953366666666666e-09
0.0
3.5268800000000004e-05
9.230996666666667e-06
4.932166666666667e-06
2.8310729999999998e-06
2.0111265966666666e-06
7.407326383333334e-07
4.960514681066667e-07
1.9434200323815e-07
9.553333333333334e-08
6.630833423631333e-08
1.1552384766666666e-08
3.3067899999999997e-08
0.0
4.211621223333333e-09
6.905966666666666e-14
1.2298733333333333e-10
6.160226666666667e-11
2.5356157333333332e-11
1.1163787226733335e-07
4.82469092e-12
2.065976666666667e-12
8.719133333333334e-13
3.9580556666666665e-11
3.538515222e-09
5.998533333333333e-14
2.38698e-14
3.425776666666667e-14
3.6230333333333335e-15
3.26048e-06
1.2880066666666666e-06
7.067753333333332e-07
3.104066e-07
7.278011766666667e-08
4.9612247933333326e-08
1.9191472876666664e-08
1.1193401343369998e-08
4.1594e-09
2.580968333333333e-09
9.021839999999999e-10
5.166066666666666e-10
3.0520983333333334e-10
1.7286666666666667e-10
5.4526166666666666e-05
4.3978266666666665e-05
3.44847e-05
2.751296666666667e-05
1.7762733333333335e-05
1.2424999999999999e-05
7.767866666666667e-06
4.725266666666666e-06
2.5517433333333333e-06
1.1899466666666665e-06
6.7435e-07
3.3805e-07
8.392433333333333e-08
2.7716733333333333e-08
7.325133333333334e-09
1.5004433333333333e-09
3.1272133333333336e-10
7.292266666666667e-11
2.97015e-12
1.15789e-13
2.28854e-14
8.659733333333333e-16
0.0
0.0
0.0
0.0
0.0
0.0
0.0
0.0
2.156886666666667e-12
5.1629894999333335e-08
1.1060407666666667e-13
4.718333488333334e-09
1.3774166666666667e-14
1.1820749136966667e-08
2.228938265386667e-09
5.2920666666666665e-16
1.7393499999999999e-16
2.7738876436666665e-12
0.0
2.5081433333333334e-05
2.6428966666666667e-05
6.312046666666667e-06
3.2577503333333334e-06
1.6439534333333333e-06
1.2008094833333333e-06
4.36156274e-07
2.1622272120066667e-07
1.0418233368490334e-07
4.8812e-08
4.271166666666667e-09
0.0
0.0
3.657466666666667e-11
1.0043833333333333e-14
8.637133333333334e-07
5.872056666666667e-07
2.7720699999999995e-07
8.988716666666666e-08
1.3439389699999999e-06
1.8682766433333335e-08
1.0965463466666668e-08
4.4464703948000005e-08
4.084900283333333e-09
2.0849102220446665e-09
2.5118896666666666e-08
6.529633333333333e-10
3.596033333333333e-10
3.756098443333333e-10
1.05667e-10
5.6388e-11
3.127079e-11
8.007646666666667e-11
2.216475875373333e-08
2.5720156666666666e-15
1.2862467392013333e-08
2.0724166666666665e-16
2.8887570435793333e-09
1.05415e-09
1.0238133333333333e-09
0.0
5.543338797099999e-10
0.0
9.0051e-06
5.397733333333333e-06
3.1434666666666667e-06
1.6086366666666668e-06
6.9491e-07
4.673116666666667e-06
1.7953033333333334e-07
3.9213e-08
1.2371170333333333e-06
2.7923366666666666e-09
5.024599999999999e-10
2.0313569366666665e-07
1.9155666666666668e-11
5.871166666666666e-13
2.7983983960233334e-08
3.1012233333333335e-15
8.881800000000001e-17
2.2002633333333333e-09
0.0
0.0
1.1217833333333333e-10
0.0
0.0
7.962e-13
0.0
2.0764466666666667e-05
1.0996746666666666e-05
6.226033333333333e-07
1.5779033333333333e-07
1.4025772666666664e-06
2.2937633333333334e-09
1.458686666666667e-11
1.2867515999999999e-10
1.800923450647e-07
5.380296431680001e-09
5.5511e-17
0.0
5.920332666666667e-10
9.0487e-14
1.9847099999999998e-13
0.0
5.5952517000000003e-11
0.0
1.8025657095954002e-08
6.8827066962726e-09
2.2671317149666668e-09
1.9007033333333334e-11
1.0200366896666667e-11
2.8444872976666666e-11
2.4322666666666667e-05
1.8856433333333335e-05
7.3797666666666675e-06
1.2744733333333332e-05
4.986366666666667e-07
1.21587e-07
6.967766666666666e-09
6.5265863e-07
2.5623766666666665e-10
8.4156e-12
1.46761883038e-07
1.085636957e-10
0.0
1.1166866666666666e-11
0.0
0.0
1.0141333333333333e-12
0.0
0.0
8.154599999999999e-14
0.0
6.899266666666667e-06
3.9951e-06
2.24502e-06
1.0993133333333333e-06
4.4574e-07
3.4707146666666663e-06
1.06599e-07
2.0946833333333334e-08
8.472002333333334e-07
1.2618933333333334e-09
2.0414366666666667e-10
1.226924976e-07
6.376e-12
1.544726666666667e-13
1.4917536937866665e-08
5.9952e-16
0.0
1.0063466666666669e-09
0.0
0.0
4.300833333333333e-11
0.0
0.0
2.2201133333333335e-13
0.0
0.0
0.0
0.0
1.2676866666666668e-12
2.9926066666666665e-10
0.0
0.0
1.8133633333333333e-16
0.0
8.1737e-08
6.280686666666667e-08
1.636517e-08
6.035502333333333e-07
2.6361715666666666e-09
1.4219349076666666e-09
1.1583261620926666e-08
4.655169257186667e-10
2.0849633333333334e-10
6.2459643333333326e-09
5.466866666666667e-11
2.7512966666666667e-11
4.009201240666667e-11
6.7344e-12
3.275963333333333e-12
1.6917926666666666e-12
9.071206666666666e-12
5.6210333333333335e-06
7.126633333333332e-06
1.6019580000000002e-06
1.0279933333333335e-06
6.446123333333334e-07
2.478239e-07
1.5769947666666667e-07
9.987870433333334e-08
3.902441182666666e-08
2.4020388840666665e-08
1.4633034421353334e-08
8.822900170234333e-09
5.2656e-09
3.2646706716666663e-09
1.8194566666666665e-09
1.0535866666666666e-09
0.0
0.0
0.0
2.51045e-12
1.7393499999999999e-16
0.0
1.313005297e-10
1.727518532e-10
3.6307795926666674e-11
0.0
9.724574143666668e-12
0.0
3.3488433333333336e-05
2.5444133333333333e-05
1.84919e-05
1.40102e-05
7.738599999999999e-06
4.891466666666667e-06
2.7100533333333334e-06
1.4549633333333334e-06
6.7338e-07
2.515756666666667e-07
1.2907133333333332e-07
5.4546e-08
9.3528e-09
2.3598999999999997e-09
4.5465e-10
6.4169e-11
9.016833333333332e-12
1.55224e-12
2.776296666666667e-14
4.810966666666666e-16
7.4015e-17
0.0
0.0
0.0
0.0
0.0
0.0
0.0
0.0
0.0
7.9362e-09
2.4284666666666667e-09
2.4367066333333334e-10
1.1535924359999999e-10
2.4958481443000004e-11
1.1358266666666668e-11
2.25278e-12
9.820400000000001e-13
1.7889766666666666e-13
7.477733333333334e-14
3.08272e-14
1.2530733333333334e-14
0.0
2.0678266666666667e-13
8.1023e-11
0.0
0.0
0.0
0.0
8.321143333333333e-06
7.789583333333333e-07
2.7943633333333336e-07
5.077368029999999e-07
8.636318453333333e-08
1.2051985196666665e-08
7.013409666333333e-09
4.424153473961666e-09
6.140996666666667e-09
1.29247e-09
9.686083976666667e-10
3.9613333333333335e-10
2.15773e-10
5.8999e-12
0.0
0.0
6.351507666666666e-13
0.0
2.8968066666666668e-05
2.1581166666666666e-05
1.5310266666666668e-05
1.1417066666666666e-05
6.008966666666666e-06
3.6827999999999997e-06
1.9680333333333335e-06
1.0179233333333332e-06
4.4987e-07
1.57085e-07
7.834266666666667e-08
3.14524e-08
4.820233333333333e-09
1.1216333333333333e-09
1.9651066666666667e-10
2.4799533333333333e-11
3.0924066666666665e-12
4.865433333333333e-13
6.7797666666666666e-15
9.251866666666667e-17
0.0
0.0
0.0
0.0
0.0
0.0
0.0
0.0
0.0
0.0
4.4997778292e-11
1.2097733333333333e-14
4.5482e-15
9.636736666666666e-15
6.143233333333333e-16
1.0285966666666668e-05
4.157883333333334e-06
1.2358133333333334e-07
2.37693e-08
3.8321822666666663e-07
2.697286666666667e-13
3.3047633333333336e-15
3.700733333333333e-17
3.942920013173333e-10
0.0
0.0
2.7153533333333332e-11
5.736166666666666e-16
0.0
0.0
0.0
0.0
2.9617966666666667e-06
1.5397766666666665e-06
7.7411e-07
3.302896666666667e-07
1.0949333333333333e-07
1.3730253333333332e-06
2.063863333333333e-08
2.9020433333333333e-09
2.568604166666667e-07
1.03424e-10
1.19827e-11
2.4916863476666666e-08
2.00336e-13
2.3055633333333335e-15
2.0489466666666668e-09
0.0
0.0
8.571833333333333e-11
0.0
0.0
2.1121366666666667e-12
0.0
0.0
3.9894e-15
0.0
0.0
7.394266666666667e-13
0.0
1.4695266666666666e-13
0.0
6.701300000000001e-11
4.597082333333333e-12
1.7560535566666666e-12
5.136367136666667e-09
3.647904333333333e-12
9.402833333333333e-14
1.2208766666666667e-14
9.740346666666665e-14
1.25466363e-12
4.996000000000001e-16
1.7023433333333332e-16
2.0465120000000002e-15
0.0
2.3172966666666666e-05
1.67308e-05
1.1427366666666667e-05
8.315766666666668e-06
4.059e-06
2.3718333333333337e-06
1.1991533333333334e-06
5.857599999999999e-07
2.411663333333333e-07
7.582233333333333e-08
3.6246666666666664e-08
1.3446766666666667e-08
1.7320166666666665e-09
3.5574e-10
5.3844666666666664e-11
5.7197e-12
5.928933333333332e-13
8.129066666666666e-14
7.660533333333333e-16
0.0
0.0
0.0
0.0
0.0
0.0
0.0
0.0
0.0
0.0
0.0
0.0
0.0
9.843966666666667e-16
0.0
2.14769e-05
1.5337933333333334e-05
1.0339933333333332e-05
7.462266666666667e-06
3.5493666666666664e-06
2.0405666666666666e-06
1.01246e-06
4.850633333333333e-07
1.9496166666666665e-07
5.9134e-08
2.7873700000000002e-08
1.0066366666666666e-08
1.2218766666666666e-09
2.40524e-10
3.4638333333333337e-11
3.4700333333333335e-12
3.3770666666666664e-13
4.4198e-14
3.663733333333333e-16
0.0
0.0
0.0
0.0
0.0
0.0
0.0
0.0
0.0
0.0
0.0
7.723719877e-10
9.995547159999999e-11
4.8450648400000004e-11
1.1219129286666667e-11
5.295733226666667e-12
4.3392700733333335e-13
0.0
0.0
4.847966666666666e-16
0.0
0.0
0.0
0.0
1.6226733333333334e-06
7.825033333333333e-07
3.6403e-07
1.4107199999999998e-07
4.050966666666667e-08
7.178600666666666e-07
6.482166666666666e-09
7.188333333333334e-10
1.10483656e-07
1.7713466666666667e-11
1.6233633333333333e-12
8.053610192666665e-09
1.75045e-14
1.1842366666666668e-16
5.035799999999999e-10
0.0
0.0
1.5093766666666666e-11
0.0
0.0
2.5320100000000004e-13
0.0
0.0
2.368476666666667e-16
0.0
5.9855666666666665e-06
1.5019466666666667e-06
2.70753e-06
3.5659999999999996e-08
5.588933333333333e-09
7.13212649e-08
1.25686e-12
1.2815666666666665e-14
8.095800814163332e-10
4.1122333333333333e-13
0.0
1.9606533333333334e-14
0.0
0.0
7.9196e-16
0.0
0.0
2.9605933333333334e-17
0.0
1.1102233333333333e-16
0.0
2.7574e-08
1.3612243333333334e-07
1.1453066666666666e-08
1.8800003333333333e-09
8.853291333333334e-10
6.899603763333333e-09
9.04081686e-11
4.1032037007333337e-11
1.83259e-11
8.054966666666667e-12
3.4847666666666667e-12
2.9765768476666665e-12
6.222133333333334e-13
2.568613333333333e-13
0.0
0.0
0.0
0.0
0.0
1.1877533333333334e-06
5.5112e-07
2.4639133333333334e-07
9.088066666666666e-08
2.4221333333333335e-08
5.142268666666666e-07
3.565766666666667e-09
3.496733333333333e-10
7.142945166666667e-08
7.1249666666666664e-12
5.787066666666666e-13
4.489711567666666e-09
4.9775e-15
2.9605933333333334e-17
2.4385933333333333e-10
0.0
0.0
6.1597666666666665e-12
0.0
0.0
8.482833333333333e-14
0.0
0.0
5.5511e-17
0.0
0.0
2.6312300000000004e-15
7.216433333333334e-16
1.9243866666666666e-16
1.44077443e-13
0.0
0.0
0.0
0.0
0.0
0.0
0.0
0.0
0.0
1.4500966666666667e-05
9.776233333333333e-06
6.155533333333333e-06
4.2582e-06
1.7695533333333333e-06
9.3542e-07
4.2150333333333333e-07
1.8282666666666668e-07
6.494566666666666e-08
1.6347766666666665e-08
7.1846e-09
2.25937e-09
2.0167133333333334e-10
3.189236666666666e-11
3.5546333333333334e-12
2.633226666666666e-13
1.8488899999999998e-14
1.9058833333333332e-15
0.0
0.0
0.0
0.0
0.0
0.0
0.0
0.0
0.0
0.0
0.0
0.0
4.046050000000001e-08
6.17906069e-09
3.1084813709999994e-11
1.3649733333333334e-11
1.0517466666666666e-12
1.7628500000000002e-13
7.076937800000001e-14
0.0
0.0
0.0
0.0
0.0
1.3370533333333334e-05
8.9059e-06
5.5284e-06
3.7915666666666664e-06
1.53195e-06
7.959233333333333e-07
3.5164000000000004e-07
1.4944866666666666e-07
5.176033333333334e-08
1.2534600000000001e-08
5.4326e-09
1.6604566666666668e-09
1.3908200000000002e-10
2.10249e-11
2.2230299999999997e-12
1.54765e-13
1.0158533333333333e-14
9.992000000000001e-16
0.0
0.0
0.0
0.0
0.0
0.0
0.0
0.0
0.0
0.0
0.0
0.0
0.0
0.0
4.8095e-14
0.0
0.0
6.106233333333333e-16
0.0
0.0
0.0
0.0
0.0
3.3717666666666667e-06
1.2190533333333335e-07
9.584133333333332e-09
1.2166233333333334e-09
2.8019665666666667e-09
1.3838266666666667e-12
3.4030710873333335e-10
5.181033333333333e-16
1.5820666666666666e-14
3.617433333333333e-11
0.0
1.2582533333333333e-16
0.0
7.771566666666667e-17
0.0
0.0
0.0
0.0
0.0
2.316432e-07
8.365690000000001e-08
3.7377666666666666e-16
0.0
0.0
0.0
0.0
0.0
0.0
0.0
0.0
8.887500000000001e-10
1.8584576666666666e-10
7.75878e-11
1.496789769e-09
5.630333120333334e-12
2.275316666666667e-12
9.037133333333333e-13
3.5281333333333333e-13
1.3541766666666668e-13
1.7353166666666666e-13
1.89663e-14
6.9241e-15
0.0
0.0
0.0
0.0
0.0
3.700733333333333e-17
0.0
0.0
0.0
0.0
0.0
0.0
0.0
0.0
1.0425366666666667e-05
6.690366666666667e-06
3.9757e-06
2.6563533333333334e-06
9.843033333333335e-07
4.8503e-07
2.01788e-07
8.060133333333332e-08
2.5839766666666668e-08
5.5568333333333334e-09
2.310223333333333e-09
6.472966666666667e-10
4.461633333333333e-11
5.876333333333333e-12
5.2888e-13
3.0457133333333335e-14
1.6246266666666666e-15
1.4062833333333334e-16
0.0
0.0
0.0
0.0
0.0
0.0
0.0
0.0
0.0
0.0
0.0
0.0
4.4590000000000004e-07
1.83636e-07
7.2586e-08
2.2968233333333335e-08
4.840566666666666e-09
1.9985966666666664e-09
5.518e-10
3.679566666666667e-11
4.7345e-12
4.1465e-13
2.3122233333333332e-14
1.19164e-15
9.621933333333333e-17
0.0
0.0
0.0
0.0
0.0
0.0
0.0
0.0
0.0
0.0
0.0
0.0
6.069166666666667e-06
2.35333e-06
4.0974666666666665e-07
6.533366666666667e-08
4.213766666666667e-09
4.7004e-10
3.810666666666666e-12
3.247216666666666e-13
1.7534133333333333e-14
1.2049953634000002e-10
7.4015e-17
0.0
0.0
3.031833333333333e-13
0.0
0.0
0.0
0.0
0.0
0.0
0.0
0.0
0.0
5.0293e-15
1.5728166666666667e-15
1.4802966666666666e-16
4.4409000000000005e-17
0.0
0.0
0.0
0.0
2.082276666666667e-06
8.155763333333334e-07
1.2402224333333333e-07
4.214598e-08
2.4610733333333334e-12
3.33067e-17
0.0
0.0
0.0
0.0
0.0
0.0
0.0
0.0
4.749433333333334e-08
1.5433726666666664e-08
3.4309726666666668e-09
7.281314766666667e-10
7.091634047e-11
2.9605933333333334e-17
0.0
0.0
0.0
0.0
0.0
0.0
0.0
0.0
0.0
0.0
0.0
8.063966666666666e-06
4.978833333333333e-06
2.828056666666667e-06
1.8401633333333331e-06
6.232933333333334e-07
2.9086966666666667e-07
1.13799e-07
4.2660666666666665e-08
1.2635866666666668e-08
2.403223333333333e-09
9.5869e-10
2.456656666666667e-10
1.3847766666666668e-11
1.5830266666666665e-12
1.2075166666666666e-13
5.721333333333333e-15
2.4794966666666664e-16
0.0
0.0
0.0
0.0
0.0
0.0
0.0
0.0
0.0
0.0
0.0
0.0
0.0
0.0
0.0
0.0
0.0
0.0
0.0
0.0
0.0
0.0
2.2808105333333332e-11
1.0629285e-13
9.4887e-15
5.213522233333334e-13
5.9212e-17
0.0
0.0
0.0
0.0
0.0
0.0
0.0
2.2391333333333334e-07
8.491033333333334e-08
3.0820800000000004e-08
8.768766666666667e-09
1.5659933333333332e-09
6.120033333333334e-10
1.4984866666666668e-10
7.620833333333333e-12
8.104866666666667e-13
5.682133333333334e-14
2.44249e-15
9.621933333333333e-17
0.0
0.0
0.0
0.0
0.0
0.0
0.0
0.0
0.0
0.0
0.0
0.0
0.0
6.7647e-06
4.0675e-06
2.240103333333333e-06
1.4318166666666665e-06
4.5596999999999997e-07
2.0503466666666667e-07
7.694066666666666e-08
2.76273e-08
7.754633333333333e-09
1.35582e-09
5.2626e-10
1.2689799999999998e-10
6.233933333333333e-12
6.4708e-13
4.4101666666666666e-14
1.8281666666666668e-15
6.661333333333332e-17
0.0
0.0
0.0
0.0
0.0
0.0
0.0
0.0
0.0
0.0
0.0
0.0
0.0
0.0
0.0
0.0
0.0
0.0
1.2606833333333334e-06
1.7169366666666666e-07
6.3086e-08
2.2640066666666665e-08
1.01426e-09
9.080533333333332e-11
9.147768333333334e-10
1.908661418e-10
1.0251066666666667e-15
0.0
0.0
0.0
0.0
0.0
0.0
0.0
0.0
0.0
0.0
0.0
0.0
0.0
2.0472499999999998e-14
6.343086666666667e-15
3.811766666666667e-16
9.251866666666667e-17
5.863100000000001e-14
0.0
0.0
0.0
0.0
0.0
0.0
0.0
0.0
0.0
0.0
1.10866e-06
1.7746166666666667e-08
7.567166666666667e-10
6.479033333333334e-11
1.7871329533333336e-10
0.0
0.0
0.0
0.0
0.0
0.0
0.0
0.0
0.0
0.0
0.0
0.0
0.0
0.0
0.0
0.0
0.0
0.0
0.0
5.1631e-06
2.980443333333333e-06
1.5652466666666665e-06
9.737933333333335e-07
2.8194433333333334e-07
1.19771e-07
4.217366666666667e-08
1.4179733333333332e-08
3.6660333333333333e-09
5.6306e-10
2.09819e-10
4.609533333333333e-11
1.83295e-12
1.6410566666666668e-13
9.414699999999999e-15
3.18264e-16
0.0
0.0
0.0
0.0
0.0
0.0
0.0
0.0
0.0
0.0
0.0
0.0
0.0
0.0
4.852133333333333e-10
1.16129e-10
1.1342377333333334e-11
4.1329794e-12
5.219533333333334e-13
0.0
0.0
0.0
0.0
0.0
0.0
0.0
0.0
0.0
0.0
0.0
0.0
0.0
0.0
0.0
0.0
0.0
0.0
0.0
0.0
0.0
0.0
0.0
0.0
0.0
0.0
0.0
0.0
0.0
2.4101533333333335e-06
7.4858e-07
8.297733333333334e-08
8.9986e-09
3.092703333333334e-10
2.3131866666666667e-11
6.445966666666666e-14
3.2862600000000003e-15
9.621933333333333e-17
0.0
0.0
0.0
0.0
0.0
0.0
0.0
0.0
0.0
0.0
0.0
0.0
0.0
0.0
7.5622e-08
2.522746666666667e-08
8.021533333333335e-09
1.9339533333333336e-09
2.658063333333333e-10
9.576733333333334e-11
1.943453333333333e-11
6.449633333333333e-13
5.0903666666666666e-14
2.5202066666666665e-15
7.4015e-17
0.0
0.0
0.0
0.0
0.0
0.0
0.0
0.0
0.0
0.0
0.0
0.0
0.0
0.0
3.909533333333333e-06
2.1640666666666668e-06
1.0822533333333333e-06
6.5516e-07
1.7190766666666666e-07
6.8889e-08
2.2731999999999998e-08
7.147e-09
1.69895e-09
2.283006666666667e-10
8.170433333333333e-11
1.63166e-11
5.2199e-13
4.016433333333333e-14
1.9280866666666666e-15
5.181033333333333e-17
0.0
0.0
0.0
0.0
0.0
0.0
0.0
0.0
0.0
0.0
0.0
0.0
0.0
0.0
0.0
0.0
0.0
0.0
0.0
3.5571666666666666e-06
1.9411633333333333e-06
9.547866666666667e-07
5.727200000000001e-07
1.4532199999999998e-07
5.709566666666667e-08
1.84317e-08
5.665133333333333e-09
1.3089899999999998e-09
1.6808666666666667e-10
5.9355e-11
1.14767e-11
3.4102e-13
2.49282e-14
1.1250266666666667e-15
2.9605933333333334e-17
0.0
0.0
0.0
0.0
0.0
0.0
0.0
0.0
0.0
0.0
0.0
0.0
0.0
0.0
1.7728483333333333e-09
3.2068966666666664e-10
3.168200566666667e-11
4.551232640000001e-12
0.0
0.0
0.0
0.0
0.0
0.0
0.0
0.0
0.0
0.0
0.0
1.7394833333333333e-06
5.000633333333334e-07
4.7241e-08
4.481633333333333e-09
1.2343e-10
8.049633333333334e-12
1.54062e-14
6.5503e-16
0.0
0.0
0.0
0.0
0.0
0.0
0.0
0.0
0.0
0.0
0.0
0.0
0.0
0.0
0.0
0.0
0.0
0.0
0.0
0.0
0.0
0.0
0.0
0.0
0.0
0.0
0.0
0.0
0.0
0.0
0.0
0.0
4.703566666666666e-12
5.224644333333333e-13
1.6450899133333332e-13
1.5524633333333335e-14
0.0
0.0
0.0
0.0
0.0
0.0
0.0
0.0
0.0
0.0
0.0
0.0
3.7989666666666663e-07
3.2178e-08
6.603866666666666e-11
3.926766666666667e-12
5.824966666666666e-15
2.18344e-16
0.0
0.0
0.0
0.0
0.0
0.0
0.0
0.0
0.0
0.0
0.0
0.0
0.0
0.0
0.0
0.0
2.1927166666666666e-09
4.3455333333333336e-10
6.477212e-11
3.5564e-15
0.0
0.0
0.0
0.0
0.0
0.0
0.0
0.0
0.0
0.0
0.0
0.0
0.0
0.0
0.0
0.0
0.0
0.0
0.0
0.0
0.0
0.0
2.18969e-06
1.1106266666666666e-06
5.016066666666666e-07
2.872656666666667e-07
6.131566666666666e-08
2.17716e-08
6.285200000000001e-09
1.7210733333333332e-09
3.440366666666667e-10
3.496766666666667e-11
1.1556233333333334e-11
1.8942633333333333e-12
3.851733333333333e-14
2.1686366666666665e-15
7.0314e-17
0.0
0.0
0.0
0.0
0.0
0.0
0.0
0.0
0.0
0.0
0.0
0.0
0.0
0.0
0.0
0.0
0.0
1.9820933333333336e-06
9.9036e-07
4.3952333333333333e-07
2.4936866666666665e-07
5.1362666666666665e-08
1.7863733333333334e-08
5.040966666666667e-09
1.3482533333333333e-09
2.6166133333333333e-10
2.534686666666667e-11
8.267533333333334e-12
1.3101933333333335e-12
2.4646966666666668e-14
1.3137633333333334e-15
3.700733333333333e-17
0.0
0.0
0.0
0.0
0.0
0.0
0.0
0.0
0.0
0.0
0.0
0.0
0.0
0.0
0.0
1.6171233333333334e-08
4.511466666666667e-09
1.1924566666666665e-09
2.2801366666666669e-10
2.1559266666666668e-11
6.9863e-12
1.0885066666666667e-12
1.9687966666666666e-14
1.0214066666666666e-15
3.33067e-17
0.0
0.0
0.0
0.0
0.0
0.0
0.0
0.0
0.0
0.0
0.0
0.0
0.0
0.0
0.0
0.0
0.0
0.0
0.0
0.0
0.0
0.0
0.0
0.0
0.0
1.6199666666666668e-06
7.852e-07
3.3633e-07
1.8726833333333335e-07
3.588e-08
1.1966866666666666e-08
3.225286666666667e-09
8.226133333333333e-10
1.50398e-10
1.3215833333333334e-11
4.199733333333333e-12
6.216299999999999e-13
9.9883e-15
4.773966666666667e-16
0.0
0.0
0.0
0.0
0.0
0.0
0.0
0.0
0.0
0.0
0.0
0.0
0.0
0.0
0.0
0.0
3.7007333333333334e-16
0.0
0.0
0.0
0.0
0.0
0.0
0.0
0.0
0.0
0.0
1.46268e-06
6.981466666666666e-07
2.937206666666667e-07
1.6200666666666666e-07
2.992146666666667e-08
9.770400000000001e-09
2.57297e-09
6.407e-10
1.13662e-10
9.506399999999999e-12
2.98203e-12
4.2642666666666664e-13
6.324566666666667e-15
2.8495733333333337e-16
0.0
0.0
0.0
0.0
0.0
0.0
0.0
0.0
0.0
0.0
0.0
0.0
0.0
0.0
0.0
0.0
0.0
0.0
0.0
0.0
0.0
0.0
0.0
0.0
0.0
6.2015e-07
1.39994e-07
7.964033333333334e-09
4.9806e-10
6.8208e-12
2.917223333333333e-13
1.7023433333333332e-16
0.0
0.0
0.0
0.0
0.0
0.0
0.0
0.0
0.0
0.0
0.0
0.0
0.0
0.0
0.0
0.0
7.1858333333333335e-09
1.8272166666666667e-09
4.388166666666667e-10
7.438066666666667e-11
5.7720666666666664e-12
1.7759133333333333e-12
2.4103666666666666e-13
3.1715366666666667e-15
1.3322666666666665e-16
0.0
0.0
0.0
0.0
0.0
0.0
0.0
0.0
0.0
0.0
0.0
0.0
0.0
0.0
0.0
0.0
4.8815e-12
6.365923333333333e-13
2.5128033333333333e-15
9.992e-17
0.0
0.0
0.0
0.0
0.0
0.0
0.0
0.0
0.0
0.0
0.0
0.0
0.0
0.0
0.0
0.0
0.0
0.0
0.0
0.0
0.0
0.0
0.0
0.0
0.0
0.0
0.0
0.0
0.0
0.0
0.0
0.0
0.0
0.0
4.743333333333333e-09
1.1505766666666667e-09
2.6316366666666666e-10
4.1950666666666665e-11
2.9415300000000003e-12
8.8214e-13
1.1158466666666667e-13
1.24715e-15
4.8109666666666666e-17
0.0
0.0
0.0
0.0
0.0
0.0
0.0
0.0
0.0
0.0
0.0
0.0
0.0
0.0
0.0
0.0
8.972333333333333e-08
2.3131166666666667e-10
2.4814166666666665e-12
9.188933333333333e-14
3.33067e-17
0.0
0.0
0.0
0.0
0.0
0.0
0.0
0.0
0.0
2.091963333333333e-12
7.561366666666667e-14
7.771566666666667e-16
2.9605933333333334e-17
0.0
0.0
0.0
0.0
0.0
0.0
0.0
0.0
0.0
0.0
7.7185e-08
3.4589333333333335e-09
1.76253e-12
6.218733333333333e-14
0.0
0.0
0.0
0.0
0.0
0.0
0.0
0.0
0.0
0.0
0.0
0.0
0.0
0.0
0.0
0.0
0.0
0.0
0.0
0.0
0.0
7.788333333333334e-07
3.3812e-07
1.2732966666666665e-07
6.632499999999999e-08
9.757e-09
2.79666e-09
6.3906e-10
1.3741466666666667e-10
2.0265633333333334e-11
1.2487799999999999e-12
3.6280666666666666e-13
4.197e-14
3.811766666666667e-16
0.0
0.0
0.0
0.0
0.0
0.0
0.0
0.0
0.0
0.0
0.0
0.0
0.0
0.0
0.0
0.0
0.0
2.5131966666666667e-09
5.674133333333333e-10
1.7494066666666664e-11
1.05016e-12
3.444266666666667e-14
2.9605933333333333e-16
0.0
0.0
0.0
0.0
0.0
0.0
0.0
0.0
0.0
0.0
0.0
0.0
0.0
0.0
0.0
2.9865e-07
5.693e-08
2.257556666666667e-09
1.0561533333333333e-10
8.825833333333333e-13
2.8251466666666667e-14
0.0
0.0
0.0
0.0
0.0
0.0
0.0
0.0
0.0
0.0
0.0
0.0
0.0
0.0
0.0
0.0
0.0
2.02711e-09
4.467333333333333e-10
9.2527e-11
1.3016133333333333e-11
7.412733333333334e-13
2.1133833333333334e-13
2.315186666666667e-14
1.8503733333333334e-16
0.0
0.0
0.0
0.0
0.0
0.0
0.0
0.0
0.0
0.0
0.0
0.0
0.0
0.0
0.0
0.0
0.0
0.0
0.0
0.0
0.0
0.0
0.0
0.0
0.0
0.0
0.0
0.0
0.0
0.0
0.0
0.0
1.2697266666666667e-14
8.881800000000001e-17
0.0
0.0
0.0
0.0
0.0
0.0
0.0
0.0
0.0
0.0
0.0
0.0
0.0
0.0
1.3124933333333334e-09
2.754833333333333e-10
5.4251333333333334e-11
7.1613e-12
3.6661e-13
1.0194066666666667e-13
1.03806e-14
7.0314e-17
0.0
0.0
0.0
0.0
0.0
0.0
0.0
0.0
0.0
0.0
0.0
0.0
0.0
0.0
0.0
0.0
0.0
2.0465066666666665e-07
3.576566666666667e-08
1.17617e-09
4.7418e-11
3.06958e-13
8.4784e-15
0.0
0.0
0.0
0.0
0.0
0.0
0.0
0.0
0.0
0.0
0.0
0.0
0.0
0.0
0.0
0.0
0.0
0.0
0.0
0.0
0.0
0.0
0.0
3.05652e-08
9.434066666666667e-10
2.1480966666666667e-13
5.647333333333333e-15
0.0
0.0
0.0
0.0
0.0
0.0
0.0
0.0
0.0
0.0
0.0
0.0
0.0
0.0
0.0
