0.009332989766666666
0.009408566299999999
0.009493008166666666
0.009587004733333333
0.009696337
0.009821973566666666
0.009958502366666667
0.0101203187
0.010308670533333333
0.010523863266666666
0.010758209999999999
0.011019425666666666
0.011335729133333333
0.011668079866666667
0.012026929733333334
0.012458630933333334
0.0129546581
0.013495872766666667
0.014102032266666667
0.0147722012
0.015519870733333333
0.0164952768
0.017468857166666667
0.018698691733333335
0.019953216833333336
0.02150012906666667
0.02309493846666667
0.02508105636666667
0.027176666233333337
0.029627684700000004
0.032256098600000005
0.03246106196666667
0.03270210396666667
0.0329808147
0.03329846833333333
0.0336461183
0.03418149153333333
0.034643345566666664
0.035136746366666666
0.03585806566666667
0.03649476226666667
0.03722050453333334
0.03825611766666667
0.03914477246666667
0.040130743700000006
0.041543145466666674
0.042977891566666676
0.04438880686666668
0.04658375306666668
0.04836767106666668
0.050586858733333344
0.053327683133333345
0.05610068416666668
0.05894116360000001
0.06295895886666668
0.06643610496666667
0.06660108363333334
0.06681305753333333
0.06707965126666666
0.0674381942
0.06788546486666666
0.06847218376666667
0.0691647399
0.06997584063333333
0.07112747733333333
0.07255872413333332
0.07368005286666665
0.07492381903333331
0.07630886949999997
0.07905076939999997
0.08079536236666664
0.08300395999999997
0.08516253189999998
0.08868469493333331
0.09183615669999998
0.09510329633333331
0.09834257096666664
0.10340919966666665
0.10753202349999998
0.10806288576666664
0.1084386765333333
0.10892678579999997
0.10946280776666663
0.11015783449999997
0.11091337009999996
0.11187242666666664
0.11377166799999996
0.11508082199999997
0.11652895026666664
0.1186214487333333
0.12156272053333331
0.1235443220333333
0.12709797739999998
0.1294899818
0.132478289
0.13772932546666666
0.14123612476666667
0.1445827897
0.14958072719999999
0.15404765376666665
0.15430893599999998
0.15460734969999998
0.15498242319999997
0.15541666709999996
0.15603175179999995
0.15714385839999995
0.15793241643333328
0.1588774304666666
0.1599596634333333
0.16163347789999996
0.1630879289333333
0.16468936976666662
0.16645265603333328
0.1692387580666666
0.17136711459999993
0.17619675559999992
0.1786959665666666
0.1821714562666666
0.18561612793333326
0.18915427319999992
0.19238420726666658
0.19960796733333325
0.20446415066666657
0.20501761596666657
0.2057026866999999
0.2065710021333332
0.20800203089999988
0.20918372626666656
0.21174115196666657
0.21330053076666658
0.21500694263333325
0.21748893709999992
0.21968263843333324
0.2247082323999999
0.2272076452999999
0.23207223863333323
0.23653770466666657
0.23995178323333324
0.2429141561666666
0.24920743596666659
0.25499371479999994
0.2553224444999999
0.25569559586666657
0.2562314275333332
0.2571851445999999
0.2579315096999999
0.25886652876666655
0.26062284956666654
0.2621411566999999
0.2633996322666665
0.2650262301999998
0.2667928949999998
0.2691393963333331
0.2738392779333331
0.2760282194333331
0.2784430368999998
0.2823102281999998
0.2868339368666665
0.29002146303333315
0.2926339000666665
0.2994505390666665
0.3019703405333332
0.3025497504999999
0.3033490180333332
0.3043383218999999
0.3054237085333332
0.30673748153333324
0.3083968841999999
0.3101836415333332
0.31340329499999986
0.31702765249999987
0.31915467999999986
0.3214231647999999
0.3254651324333332
0.33341922149999986
0.3363245251333332
0.33856025803333323
0.3426050426666666
0.3455422815333333
0.34597979983333327
0.3466727202666666
0.3475167786333333
0.34854858506666664
0.35053845296666664
0.35188746689999995
0.3542132190666666
0.3558748654666666
0.3576468443999999
0.3603242664333332
0.36234577396666656
0.36574319756666657
0.3678254737999999
0.3732625086666666
0.3761525271666666
0.37875684409999993
0.3806283063333333
0.3854059047333333
0.3875716132
0.3881485236
0.38919067446666666
0.3900717054
0.39210274850000004
0.3931659505666667
0.3959512972666667
0.39776567590000006
0.39990009306666674
0.4015376722000001
0.4037365849333334
0.4073419086000001
0.4103781934333334
0.4122637228000001
0.4185404254333335
0.4204157196000001
0.42505785143333347
0.4285982923666668
0.43141041480000014
0.43295323890000015
0.43937273660000015
0.4419820903666668
0.4424208775333335
0.4429129554666668
0.4435193425666668
0.4446843592333335
0.4455948661666668
0.4466790837333335
0.4479554097333335
0.44986793366666683
0.45131458620000015
0.45290623940000013
0.45513510840000015
0.4581141751666668
0.4598452093666668
0.46393149030000014
0.4655944468000001
0.4677813220000001
0.47051118063333347
0.4731417320333335
0.4744017006333335
0.4793893439333335
0.48040014166666684
0.48133298430000016
0.4824286148333335
0.48443896176666684
0.48596729076666684
0.4882171933000002
0.4920167512000002
0.4935849582000002
0.49858856626666687
0.5000452525666669
0.5049376632666669
0.5074130724333336
0.5084370487000002
0.5122972580666668
0.5156825011666668
0.5162196849000001
0.5168747350333335
0.5176051834666668
0.5192340625666668
0.5201824916333335
0.5212807530666669
0.5232416049666668
0.5253455697333335
0.5267215145000002
0.5281734146333334
0.5304359067666667
0.5319192731666668
0.5346625288000001
0.5360677211000001
0.5401079071666668
0.5413720073333335
0.5439030388000001
0.5462078461333335
0.5485528725000002
0.5493835535333335
0.5526470589333334
0.5532711234000001
0.5542288129
0.5553217745666666
0.5574008357333333
0.5595884002333333
0.5609547500333334
0.5632139001
0.5671064258666667
0.5683544728666667
0.5694440069333334
0.5718596381666667
0.5763017907666668
0.5785214851000001
0.5791951517000001
0.5835768907333335
0.5840665333666668
0.5846397037666669
0.5853302721666669
0.5862913465666669
0.5873719463333336
0.5896296675333336
0.5921754637333335
0.5934507072000001
0.5956912007666668
0.5997067194000002
0.6008075981666668
0.6017423412666668
0.6055288843000002
0.6077081306000002
0.6098034435666668
0.6103496757666669
0.6150598000333335
0.6168157504333335
0.6177748057666668
0.6188368529000001
0.6199662411333334
0.6222510549333334
0.6234327150000001
0.6256090146000001
0.6281345177666667
0.6291006272333334
0.6299002635333334
0.6320511355666667
0.6339926562666667
0.6344350928333333
0.6361791572333333
0.6371674408
0.6376651905666667
0.6382656188
0.6389793958666666
0.639818027
0.6407701455333333
0.6418083097666667
0.6429408094333333
0.6440718057333333
0.6452004411666666
0.6473905633333333
0.6484787225
0.6505412650333334
0.6515429535333335
0.6539155567333335
0.6547603610666668
0.6569428248000001
0.6576257719000002
0.6595925904666669
0.6601034164333335
0.6618578947000001
0.6622153678333335
0.6637740896666668
0.6640032029666668
0.6648409550333335
0.6657817127333335
0.6667915004666669
0.6692714274000002
0.6717393065333336
0.6727360862666669
0.6746522257000003
0.6769848724666669
0.677721888866667
0.6811238551000003
0.6817066367000003
0.6848264045000003
0.6865966015000003
0.6881638511333337
0.6884514990000004
0.691072822666667
0.6921367678000003
0.692656833066667
0.6932762624666671
0.694001937366667
0.6948354553000003
0.695760922966667
0.6967386422000004
0.6977698074000004
0.6987556285666671
0.6996646936333337
0.7005255134000004
0.701323095066667
0.7033000246000003
0.7039421328333336
0.7057095203333337
0.7062065443333336
0.707762517766667
0.7081118352000003
0.7094649791333336
0.709695155866667
0.710870266566667
0.7110021625000003
0.7122407491666669
0.7136649736000003
0.7151233381333336
0.7179823154666669
0.7193017757333335
0.7218792947333336
0.7243299191666669
0.7253567168333336
0.7298650490333336
0.7307413647000003
0.7325181776333336
0.7349394457000002
0.7365110249666669
0.7371134758666669
0.7395561323666668
0.7410194247666668
0.7421983581000001
0.7435710592000001
0.7450103950000001
0.7464641608666668
0.7479240837333334
0.7491849488000001
0.7503093453
0.7512734297
0.7520922886666667
0.7547843363333333
0.7564895933666667
0.7578714215333333
0.7584329609666667
0.7605485089333334
0.7610172793333334
0.7623369752333334
0.7637840162000001
0.7652262037333335
0.7666526842000002
0.7679773600000002
0.7691793668666669
0.7714824144000002
0.7723872106333335
0.7731519024000002
0.7738457450666669
0.7754459432333336
0.776653790566667
0.7771769530333336
0.7790629113000003
0.7795022022666669
0.7801371682000002
0.7814901790000003
0.7829040341333336
0.7843510313000003
0.7857734968333336
0.7871587503666669
0.7884287649333336
0.7895677271000002
0.7905624596666669
0.7914051880333336
0.7921123729000003
0.7926875347333335
0.7932092532000002
0.7936897946000002
0.7946018440333336
0.7950067244333335
0.7964498993000002
0.7978497055333336
0.7989294449333335
0.8009001541333335
0.8016869518000002
0.8023429580000001
0.8046571075666668
0.8051014718666668
0.8061182212000001
0.8073035528333334
0.8080088718000001
0.8094385691000001
0.8108739480333335
0.8122926818333335
0.8136665944333334
0.8149648466666668
0.8161924818666668
0.8173552062666668
0.8183766069666668
0.8193259149000002
0.8202006911333335
0.8213937596666668
0.8221253251333335
0.8239924521000002
0.8245973862333335
0.8258635112000001
0.8263500982666668
0.8271456570333335
0.8275527039000002
0.8290419696666669
0.8296266784333336
0.8303461424666669
0.831775992266667
0.8331912992000003
0.8345267640000004
0.8358248536333337
0.8369921581333337
0.8380907058000003
0.8390449161333337
0.8399263051000003
0.8407338483000003
0.8418442065333337
0.842512985666667
0.8441545316000003
0.8447014872000003
0.8455423593000002
0.8465210393666669
0.8472454605333336
0.847609245866667
0.8486722748000003
0.8489809447000003
0.8496940197000002
0.8510795956333336
0.8523688998666669
0.8535497285000002
0.8546529529666669
0.8556212389333335
0.8565078512333335
0.8573217151666669
0.8580630192333335
0.8586707323666668
0.8595583850333335
0.8600499242333335
0.8613674346666668
0.8617562434000001
0.8624138808333335
0.8627375132333335
0.8635049204333335
0.8640383488000002
0.8653881321333335
0.8666261724000002
0.8678102323666669
0.8688466622666668
0.8696647056666669
0.8704104337000002
0.8720354176000001
0.8725818700666668
0.8730182043000001
0.8737121721333334
0.8754182348333334
0.8760105344333333
0.8762940063333333
0.8773427223666667
0.8775826116
0.8782377032666666
0.8794910830333332
0.8806769462666666
0.8818024892999999
0.8828562250333333
0.8838294532666666
0.8847284395999999
0.8855627931999999
0.8863188324666665
0.8870036480333332
0.8876194175666665
0.8884930841666665
0.8889865671333331
0.8897262400666665
0.8901161566666664
0.8907470491333331
0.8910508020999998
0.8915874816333331
0.8918388694333331
0.8923082051999998
0.8925206615333331
0.8936365019999998
0.8949135196999998
0.8955920764999997
0.8965307345666664
0.8969582901999997
0.8972904347666664
0.8986992538666664
0.8994681690999997
0.9001725848666664
0.9003828743333331
0.9013851164999998
0.9019247541599997
0.9024465756599998
0.9034216098266664
0.9043215536599998
0.9051429764933331
0.9058919266599997
0.9065791870266664
0.9071949668599998
0.9077442169266664
0.9082306273599997
0.9089485865266663
0.909328203593333
0.9099254446599997
0.910217906493333
0.9107221797599997
0.910946638493333
0.9113732548266663
0.9115579736599997
0.911929242653333
0.9120845864366663
0.9125360349366664
0.9132853380699997
0.9138345612366663
0.914319441403333
0.9149630916699997
0.9152882860366663
0.915533805103333
0.9159775827366664
0.9163508246366664
0.9165013098366664
0.9168239536533331
0.9171047698799998
0.9174806156799998
0.9185207537799999
0.9194629601466665
0.9199495426133332
0.9206720045799999
0.9210412119466665
0.9213189398466666
0.9220286982133332
0.9222348934133332
0.9226269422133332
0.9229738739133332
0.9234944258799999
0.9236181406799998
0.9241638321566665
0.9244250601699998
0.9247282921366665
0.9252692425366665
0.9260788229033332
0.9265059933033332
0.9268754640033332
0.9274606559366665
0.9279737710033331
0.9282073637699998
0.9288303819366664
0.9290000982033331
0.9293439465033331
0.9296208991033331
0.9299077679366664
0.930006173563333
0.9303564961999997
0.930435787893333
0.9308072577933331
0.931124172493333
0.9316343200599997
0.9325472897599997
0.9327394158266663
0.9328749068266663
0.933518340093333
0.9339593650599997
0.9342072117266663
0.934281890033333
0.9350486505099996
0.9351073593716663
0.9354339626716663
0.9359613640049996
0.936648962838333
0.9368094819049997
0.937684343738333
0.9377946842049997
0.938301933138333
0.9386702070416664
0.938728476858333
0.9391128618506663
0.939393701108333
0.9395331751749997
0.9397643478749996
0.9399540536416663
0.9403097988416663
0.940438390208333
0.9407185125749996
0.9408039965416662
0.9410329051416663
0.9410906895749996
0.941279600208333
0.9413223907849997
0.9414801792423331
0.941512270877333
0.941605711877333
0.9419544833439997
0.9422611831439996
0.9423568611439996
0.9427431434439997
0.9428026151106663
0.942997000277333
0.943136817137333
0.9432968296239996
0.9433231101439996
0.943519905348333
0.943538573735333
0.943596384635333
0.9443558520019997
0.944425561635333
0.9447790209019996
0.9448191528686662
0.9451907503019996
0.9453267564286663
0.9455737355719996
0.9455891507486663
0.9458270324329997
0.9459348932363331
0.9464126148696664
0.9466175612029998
0.9467796895363331
0.947128434736333
0.9476134254029996
0.9478453853896663
0.9479580153699997
0.9482667896769997
0.9484565779882664
0.9484751894215998
0.9486341797549331
0.9486524990882664
0.9487827491949331
0.9487917576882664
0.9489001639782664
0.9489055326055997
0.9489942349759998
0.9489975081411332
0.9491245524744665
0.9495945152611331
0.9498857462811331
0.9501486487017997
0.950238675140133
0.9505142019873997
0.950591557576533
0.9505950995098663
0.950700272146533
0.9507028022831996
0.9507911148741995
0.9507923750735329
0.9508636313106995
0.9508642885152995
0.9509589466452995
0.9512448670089662
0.9514057337539662
0.9514805081546329
0.9516659305079996
0.9517727634797496
0.951910994285083
0.9520283897237496
0.9520285349737496
0.952246052832333
0.9523156593482096
0.952383678991543
0.9524463683014096
0.952578119004073
0.9526311966806096
0.952631212812643
0.9526793248311329
0.9526793319192962
0.9527440016431129
0.9528559203239152
0.9528559205128841
0.9531684404128842
0.9539978979462175
0.9544117063128842
0.9549650808462176
0.9552895934462176
0.9558028186795509
0.9561495739795508
0.9563267826795508
0.9564580972795509
0.9566672111795509
0.9568995704462175
0.9570664872128842
0.9571392763028842
0.9574508601795508
0.9575087984895508
0.9576816651612176
0.9577555890213509
0.9578973767286842
0.9579351623949842
0.9580773489115686
0.9581115397156756
0.9584867806156756
0.9588283953823423
0.9591274392823423
0.959366352949009
0.9595503784823423
0.9596838381156756
0.9597683862156756
0.9598331157156756
0.9600003080823423
0.9601782046156756
0.9602024387490089
0.9602503976156755
0.9602573967823422
0.9604857685823422
0.9604877930090089
0.9605719017656755
0.9605722582656755
0.9606543170653422
0.9606894071476089
0.9607425434811089
0.9607425460148622
0.9607833066084496
0.9608182724986466
0.9610736374986466
0.9614800135986467
0.9618428037986466
0.96212266683198
0.96236052883198
0.9625339406986466
0.9628843323653132
0.9629896695653133
0.9630768286653133
0.9631507891653133
0.9633202958986467
0.96337676011198
0.96358610612198
0.96363021338898
0.9637194316433133
0.9638287953107466
0.9639007684703133
0.9639281160384999
0.9639898459111029
0.9640271117418983
0.9643928521418983
0.9647472964418983
0.9650875096085649
0.965404982108565
0.9657027505085649
0.9659762917085649
0.9662194363418982
0.9664343306085649
0.9666199967085649
0.9667824561752316
0.9669162428085649
0.9670320853752316
0.9671217000752316
0.9671923715752315
0.9672452317085649
0.9672822608752316
0.9673090568752316
0.967327256308565
0.967336738908565
0.9673414328418983
0.967413179518565
0.9674144186252317
0.9674718335952317
0.9674720250022317
0.9675182348455651
0.9675182440564651
0.9675559178035584
0.9675559187676551
0.96758199435508
0.9675819943716168
0.9677857629716169
0.9681029231049503
0.9683434446049503
0.9686366992382835
0.9688249826049502
0.9689087603382835
0.9689928846716169
0.9691085453382836
0.9691517918516169
0.9692817407249502
0.9693147917659503
0.9694377188846169
0.9694795483777836
0.9695387563432003
0.9695581482653136
0.9696057815561835
0.9696469674787226
0.9699651338453893
0.9702596785787226
0.9705096276453893
0.970952654112056
0.9710959424453893
0.9711962964453893
0.9712550810120559
0.9714028749453892
0.9715216607453893
0.971535202812056
0.9716133303787227
0.971638022092056
0.9716387691120559
0.9717786233363893
0.9717787242107226
0.9718592934018226
0.9718948598769893
0.9719580522203594
0.9719580525775627
0.9720450256675348
0.9720463412288514
0.9723197591288514
0.9725228693621847
0.9726901138621847
0.9728051246621847
0.9728691581621847
0.972920703495518
0.9730418422621846
0.9730730659355179
0.9730962145965179
0.9731612528848178
0.9732922227733078
0.9733357962428145
0.9733484557914415
0.9734066046922061
0.9734158267946412
0.9737300026946413
0.9740029064279746
0.9742311151279746
0.9744047381946412
0.9745309740279746
0.9746177056613079
0.9746663493279746
0.9747737939279746
0.9747837791279745
0.9747884023613078
0.9747904322379745
0.9749177039713078
0.9749181476479745
0.9749620728326411
0.9749621250289745
0.9750020682146079
0.9750201713049013
0.975046858771238
0.975046858900156
0.9750646161229648
0.9750844618242296
0.9752028884908962
0.9755318674908962
0.9757037691908962
0.9758425507908962
0.9760538020908962
0.9761457124908962
0.9762187627242296
0.9763453305575629
0.9763935094908962
0.9764314824908962
0.9765038278442295
0.9765790185742295
0.9766007490808961
0.9766797324985628
0.9766951752572295
0.9767385083622628
0.9767591017049828
0.9767922200968732
0.9767998960402375
0.9768241276309819
0.9768294389316334
0.9771414287649668
0.9774364003649668
0.9777132522983002
0.9779658365983002
0.9781977954316335
0.9784060291983002
0.9785866730649669
0.978742640764967
0.9788736543983003
0.9789847126983003
0.9790739965316336
0.979148751864967
0.9792026147983003
0.9792426499649669
0.9792703827983003
0.9792880901649669
0.9792998100983002
0.9793071067316336
0.979310282094967
0.9793115914616336
0.979358245184967
0.9793585048423002
0.9793949182093002
0.9793949447333002
0.9794227337391003
0.9794227343758736
0.9794445135455456
0.9794445135908832
0.9794578446912554
0.9794578446915884
0.979705705758255
0.979799689258255
0.9798535682485884
0.9798953093297217
0.9799581453389951
0.9800221975150007
0.9800470639416298
0.9800830677641311
0.9801223830219266
0.9804171417885932
0.9806936592219265
0.9809513880885932
0.9811849779885932
0.9813980132885932
0.9815879332885932
0.9817514117552598
0.9818914536219265
0.9820079314219265
0.9821054750552599
0.9821832043885933
0.98224744285526
0.9822925087885933
0.9823252768885933
0.9823473604885933
0.9823610064219266
0.9823697558552599
0.9823750407885932
0.9823771982952598
0.9823780322952598
0.9824184492185931
0.9824185989849264
0.9824497239635931
0.9824497372031931
0.9824729936891231
0.9824729939379705
0.9824909543869829
0.9824909544025243
0.9825014684359481
0.9825014684360329
0.9825609448026996
0.9826529495026997
0.9828030864026996
0.982859524536033
0.9829025731026997
0.9829868083026997
0.9830132760026997
0.9830334229726997
0.983078445096033
0.9831287356160331
0.9831393306786997
0.9831903762408664
0.9831974570995664
0.9832244706007397
0.9832346549215704
0.9832547417840123
0.9832578178963589
0.9832709602297363
0.9832729446864452
0.9837000364864452
0.9839644843531119
0.9841623069197786
0.9843081821531119
0.9844653860864452
0.9845165802531118
0.9845786311097785
0.9846085986934452
0.9846320499863785
0.9846834630087719
0.9847111735370422
0.9847419306222647
0.9847559769274592
0.9847857702467737
0.9847964905467946
0.9848306783467946
0.9848694404134613
0.9848852244967946
0.9848965587167946
0.9849355793457946
0.9849408237094612
0.9849440599566945
0.9849642430351745
0.98497909948525
0.9849802899915584
0.9849884762182352
0.9849919726515788
0.9851914438515788
0.9853492583182454
0.9854829876515787
0.9855577825182453
0.9856047444515786
0.985664888484912
0.985717167284912
0.9857198683015787
0.985746552144912
0.985746878108912
0.9858173565492454
0.9858174042789121
0.9858612858592787
0.985861288988392
0.9859053500579253
0.9859149886895924
0.9859337373954649
0.9859337373971583
0.9859574772557298
0.9859575968734015
0.9860380872400681
0.9860856601234015
0.9861397235207349
0.9861648445140682
0.9861833637456114
0.9862103998590358
0.9862329990304318
0.9862554383035712
0.9862653288378624
0.9862800736077366
0.986294949441451
0.9865413583081177
0.9867675594747845
0.9869743576747845
0.9871586085747844
0.9873230790081178
0.9874668659747844
0.9875877279081178
0.9876886885747844
0.9877699688081177
0.9878352342747844
0.987885710741451
0.9879256489081177
0.9879513046081178
0.9879686757747844
0.9879794068081178
0.9879853878081178
0.9879888548747845
0.9879907612081178
0.9879913963681178
0.9879915964424512
0.9880176212961178
0.9880176476772178
0.9880366760552511
0.9880366775374312
0.9880499233701968
0.9880499233830651
0.9880596816850233
0.9880596816855619
0.9880646298522296
0.9880646298522308
0.9880740922522308
0.9881557881522307
0.9881616903288973
0.9881654753522306
0.988184592300564
0.988214224880564
0.9882156294814973
0.9882533436587473
0.9882541032356473
0.9882666675880066
0.988281755991701
0.9882908247411548
0.9882910373464557
0.9882959363097895
0.9882975091947901
0.9884676824947901
0.9887327155281235
0.9889287282281235
0.9890687004947901
0.9891677849947901
0.9892325676281234
0.9893171760947901
0.9893486529181235
0.9893716100477902
0.9893887257279235
0.9894013821847635
0.9894146583560042
0.9894225371233081
0.9894292247568086
0.9894387160095885
0.9894489920762555
0.9894522142162555
0.9894927090275888
0.9895352987549221
0.989535888683822
0.9895361811201354
0.989561380832328
0.9895777225320391
0.989595806073066
0.9895958748018249
0.989613843036969
0.9896138751682357
0.9898313422015691
0.9900284087349024
0.9902064808349024
0.9903636483015691
0.9905017612349024
0.990620980901569
0.990719498201569
0.9908002602349023
0.9908636946682357
0.9909129901349023
0.990950261001569
0.9909788207349024
0.9909960195349024
0.9910070833349024
0.9910135105682357
0.991016841981569
0.9910186396449023
0.9910195656849023
0.9910198326249023
0.991019905327569
0.9910390695271023
0.991039077258569
0.991052514956159
0.991052515272144
0.991061394206084
0.9910613942076727
0.9910677221078751
0.9910677221079257
0.9910706152445924
0.9910706152445924
0.9910923245179257
0.9911275464565924
0.9911377018414257
0.9911446439515577
0.9911615868001792
0.9911647082720402
0.9911687494235402
0.991175408066648
0.9913794651999813
0.991563270066648
0.991728439066648
0.991873598666648
0.9920000832999814
0.9921085584333147
0.992197385566648
0.9922694694666481
0.9923253408999814
0.9923679965999813
0.9923998616333146
0.9924238732666479
0.9924378518999812
0.9924466085999812
0.9924515368999812
0.9924539976233145
0.9924552770866478
0.9924559145766478
0.9924560850273145
0.9924561280789812
0.9924724974296812
0.9924725015303146
0.9924837235863613
0.9924837237286263
0.9924909390755633
0.9924909390761025
0.9924959949428319
0.9924959949428469
0.9924981849628469
0.9924981849628469
0.9924987122795136
0.9924992066015136
0.9925084328100803
0.9925237048706803
0.9925238154063003
0.992537180347877
0.992537226800409
0.9925437491619604
0.9925446121816053
0.9925491350378732
0.992549142900148
0.9925511614784813
0.9925511645755714
0.9926497989089047
0.992741193542238
0.9928011746089047
0.9928406516755713
0.9928903149255713
0.9929048340955713
0.9929211174215713
0.992954435354438
0.9929608844002046
0.9929651328632019
0.992982948553552
0.9929874338503976
0.9929941904670833
0.9929959427570876
0.9930030156907352
0.9930068025948019
0.9930068879584686
0.9930141906261686
0.9930281110720686
0.9930281326590719
0.9930442530581225
0.9930442603704188
0.993049501524617
0.9930557795782559
0.9930593571254729
0.9930593579805486
0.9930608552148985
0.9930612218390852
0.9932032520390852
0.9933270948390852
0.9934824690057519
0.9935141116057519
0.9935308868057519
0.9935686222390852
0.9935980538524185
0.9935983487167518
0.9936123214067518
0.9936260263325851
0.9936260274405184
0.9936260274679595
0.9936319323766911
0.9936365637537492
0.9936429137704215
0.9936429137704227
0.9936492371279714
0.9936492371279714
0.9936550598329047
0.9936587648200114
0.993670529733859
0.9936728426731528
0.9936816814407033
0.9936846399757381
0.9936885631565711
0.9936894163513367
0.9936911827832383
0.993693524843827
0.9938615862104937
0.9940104934771604
0.9941421783771605
0.9942565703104937
0.9943534269104938
0.9944347760438271
0.9944994208438271
0.9945501541104939
0.9945878046771606
0.9946149268771606
0.9946344277104939
0.994648367110494
0.9946556572438273
0.994659859910494
0.994662002790494
0.9946629551171606
0.9946633958838274
0.9946635940364941
0.9946636358531608
0.9946636441884941
0.9946736413814007
0.994673641945944
0.994680015030627
0.9946800150423868
0.9946837741765023
0.9946837741765208
0.994686274823189
0.9946862748231894
0.9946871878698561
0.9946871878698561
0.994701465274836
0.994709186962166
0.9947145912255079
0.9947225772032994
0.9947279356117322
0.994730474140108
0.9947334851317224
0.9947353664390315
0.9947803202723648
0.9948343612056982
0.9948666596056982
0.9948835764990316
0.9948961718956982
0.9949034746693649
0.9949091458200315
0.9949135319922315
0.9949169511713649
0.9949190122952746
0.9949258345115742
0.9949270528698664
0.994931049194124
0.9949317549941297
0.9949342459641302
0.9949346467641302
0.9949356208914902
0.9949370883618236
0.9949370885621782
0.9949428218662639
0.9949428219175777
0.9949454911175498
0.9949457012791987
0.9949474303610121
0.9949474303633946
0.994948025010584
0.994948025011076
0.9950954579777427
0.9952247901444093
0.995337957711076
0.995435536711076
0.9955163386777427
0.995583154011076
0.9956350719777427
0.9956748205777427
0.9957033977110761
0.9957231278110761
0.9957369388444094
0.995746452211076
0.9957510642777427
0.9957535730077427
0.995754767111076
0.9957552564344093
0.995755465129076
0.9957555525337426
0.9957555681438426
0.9957555707780559
0.9957626424965725
0.9957626426375052
0.9957669226476202
0.995766922649678
0.9957692982131175
0.9957692982131193
0.9957708234197861
0.9957708234197861
0.9957713167464527
0.9957713167464527
0.9957750088073102
0.9957803666058667
0.9957843002750761
0.9957857740554944
0.995787369004565
0.9957882827205784
0.9958783832539118
0.9959388236872451
0.995955567587245
0.9959633815205784
0.9959653047505784
0.9959661884339117
0.9959749669305784
0.9959750243102451
0.9959752139363784
0.9959752153923951
0.9959837642681051
0.9959837643371671
0.9959876349565212
0.9959876349573616
0.995992188394033
0.9959928644007002
0.9959940518102669
0.9959940518102669
0.9959955831165892
0.9959955835185892
0.9959955835191231
0.995997246352692
0.995997347057776
0.995998386254475
0.9959983862544873
0.9959986987447252
0.9959986987447269
0.996012860844727
0.996027653244727
0.9960339543113936
0.996038231944727
0.9960529222420603
0.9960587233940603
0.996060228408727
0.9960613042480603
0.9960620800672436
0.9960703981517016
0.9960707963351136
0.9960739062176548
0.9960741053046593
0.996075734294606
0.9960761031012728
0.9960770823156061
0.9960771283019394
0.9960774197009904
0.9960779913056237
0.9960793190777316
0.9960824867369783
0.9960840760269792
0.9960846862903129
0.9960853824734464
0.9960857788901131
0.9962068024901131
0.9963114605567798
0.9964015153234465
0.9964782615234464
0.9965394124234465
0.9965886584234465
0.9966255291234465
0.9966526393901132
0.9966711588567798
0.9966830971234465
0.9966911155901131
0.9966963274234465
0.9966985686167799
0.9966996816867798
0.9967001574467798
0.9967003291817798
0.9967003935744464
0.9967004177436464
0.9967004210590931
0.9967004214893064
0.99670451889025
0.9967045189062106
0.9967068029903328
0.9967068029904664
0.9967079547238044
0.9967079547238044
0.996708655140471
0.996708655140471
0.9967088420048044
0.9967088420048044
0.9967093714418044
0.9967109801476284
0.996711001521495
0.9967118289350907
0.9967121981381968
0.9967829816381968
0.9968157487715301
0.9968257788048634
0.9968300113381968
0.9968457154615301
0.9968510722148635
0.9968510877245301
0.9968527615493368
0.9968564325460167
0.9968612621047808
0.9968612621123094
0.9968612621123615
0.9968625519846964
0.9968634348739565
0.9968641081176232
0.9968641081176232
0.9968647470007254
0.9968647470007254
0.9968652140640587
0.996865568477392
0.9968659502441787
0.9968661675733453
0.9968695921066787
0.996871997930012
0.996873510313012
0.9968818508526787
0.996884393121912
0.9968848358673453
0.9968851353554553
0.9968853395727619
0.9968896053733273
0.9968896987588344
0.996891234054968
0.9968912755413214
0.9968920014731553
0.9968921186079552
0.9968925373402886
0.9968925448526219
0.9968926445321802
0.9968928799411668
0.9968928799411668
0.9968929605495335
0.9968929605495335
0.9969530635495335
0.9969888486495335
0.9969958580828668
0.9969986186795335
0.9969990906362002
0.9970023340108668
0.9970023402567001
0.9970023409043001
0.9970023409679334
0.9970053755949924
0.9970053755966058
0.997006613312875
0.9970066133128825
0.9970080158305389
0.9970081593558722
0.9970084675467684
0.9970084675467684
0.997008539221853
0.9970085392371442
0.9970085958756972
0.9970086422893009
0.9971016056559675
0.9971804295559675
0.9972465377893008
0.9973018608559675
0.9973433441893008
0.9973754039893008
0.9973981171893008
0.9974138618893008
0.9974238543893008
0.9974296850559675
0.9974333871559675
0.9974356044426342
0.9974364081259676
0.9974367592093009
0.9974368881869675
0.9974369271339675
0.9974369392942009
0.9974369432142342
0.9974369435831675
0.9974369436160986
0.9974388288216111
0.9974388288223442
0.9974397636823655
0.9974397636823683
0.9974401749357017
0.9974401749357017
0.9974404071737017
0.9974404071737017
0.9974404541570351
0.9974404541570351
0.9974404541570351
0.9974431583040351
0.9974483732570351
0.9974484143984984
0.9974502040128521
0.997450548507846
0.9974505533867084
0.9974519785307967
0.9974519801613044
0.9974522954805661
0.9974523303704628
0.9974526738441324
0.9974526740060641
0.9974528058110654
0.9974528058592415
0.9975158667592414
0.9975475327925748
0.9975664763292414
0.9975739203565082
0.9975778728925648
0.9975806668632478
0.9975824456007636
0.9975837835933165
0.9975857732736854
0.997586531549686
0.9975873731267596
0.997587442120646
0.9975876356846564
0.997587664886723
0.9975877135812871
0.9975877296629344
0.997669178729601
0.9977374937296011
0.997793951529601
0.997840703929601
0.997874584329601
0.9979001742962677
0.9979177738629343
0.9979295985629344
0.9979368180962678
0.9979408131629345
0.9979432788862678
0.9979446939162677
0.9979451626296011
0.9979453541016011
0.9979454190956011
0.9979454369753678
0.9979454420452344
0.9979454435560944
0.9979454436726344
0.9979454436811754
0.9979466966366353
0.9979466966367813
0.9979472809134511
0.9979472809134514
0.9979475201277848
0.9979475201277848
0.9979476502087847
0.9979476502087847
0.9979476729321181
0.9979476729321181
0.9979477275087847
0.997949717415918
0.997949729278608
0.9979497354210227
0.9979500316030776
0.9979500326345777
0.9979505926806747
0.9979505929803099
0.9979508888914346
0.9979509129090692
0.9979510251686152
0.9979510251907923
0.997951044178165
0.9979510441838226
0.9980272687504893
0.9980908323838227
0.9981429512838227
0.998185868217156
0.9982164163171561
0.9982392139171561
0.9982546553838227
0.9982648653838228
0.9982709768838227
0.9982742677838227
0.9982762702538227
0.9982773946438227
0.998277750277156
0.9982778906631561
0.9982779364314894
0.9982779484374561
0.998277951677856
0.998277952605756
0.9982779526703827
0.9982779526746637
0.9982789690523562
0.9982789690524202
0.9982794283190881
0.9982794283190882
0.9982796095597549
0.9982796095597549
0.9982797062560883
0.9982797062560883
0.998279721919355
0.998279721919355
0.9982941737860217
0.9983034109426884
0.9983078379760217
0.998310650953355
0.9983119933240217
0.9983124551859216
0.9983127761755543
0.9983133868759065
0.9983144587146829
0.9983145619797251
0.9983146086530585
0.9983147977809019
0.998314863888525
0.9983149605296583
0.9983149692505583
0.998314987910408
0.9983149926671213
0.998316552750588
0.998317040843029
0.9983173044243637
0.9983176468255425
0.9983176846324532
0.9983177574850112
0.9983177574871052
0.9983177701658748
0.9983177701663205
0.9983368706663205
0.9983495086663204
0.9983576631663205
0.9983623990329872
0.9983648446363205
0.9983758798529871
0.9983766710463204
0.9983769042133205
0.9983805448679871
0.9983805716467538
0.9983805781798537
0.9983814264215637
0.9983814268622404
0.9983814268884889
0.9983815939259784
0.9983823319263154
0.9983823319263335
0.9983826701408005
0.9983826701408005
0.9983827886934672
0.9983827904212972
0.9983828518779638
0.9983828518779638
0.9983828607742822
0.9983828607742822
0.9984495824409488
0.9985045346742821
0.9985488411409488
0.9985848904409488
0.9986096055409488
0.9986275945076155
0.9986394030409489
0.9986469596742822
0.9986513037742822
0.9986535154309489
0.9986548234609489
0.9986555259609489
0.9986557280929489
0.9986558024946156
0.9986558248333489
0.9986558301513155
0.9986558314486655
0.9986558317912688
0.998655831810622
0.9986558318116642
0.9986564940518955
0.9986564940519074
0.9986567746315742
0.9986567746315742
0.9986568773205742
0.9986568773205742
0.9986569300429076
0.9986569300429076
0.9986569373556409
0.9986569373556409
0.9986571401809942
0.9986576069158583
0.9986578218368162
0.998657860161464
0.998658219748434
0.9986582356207644
0.9986582430983822
0.9986583065202634
0.9986583089936379
0.9986583165571227
0.9986583179399728
0.9987207187066395
0.9987717711066395
0.9988125669733062
0.9988455504066396
0.9988677261066395
0.9988836588733062
0.9988939512733062
0.9989004287066395
0.9989040765066395
0.9989058809799728
0.9989069331133061
0.9989074855066394
0.9989076369319728
0.9989076907159729
0.9989077062003395
0.9989077097086062
0.9989077105213429
0.9989077107273312
0.9989077107377833
0.9989077107382895
0.9989082426983976
0.9989082426984026
0.998908460781736
0.998908460781736
0.9989085375800694
0.9989085375800694
0.9989085762534027
0.9989085762534027
0.9989085812067694
0.9989085812067694
0.9989438500067694
0.9989530810034362
0.9989580131701028
0.9989608442431028
0.9989628553696995
0.9989635961023379
0.998964092153806
0.9989642864958093
0.9989643820291426
0.9989644483374769
0.9989644598898616
0.9989644929577616
0.9989644929577616
0.9989644971693828
0.9989644971694519
0.9989644972924392
0.9989644973540415
0.9989644973793976
0.9989646090172699
0.9989646090220946
0.9989646090241606
0.9989646090250325
0.998964609064613
0.9989646126031283
0.9989646126031883
0.9989646126032121
0.9989646126032464
0.9989646126032501
0.9989678730832501
0.9989691610899167
0.9989698678652501
0.9989701782718501
0.9989702510519678
0.9989703006642158
0.9989703198556886
0.9989703310490899
0.99897033520849
0.9989703377894583
0.9989703386916423
0.998970339208249
0.9989703395134588
0.9989703396863255
0.9990248658529922
0.9990688441196589
0.9991033288196589
0.9991308417863256
0.9991486045196589
0.9991610295196589
0.9991687973863256
0.9991735226529922
0.9991760743963255
0.9991772643429921
0.9991779386929921
0.9991782767429921
0.9991783606673255
0.9991783883840588
0.9991783957091922
0.9991783972096355
0.9991783975223568
0.9991783975952795
0.9991783975982497
0.9991783975983655
0.9991783975983883
0.9991783975983892
0.9991783975983892
0.9991783975983892
0.9991783975983892
0.9991783975983892
0.9991783975983892
0.9991783975983892
0.9991783975983892
0.9991783975983892
0.9991783976005462
0.9991784492304412
0.9991784492305518
0.9991784539488853
0.999178453948899
0.9991784657696482
0.9991784679985865
0.999178467998587
0.9991784679985872
0.9991784680013611
0.9991784680013611
0.9992035494346945
0.9992299784013612
0.9992362904480279
0.9992395481983612
0.9992411921517946
0.9992423929612779
0.9992428291175519
0.9992430453402731
0.9992431495226067
0.9992431983346067
0.9992432026057734
0.9992432026057734
0.9992432026057734
0.999243202642348
0.999243202642358
0.9992440663556913
0.9992446535613579
0.999244930768358
0.9992450206555247
0.9992463645944947
0.9992463832772611
0.9992463942427245
0.9992464387074285
0.9992464427923288
0.999246444877239
0.9992464699961356
0.999246470649099
0.9992464710087023
0.9992464713843122
0.9992464714899792
0.9992464715463673
0.999246471577638
0.9992464716577145
0.9992464938224733
0.9992464938224759
0.9992465066849433
0.9992465066849435
0.9992465095737005
0.9992465106278505
0.9992465116516639
0.9992465116516639
0.9992465122059978
0.9992465122059978
0.9992555173059978
0.9992609150393311
0.9992640585059978
0.9992656671426644
0.9992663620526644
0.999271035169331
0.9992712146996644
0.9992712539126644
0.9992724910296977
0.9992724938220344
0.9992724943244944
0.9992726974601881
0.9992726974793438
0.9992726974799309
0.9992727254639148
0.9992727254639179
0.999272725463918
0.9992727276641813
0.9992727276641813
0.9992727276641813
0.9992727277763597
0.9992727277763597
0.9992727277763597
0.9992727277771559
0.9992727277771559
0.9992934922438226
0.9993044889904893
0.9993051115938226
0.999305269384156
0.9993066719614226
0.9993066742551859
0.9993066742697728
0.999306674398448
0.999306854490793
0.9993068598710895
0.9993068598710895
0.9993068598710895
0.9993068604631228
0.9993068604632133
0.9993068604634118
0.9993068604634118
0.9993068605193642
0.9993068605193642
0.9993068785450213
0.999306885427728
0.9993068876948598
0.9993068877138668
0.9993068877240672
0.9993068877525121
0.9993312104191787
0.999350066852512
0.9993574466191787
0.999370191352512
0.9993706899891787
0.9993708115761787
0.9993708185439454
0.9993714712025754
0.9993714714588131
0.9993714714672287
0.9993716182291118
0.9993716183376755
0.9993716183376755
0.9993716183488424
0.9993716183488424
0.9993716183488424
0.9993716183498565
0.9993716183498565
0.9993716183498565
0.9993716183499382
0.9993716183499382
0.9993785176166048
0.9993825127166048
0.9993847577366048
0.9993858570499382
0.9993863027899382
0.9993897735046049
0.9993898801036049
0.9993899010504382
0.9993907482506715
0.9993907495125649
0.9993907497167086
0.9993908724092062
0.9993908724155822
0.9993908724157367
0.9993908873332736
0.9993908873332742
0.9993908873332742
0.9993908883396209
0.9993908883396209
0.9993908883396209
0.9993908883826292
0.9993908883826292
0.9993908883826292
0.9993908883828513
0.9993908883828513
0.9993908883828513
0.9993908883828513
0.9993908883828513
0.9993908883841189
0.9993908886833796
0.9993908886833796
0.9993908886833796
0.9993908886833798
0.9993908886833798
0.9993909704203797
0.9993910332272464
0.9993910495924164
0.9993916531426498
0.9993916557788214
0.9993916572007563
0.9993916687840179
0.9993916692495348
0.9993916694580312
0.9993916757039955
0.9993916757586642
0.9993916757861772
0.9993916758262692
0.9993916758330036
0.9993916758362795
0.9993916758379713
0.9993916758470425
0.9993972968803758
0.9994044235137092
0.9994060254717092
0.9994070534650425
0.9994076980773758
0.9994079459012758
0.9994081036007525
0.9994082034794568
0.9994082425038686
0.9994082665242574
0.9994082811572919
0.999408289980192
0.999408295245792
0.9994082985104626
0.9994083003299193
0.999408301383506
0.999408301383506
0.999408301383506
0.999408301383506
0.9994083013860164
0.9994083013860167
0.9994083013860167
0.9994083015173172
0.999408301690069
0.9994083017263768
0.9994083017263768
0.9994083017361014
0.9994083017361014
0.9994417901694347
0.9994672343027681
0.9994857262027681
0.9994997364027681
0.9995074750027682
0.9995123664694349
0.9995150765227682
0.9995165314861015
0.9995172048661015
0.9995174564417681
0.9995175855131014
0.9995176400591015
0.9995176494119015
0.9995176517718015
0.9995176522264515
0.9995176522906205
0.9995176522996373
0.9995176523011895
0.9995176523012173
0.9995176523012177
0.9995176523012178
0.9995176523012178
0.9995176523012178
0.9995176523012178
0.9995176523012178
0.9995176523012178
0.9995176523012178
0.9995176523012178
0.9995176523012178
0.9995176523012178
0.9995176602374178
0.9995176626658845
0.9995176629095551
0.9995176630249144
0.9995176630498729
0.9995176630612311
0.9995176630634839
0.9995176630644659
0.9995176630646447
0.9995176630647196
0.9995176630647504
0.999517663064763
0.999517663064763
0.9995176630649698
0.9995176631459928
0.9995176631459928
0.9995176631459928
0.9995176631459928
0.9995176631459928
0.9995259842893262
0.9995267632476594
0.9995270426839927
0.9995275504207958
0.9995276367839803
0.9995276488359655
0.9995276558493751
0.9995276602735286
0.9995276664145253
0.9995276677069953
0.9995276686756037
0.9995276690717371
0.99952766928751
0.99952766929341
0.99952766929341
0.99952766929341
0.9995276692940451
0.9995276692940451
0.9995566373607118
0.9995782185273784
0.9995935287940451
0.9996049458607117
0.9996109548273784
0.9996146376273783
0.9996166056607116
0.9996176235840449
0.999618073454045
0.999618230539045
0.9996183088817117
0.9996183403341117
0.999618345154345
0.9996183462759783
0.999618346472489
0.9996183464972885
0.999618346500381
0.9996183465008674
0.9996183465008742
0.9996183465008743
0.9996183465008743
0.9996183465008743
0.9996183465008743
0.9996183465008743
0.9996183465008743
0.9996183465008743
0.9996183465008743
0.9996183465008743
0.9996183465008743
0.9996183465008743
0.9996183465458721
0.9996183465458842
0.9996183465458888
0.9996183465458984
0.9996183465458991
0.9996286325125657
0.999632790395899
0.9996329139772323
0.9996329377465323
0.999633320964759
0.9996333209650287
0.999633320965032
0.999633320965032
0.999633321359324
0.999633321359324
0.999633321359324
0.9996333213864775
0.9996333213864781
0.9996333213864781
0.9996333213864781
0.9996333213864781
0.9996333213864781
0.9996362831831448
0.9996378229598114
0.9996385970698114
0.999638927359478
0.9996390368528113
0.9996404098781446
0.999640430516778
0.9996404334188214
0.9996406902792381
0.9996406903826621
0.9996406903946449
0.9996407153115083
0.9996407153117086
0.999640715311711
0.9996407173606576
0.9996407173606576
0.9996407173606576
0.999640717446376
0.999640717446376
0.999640717446376
0.999640717448488
0.999640717448488
0.999640717448488
0.999640717448492
0.999640717448492
0.999640717448492
0.9996407174492314
0.9996407174492314
0.9996407174493784
0.9996407174493784
0.9996407175163914
0.9996407175209885
0.9996407175227445
0.9996407226591116
0.9996407226627595
0.9996407226628535
0.9996407226628657
0.9996407226629631
0.9996407226642178
0.9996407226642182
0.9996407226642184
0.9996407226642204
0.9996407226642204
0.9996638956308871
0.9996806264308871
0.9996920537975538
0.9997003695642205
0.9997044285642205
0.9997068003975538
0.9997079995508871
0.999708585310887
0.9997088264772204
0.9997089022995537
0.9997089385462203
0.999708951992987
0.9997089537250037
0.9997089540807437
0.9997089541345884
0.999708954140308
0.9997089541409009
0.9997089541409822
0.9997089541409829
0.9997089541409829
0.9997089541409829
0.9997089541409829
0.9997089541409829
0.9997089541409829
0.9997089541409829
0.9997089541409829
0.9997089541409829
0.9997089541409829
0.9997089541409829
0.9997089541409829
0.9997089541409829
0.9997089541409829
0.9997089541409839
0.9997089541409839
0.9997304310409839
0.9997457689743172
0.9997561089076505
0.9997635711743172
0.9997671205409839
0.9997691611076506
0.9997701735676505
0.9997706586309839
0.9997708535926506
0.9997709127266506
0.9997709406003507
0.9997709506667173
0.999770951888594
0.999770952129118
0.9997709521637563
0.9997709521672263
0.9997709521675641
0.9997709521676083
0.9997709521676086
0.9997709521676086
0.9997709521676086
0.9997709521676086
0.9997709521676086
0.9997709521676086
0.9997709521676086
0.9997709521676086
0.9997709521676086
0.9997709521676086
0.9997709521676086
0.9997709521676086
0.9997709529399805
0.999770953039936
0.9997709530883867
0.9997709530996058
0.9997709531049016
0.9997709531053355
0.9997709531053355
0.9997709531053355
0.9997709531053359
0.9997709531053359
0.9997709531053359
0.9997709531053359
0.9997709531053359
0.9997725757786693
0.9997733582820026
0.9997737223120027
0.9997738633840026
0.9997739038936693
0.9997746217537359
0.9997746282359026
0.9997746289547359
0.9997747394383919
0.9997747394561054
0.9997747394577288
0.999774747511339
0.9997747475113565
0.9997747475113566
0.9997747480149366
0.9997747480149366
0.9997747480149366
0.9997747480300304
0.9997747480300304
0.9997747480300304
0.9997747480302837
0.9997747480302837
0.9997747480302837
0.9997747480302839
0.9997747480302839
0.9997807335969505
0.9997822355436172
0.9997849430736172
0.9997849787336172
0.9997849843225505
0.9997850556438154
0.9997850556450723
0.999785055645085
0.9997850564546651
0.9997850564550763
0.9997850564550763
0.999785056455096
0.999785056455096
0.999785056455096
0.9997850564550967
0.9997850564550967
0.9997850564550967
0.9997850564550967
0.9997850564550967
0.9997850564550969
0.9997850564550969
0.9997850840290968
0.9997852201515302
0.9997852316045969
0.9997852334845972
0.9997852343699264
0.9997852412695302
0.9997852413599383
0.9997852414009704
0.9997852414192963
0.9997852414273513
0.999785241430836
0.9997852414338126
0.9997852414344348
0.9997852414346917
0.9997852414346917
0.9997852414346917
0.9997852414346917
0.9997852414346917
0.9997852414346917
0.9997864291880251
0.999786980308025
0.9997872266993584
0.999787317580025
0.9997873418013584
0.9997878560282251
0.9997878595939917
0.999787859943665
0.9997879313731167
0.9997879313802417
0.9997879313808204
0.999787935870532
0.999787935870537
0.999787935870537
0.9997879361143964
0.9997879361143964
0.9997879361143964
0.9997879361205562
0.9997879361205562
0.9997879361205562
0.999787936120641
0.999787936120641
0.999787936120641
0.999787936120641
0.999787936120641
0.999787936120641
0.9997879361206436
0.9997879361206443
0.9997879361206445
0.9997879361207886
0.9997879361207886
0.9997879361207886
0.9997879361207886
0.9997879361207886
0.9997879361207886
0.9997879361207886
0.9997879361207886
0.9997879361207886
0.9997879361207886
0.9998024370874553
0.9998122133207886
0.999818368854122
0.9998226270541221
0.9998243966074554
0.9998253320274554
0.9998257535307887
0.9998259363574554
0.999826001303122
0.9998260176508887
0.9998260248354888
0.9998260270948588
0.9998260272965301
0.9998260273284225
0.9998260273319771
0.9998260273322405
0.999826027332259
0.9998260273322609
0.9998260273322609
0.9998260273322609
0.9998260273322609
0.9998260273322609
0.9998260273322609
0.9998260273322609
0.9998260273322609
0.9998260273322609
0.9998260273322609
0.9998260273322609
0.9998260273322609
0.9998260273322609
0.9998260677927608
0.9998260739718215
0.9998260740029064
0.9998260740165561
0.9998260740176078
0.9998260740177841
0.9998260740178548
0.9998260740178548
0.9998260740178548
0.9998260740178548
0.9998260740178548
0.9998260740178548
0.9998394445511881
0.9998483504511881
0.9998538788511881
0.9998576704178548
0.9998592023678547
0.9998599982911881
0.9998603499311881
0.9998604993798548
0.9998605511401881
0.9998605636747881
0.9998605691073882
0.9998605707678448
0.9998605709069268
0.9998605709279517
0.9998605709301747
0.9998605709303294
0.9998605709303395
0.9998605709303405
0.9998605709303405
0.9998605709303405
0.9998605709303405
0.9998605709303405
0.9998605709303405
0.9998605709303405
0.9998605709303405
0.9998605709303405
0.9998605709303405
0.9998605709303405
0.9998605709303405
0.9998605709303405
0.9998605709303405
0.9998605709303405
0.9998605709303886
0.9998605709303886
0.9998605709303886
0.9998605709303893
0.9998605709303893
0.9998605709303893
0.9998605709303893
0.9998605709303893
0.9998605709303893
0.9998639426970559
0.9998640646023893
0.9998640741865227
0.999864075403146
0.9998640782051126
0.9998640782064964
0.9998640785468035
0.999864078546804
0.9998640785468198
0.9998640785829941
0.9998640785829941
0.9998640785829942
0.9998640785829942
0.9998640785829943
0.9998640785829943
0.9998640785829943
0.9998640785829943
0.9998640785829943
0.9998640785829943
0.9998643102261943
0.9998643938830942
0.9998643938830946
0.9998643938830946
0.9998643938830946
0.9998643938830946
0.9998643938830946
0.9998643938830946
0.9998643938830946
0.9998643938830946
0.9998643938830946
0.9998643947718445
0.9998643949576903
0.9998643950352781
0.9998643965320679
0.9998643965376983
0.9998643965399736
0.9998643965408773
0.9998643965412302
0.9998643965413656
0.9998643965415391
0.9998643965415581
0.999864396541565
0.999864396541565
0.999864396541565
0.999864396541565
0.999864396541565
0.999864396541565
0.999864396541565
0.999864396541565
0.999864396541565
0.999864396541565
0.999864396541565
0.999864396541565
0.999864396541565
0.999864396541565
0.999864396541565
0.9998748219082316
0.9998815122748983
0.9998854879748983
0.9998881443282316
0.9998891286315649
0.9998896136615649
0.9998898154495649
0.9998898960508983
0.999889921890665
0.9998899274474983
0.9998899297577216
0.9998899304050183
0.9998899304496346
0.9998899304555109
0.9998899304560398
0.9998899304560702
0.9998899304560719
0.999889930456072
0.999889930456072
0.999889930456072
0.999889930456072
0.999889930456072
0.999889930456072
0.999889930456072
0.999889930456072
0.999889930456072
0.999889930456072
0.999889930456072
0.999889930456072
0.999889930456072
0.999890376356072
0.999890559992072
0.999890632578072
0.9998906555463053
0.9998906603868719
0.9998906623854685
0.9998906629372686
0.9998906629740643
0.9998906629787988
0.9998906629792135
0.9998906629792366
0.9998906629792378
0.9998906629792379
0.9998906629792379
0.9998906629792379
0.9998906629792379
0.9998906629792379
0.9998906629792379
0.9998906629792379
0.9998906629792379
0.9998906629792379
0.9998906629792379
0.9998906629792379
0.9998906629792379
0.9998906629792379
0.9998967321459046
0.9998990854759046
0.9998994952225713
0.999899560556238
0.9998995647700046
0.9998995652400446
0.9998995652438553
0.99989956524418
0.9998995652441975
0.999899565364697
0.9998995653646972
0.9998995653646972
0.9998995653646972
0.9998995653650004
0.9998995653650004
0.9998995653650004
0.9998995653650004
0.9998995653650004
0.9998995653650004
0.9998995653650004
0.9998995653650004
0.9998995653650004
0.9998995653650004
0.9998995653650053
0.9998995653650069
0.999899565365007
0.999899565365007
0.999899565365007
0.999899565365007
0.999899565365007
0.999899565365007
0.9999016476416737
0.999902463218007
0.9999025872402504
0.9999026293862304
0.9999026293886915
0.9999026293886915
0.9999026293886915
0.9999026293886915
0.9999026293886915
0.9999026293886915
0.9999026293886915
0.9999026293886915
0.9999026293886915
0.9999026293886915
0.9999026768830248
0.9999026923167514
0.9999026957477241
0.9999026964758555
0.9999026965467719
0.9999026965467719
0.9999026965467719
0.9999026965467719
0.9999026965467719
0.9999026965467719
0.9999026965467719
0.9999026965467719
0.9999026965467719
0.9999026965467719
0.9999026965467719
0.9999026965467719
0.9999026965467719
0.9999107605134385
0.9999157393467718
0.9999185674034384
0.9999204075667718
0.9999210308601051
0.9999213217297718
0.9999214355287718
0.9999214781894384
0.9999214908253051
0.9999214932285284
0.9999214941872184
0.9999214944328841
0.999921494446732
0.999921494448315
0.9999214944484358
0.9999214944484416
0.9999214944484418
0.9999214944484418
0.9999214944484418
0.9999214944484418
0.9999214944484418
0.9999214944484418
0.9999214944484418
0.9999214944484418
0.9999214944484418
0.9999214944484418
0.9999214944484418
0.9999214944484418
0.9999214944484418
0.9999214944484418
0.9999214944484418
0.9999214944484418
0.9999214944484418
0.9999214944484418
0.9999214944484418
0.9999214944484418
0.9999214944484418
0.9999214944484418
0.9999214944484418
0.9999214944712499
0.9999214944713561
0.9999214944713656
0.9999214944718869
0.999921494471887
0.999921494471887
0.999921494471887
0.999921494471887
0.999921494471887
0.999921494471887
0.999921494471887
0.999921494471887
0.9999217183852204
0.9999218032955537
0.9999218341163537
0.9999218428851204
0.9999218444511138
0.9999218450631171
0.9999218452129658
0.9999218452205866
0.999921845221397
0.9999218452214539
0.9999218452214563
0.9999218452214564
0.9999218452214564
0.9999218452214564
0.9999218452214564
0.9999218452214564
0.9999218452214564
0.9999218452214564
0.9999218452214564
0.9999218452214564
0.9999218452214564
0.9999218452214564
0.9999218452214564
0.9999218452214564
0.9999218452214564
0.9999286099214565
0.9999326774214565
0.9999349175247899
0.9999363493414566
0.9999368053114566
0.9999370103461233
0.9999370872867899
0.9999371149140899
0.9999371226687233
0.9999371240245433
0.9999371245508033
0.9999371246777013
0.9999371246839353
0.9999371246845823
0.9999371246846264
0.9999371246846281
0.9999371246846283
0.9999371246846283
0.9999371246846283
0.9999371246846283
0.9999371246846283
0.9999371246846283
0.9999371246846283
0.9999371246846283
0.9999371246846283
0.9999371246846283
0.9999371246846283
0.9999371246846283
0.9999371246846283
0.9999371246846283
0.9999371246846283
0.9999371246846283
0.9999371246846283
0.9999371246846283
0.9999371246846283
0.9999383853679615
0.9999385570616282
0.9999386201476281
0.9999386427876948
0.9999386438019549
0.9999386438927602
0.999938644807537
0.9999386449984031
0.9999386449984041
0.9999386449984041
0.9999386449984041
0.9999386449984041
0.9999386449984041
0.9999386449984041
0.9999386449984041
0.9999386449984041
0.9999386449984041
0.9999386449984041
0.9999386449984041
0.9999386449984041
0.9999386449984041
0.9999386449984041
0.9999386449984246
0.9999386449984309
0.9999386449984312
0.9999386449984313
0.99993864499849
0.99993864499849
0.99993864499849
0.99993864499849
0.99993864499849
0.99993864499849
0.99993864499849
0.99993864499849
0.99993864499849
0.99993864499849
0.99993864499849
0.99993975365849
0.9999397714046566
0.9999397721613733
0.9999397722261636
0.9999397724048769
0.9999397724048769
0.9999397724048769
0.9999397724048769
0.9999397724048769
0.9999397724048769
0.9999397724048769
0.9999397724048769
0.9999397724048769
0.9999397724048769
0.9999397724048769
0.9999397724048769
0.9999397724048769
0.9999397724048769
0.9999397724048769
0.9999397724048769
0.9999397724048769
0.9999397724048769
0.9999397724048769
0.9999397724048769
0.9999449355048768
0.9999479159482102
0.9999494811948768
0.9999504549882101
0.9999507369325434
0.9999508567035434
0.9999508988772101
0.9999509130569435
0.9999509167229769
0.9999509172860369
0.999950917495856
0.9999509175419513
0.9999509175437843
0.9999509175439484
0.9999509175439578
0.9999509175439582
0.9999509175439582
0.9999509175439582
0.9999509175439582
0.9999509175439582
0.9999509175439582
0.9999509175439582
0.9999509175439582
0.9999509175439582
0.9999509175439582
0.9999509175439582
0.9999509175439582
0.9999509175439582
0.9999509175439582
0.9999509175439582
0.9999509180291715
0.9999509181453005
0.9999509181566428
0.9999509181607759
0.9999509181612978
0.9999509181612978
0.9999509181612978
0.9999509181612978
0.9999509181612978
0.9999509181612978
0.9999509181612978
0.9999509181612978
0.9999509181612978
0.9999509181612978
0.9999509181612978
0.9999509181612978
0.9999509181612978
0.9999509181612978
0.9999509181612978
0.9999509181612978
0.9999509181612978
0.9999509181612978
0.9999509181612978
0.9999509181612978
0.9999509181612978
0.9999509181612978
0.9999509181612978
0.9999509181612978
0.9999509181612978
0.9999509181612978
0.9999509181612978
0.9999509181612978
0.9999509181612978
0.9999509181612978
0.9999533283146311
0.9999540768946311
0.9999541598719645
0.9999541688705644
0.9999541691798348
0.9999541692029666
0.9999541692030312
0.9999541692030345
0.9999541692030346
0.9999541692030346
0.9999541692030346
0.9999541692030346
0.9999541692030346
0.9999541692030346
0.9999541692030346
0.9999541692030346
0.9999541692030346
0.9999541692030346
0.9999541692030346
0.9999541692030346
0.9999541692030346
0.9999541692030346
0.9999541692030346
0.9999542448250346
0.9999542700525013
0.9999542780740346
0.9999542800079879
0.9999542802737943
0.9999542803695616
0.9999542803889961
0.9999542803896411
0.9999542803896919
0.9999542803896945
0.9999542803896946
0.9999542803896946
0.9999542803896946
0.9999542803896946
0.9999542803896946
0.9999542803896946
0.9999542803896946
0.9999542803896946
0.9999542803896946
0.9999542803896946
0.9999542803896946
0.9999542803896946
0.9999542803896946
0.9999542803896946
0.9999542803896946
0.9999581899230279
0.9999603539896945
0.9999614362430278
0.9999620914030278
0.9999622633106945
0.9999623321996944
0.9999623549316944
0.9999623620786944
0.9999623637776444
0.9999623640059451
0.9999623640876494
0.999962364103966
0.999962364104488
0.9999623641045282
0.9999623641045301
0.9999623641045301
0.9999623641045301
0.9999623641045301
0.9999623641045301
0.9999623641045301
0.9999623641045301
0.9999623641045301
0.9999623641045301
0.9999623641045301
0.9999623641045301
0.9999623641045301
0.9999623641045301
0.9999623641045301
0.9999623641045301
0.9999623641045301
0.9999623641045301
0.9999623641045301
0.9999623641045301
0.9999623641045301
0.9999623641045301
0.9999659212711968
0.9999678624345301
0.9999688172211967
0.9999693899411967
0.9999695352631967
0.9999695923588633
0.9999696107905633
0.9999696164556967
0.9999696177646867
0.9999696179327734
0.9999696179921284
0.9999696180036051
0.9999696180039461
0.9999696180039711
0.9999696180039722
0.9999696180039722
0.9999696180039722
0.9999696180039722
0.9999696180039722
0.9999696180039722
0.9999696180039722
0.9999696180039722
0.9999696180039722
0.9999696180039722
0.9999696180039722
0.9999696180039722
0.9999696180039722
0.9999696180039722
0.9999696180039722
0.9999696180039722
0.9999696197768205
0.9999696200975102
0.9999696201291922
0.9999696201337435
0.9999696201337435
0.9999696201337435
0.9999696201337435
0.9999696201337435
0.9999696201337435
0.9999696201337435
0.9999696201337435
0.9999696201337435
0.9999696201337435
0.9999696201337435
0.9999696201337435
0.9999713596170768
0.9999718596804101
0.9999719069214101
0.9999719114030434
0.9999719115264735
0.9999719115345231
0.9999719115345386
0.9999719115345392
0.9999719115345392
0.9999719115345392
0.9999719115345392
0.9999719115345392
0.9999719115345392
0.9999719115345392
0.9999719115345392
0.9999719115345392
0.9999719115345392
0.9999719115345392
0.9999719115345392
0.9999719115345392
0.9999719115345392
0.9999719115345392
0.9999719115345392
0.9999719115345392
0.9999719115345392
0.9999719115345392
0.9999719115345392
0.9999719115345392
0.9999719115345392
0.9999719115345392
0.9999719115345392
0.9999719115345392
0.9999719115345392
0.9999719115345392
0.9999719115345392
0.9999719115345392
0.9999719115345392
0.9999719115345392
0.9999719115345392
0.9999719115345392
0.9999719115392428
0.9999719115397653
0.9999719115399298
0.9999719115399454
0.9999719115399454
0.9999719115399454
0.9999719115399454
0.9999719115399454
0.9999719115399454
0.9999719115399454
0.9999719115399454
0.9999719115399454
0.9999719115399454
0.9999719115399454
0.9999719115399454
0.9999719115399454
0.999972291436612
0.9999723236146121
0.9999723236806507
0.9999723236845774
0.9999723236845832
0.9999723236845834
0.9999723236845834
0.9999723236845834
0.9999723236845834
0.9999723236845834
0.9999723236845834
0.9999723236845834
0.9999723236845834
0.9999723236845834
0.9999723236845834
0.9999723236845834
0.9999723236845834
0.9999723236845834
0.9999723236845834
0.9999723236845834
0.9999723236845834
0.9999723236845834
0.9999723258773001
0.9999723263118534
0.9999723263766255
0.999972326376629
0.999972326376629
0.999972326376629
0.999972326376629
0.999972326376629
0.999972326376629
0.999972326376629
0.999972326376629
0.999972326376629
0.999972326376629
0.999972326376629
0.999972326376629
0.999972326376629
0.999972326376629
0.999972326376629
0.999972326376629
0.999972326376629
0.999972326376629
0.999972326376629
0.999972326376629
0.999972326376629
0.999972326376629
0.999972326376629
0.999974516066629
0.9999756266932956
0.9999761282999623
0.999976415565629
0.9999764768812957
0.9999764986528956
0.9999765049380956
0.9999765066591689
0.9999765070032056
0.9999765070381733
0.9999765070497295
0.9999765070516238
0.9999765070516623
0.9999765070516645
0.9999765070516646
0.9999765070516646
0.9999765070516646
0.9999765070516646
0.9999765070516646
0.9999765070516646
0.9999765070516646
0.9999765070516646
0.9999765070516646
0.9999765070516646
0.9999765070516646
0.9999765070516646
0.9999765070516646
0.9999765070516646
0.9999765070516646
0.9999765070516646
0.9999765070516646
0.9999765070516646
0.999978489144998
0.999979479504998
0.9999799190283313
0.999980168396998
0.9999802197596647
0.999980237623398
0.9999802426643647
0.999980244012618
0.9999802442742793
0.9999802442996262
0.9999802443078937
0.9999802443092038
0.9999802443092285
0.9999802443092298
0.9999802443092298
0.9999802443092298
0.9999802443092298
0.9999802443092298
0.9999802443092298
0.9999802443092298
0.9999802443092298
0.9999802443092298
0.9999802443092298
0.9999802443092298
0.9999802443092298
0.9999802443092298
0.9999802443092298
0.9999802443092298
0.9999802443092298
0.9999802443092298
0.9999802604804632
0.9999802649919298
0.9999802661843865
0.9999802664124002
0.9999802664339595
0.9999802664409458
0.9999802664420343
0.999980266442054
0.999980266442055
0.999980266442055
0.999980266442055
0.999980266442055
0.999980266442055
0.999980266442055
0.999980266442055
0.999980266442055
0.999980266442055
0.999980266442055
0.999980266442055
0.999980266442055
0.999980266442055
0.999980266442055
0.999980266442055
0.999980266442055
0.999980266442055
0.999980266442055
0.999980266442055
0.999980266442055
0.999980266442055
0.999980266442055
0.999980266442055
0.999980266442055
0.999980266442055
0.999980266442055
0.999980266442055
0.9999818864087217
0.9999826716087217
0.9999830079387216
0.9999831952070549
0.9999832310870549
0.9999832430539216
0.9999832462792083
0.9999832471018216
0.9999832472522197
0.9999832472654355
0.9999832472696353
0.9999832472702569
0.9999832472702669
0.9999832472702673
0.9999832472702673
0.9999832472702673
0.9999832472702673
0.9999832472702673
0.9999832472702673
0.9999832472702673
0.9999832472702673
0.9999832472702673
0.9999832472702673
0.9999832472702673
0.9999832472702673
0.9999832472702673
0.9999832472702673
0.9999832472702673
0.9999832472702673
0.9999832472702673
0.9999832472702677
0.9999832472702677
0.9999832472702677
0.9999832472702677
0.9999832472702677
0.9999832472702677
0.9999832472702677
0.9999832472702677
0.9999832472702677
0.9999832472702677
0.9999832472702677
0.9999847099502677
0.9999854080969344
0.999985701817601
0.9999858638242677
0.9999858937457343
0.9999859035161344
0.9999859060891043
0.9999859067298044
0.9999859068434663
0.9999859068529727
0.9999859068559548
0.9999859068563812
0.9999859068563876
0.9999859068563879
0.9999859068563879
0.9999859068563879
0.9999859068563879
0.9999859068563879
0.9999859068563879
0.9999859068563879
0.9999859068563879
0.9999859068563879
0.9999859068563879
0.9999859068563879
0.9999859068563879
0.9999859068563879
0.9999859068563879
0.9999859068563879
0.9999859068563879
0.9999859068563879
0.9999859068563879
0.9999859068563879
0.9999859068563879
0.9999859068563879
0.9999859068563879
0.9999859068563879
0.9999859068563879
0.9999859068563879
0.9999859068563879
0.9999865270063879
0.9999866670003879
0.9999866749644212
0.9999866754624812
0.999986675469302
0.9999866754695937
0.999986675469594
0.999986675469594
0.999986675469594
0.999986675469594
0.999986675469594
0.999986675469594
0.999986675469594
0.999986675469594
0.999986675469594
0.999986675469594
0.999986675469594
0.999986675469594
0.999986675469594
0.999986675469594
0.999986675469594
0.999986675469594
0.999986675469594
0.9999866826554273
0.999986684482644
0.9999866849214607
0.9999866849958413
0.9999866850016134
0.9999866850033893
0.9999866850036303
0.9999866850036335
0.9999866850036336
0.9999866850036336
0.9999866850036336
0.9999866850036336
0.9999866850036336
0.9999866850036336
0.9999866850036336
0.9999866850036336
0.9999866850036336
0.9999866850036336
0.9999866850036336
0.9999866850036336
0.9999866850036336
0.9999866850036336
0.9999866850036336
0.9999866850036336
0.9999866850036336
0.9999866850085152
0.9999866850091518
0.9999866850091543
0.9999866850091544
0.9999866850091544
0.9999866850091544
0.9999866850091544
0.9999866850091544
0.9999866850091544
0.9999866850091544
0.9999866850091544
0.9999866850091544
0.9999866850091544
0.9999866850091544
0.9999866850091544
0.9999866850091544
0.9999866850091544
0.9999866850091544
0.9999866850091544
0.9999866850091544
0.9999866850091544
0.9999866850091544
0.9999866850091544
0.9999866850091544
0.9999866850091544
0.9999866850091544
0.9999866850091544
0.9999866850091544
0.9999866850091544
0.9999866850091544
0.9999866850091544
0.9999866850091544
0.9999866850091544
0.9999866850091544
0.9999866850091544
0.9999866850091544
0.9999866850091544
0.9999866850091544
0.9999866897524877
0.9999866909030644
0.9999866911662281
0.9999866912081787
0.9999866912111203
0.9999866912120025
0.999986691212114
0.9999866912121153
0.9999866912121153
0.9999866912121153
0.9999866912121153
0.9999866912121153
0.9999866912121153
0.9999866912121153
0.9999866912121153
0.9999866912121153
0.9999866912121153
0.9999866912121153
0.9999866912121153
0.9999866912121153
0.9999866912121153
0.9999866912121153
0.9999866912121153
0.9999866912121153
0.9999866912121153
0.9999867809354486
0.9999867811667602
0.9999867811692417
0.9999867811693336
0.9999867811693336
0.9999867811693336
0.9999867811693336
0.9999867811693336
0.9999867811693336
0.9999867811693336
0.9999867811693336
0.9999867811693336
0.9999867811693336
0.9999867811693336
0.9999867811714256
0.9999867811715012
0.999986781171502
0.999986781171502
0.999986781171502
0.999986781171502
0.999986781171502
0.999986781171502
0.999986781171502
0.999986781171502
0.999986781171502
0.999986781171502
0.999986781171502
0.999986781171502
0.9999868583565019
0.9999868618154353
0.9999868618171978
0.9999868618172599
0.9999868618172599
0.9999868618172599
0.9999868618172599
0.9999868618172599
0.9999868618172599
0.9999868618172599
0.9999868618172599
0.9999868618172599
0.9999868618172599
0.9999868618172599
0.9999868618172599
0.9999868618172599
0.9999868618172599
0.9999868618172599
0.9999868618172599
0.9999868618172599
0.9999868618172599
0.9999868618172599
0.9999868618172599
0.9999868618172599
0.9999868618172599
0.9999876406505933
0.9999879787705933
0.99998810610026
0.9999881724252601
0.99998818218226
0.9999881849789201
0.9999881856179801
0.9999881857553947
0.9999881857756604
0.9999881857769092
0.999988185777272
0.999988185777314
0.9999881857773143
0.9999881857773143
0.9999881857773143
0.9999881857773143
0.9999881857773143
0.9999881857773143
0.9999881857773143
0.9999881857773143
0.9999881857773143
0.9999881857773143
0.9999881857773143
0.9999881857773143
0.9999881857773143
0.9999881857773143
0.9999881857773143
0.9999881857773143
0.9999881857773143
0.9999881857773143
0.999988188290511
0.9999881888579243
0.9999881888754184
0.9999881888764686
0.999988188876503
0.9999881888765033
0.9999881888765033
0.9999881888765033
0.9999881888765033
0.9999881888765033
0.9999881888765033
0.9999881888765033
0.9999881888765033
0.9999881888765033
0.9999881888765033
0.9999881888765033
0.9999881888765033
0.9999881888765033
0.9999881888765033
0.9999881888765033
0.9999881888765033
0.9999884875265033
0.9999885444565033
0.99998854671406
0.9999885468196753
0.9999885468205579
0.9999885468205861
0.9999885468205861
0.9999885468205861
0.9999885468205861
0.9999885468205861
0.9999885468205861
0.9999885468205861
0.9999885468205861
0.9999885468205861
0.9999885468205861
0.9999885468205861
0.9999885468205861
0.9999885468205861
0.9999885468205861
0.9999885468205861
0.9999885468205861
0.9999885468205861
0.9999885468205861
0.9999885488476962
0.9999885492944295
0.9999885493869565
0.9999885493999726
0.9999885494007139
0.9999885494009253
0.9999885494009485
0.9999885494009487
0.9999885494009487
0.9999885494009487
0.9999885494009487
0.9999885494009487
0.9999885494009487
0.9999885494009487
0.9999885494009487
0.9999885494009487
0.9999885494009487
0.9999885494009487
0.9999885494009487
0.9999885494009487
0.9999885494009487
0.9999885494009487
0.9999885494009487
0.9999885494009487
0.9999885494009487
0.9999885494009487
0.9999885494009487
0.9999885494009487
0.9999885494009487
0.9999885494009487
0.9999885494009487
0.9999885494009487
0.9999885494009487
0.9999885494009487
0.9999885494009487
0.9999885494009487
0.9999885494009487
0.9999885494009487
0.9999885494009487
0.9999885494009487
0.9999885494009614
0.9999885494009615
0.9999885494009615
0.9999885494009615
0.9999885494009615
0.9999885494009615
0.9999885494009615
0.9999885494009615
0.9999885494009615
0.9999885494009615
0.9999885494009615
0.9999885494009615
0.9999885494009615
0.9999885494009615
0.9999885494009615
0.9999885494009615
0.9999885507134548
0.9999885509889381
0.9999885510431895
0.9999885510503508
0.9999885510507174
0.9999885510508193
0.9999885510508297
0.9999885510508298
0.9999885510508298
0.9999885510508298
0.9999885510508298
0.9999885510508298
0.9999885510508298
0.9999885510508298
0.9999885510508298
0.9999885510508298
0.9999885510508298
0.9999885510508298
0.9999885510508298
0.9999885510508298
0.9999885510508298
0.9999885510508298
0.9999885510508298
0.9999885510508298
0.9999885510508298
0.9999887557014965
0.9999887914671631
0.9999887926433332
0.9999887926907511
0.9999887926910581
0.9999887926910666
0.9999887926910666
0.9999887926910666
0.9999887926910666
0.9999887926910666
0.9999887926910666
0.9999887926910666
0.9999887926910666
0.9999887926910666
0.9999887926910666
0.9999887926910666
0.9999887926910666
0.9999887926910666
0.9999887926910666
0.9999887926910666
0.9999887926910666
0.9999887926910666
0.9999887926910666
0.9999887926910666
0.9999887926910666
0.9999887926910666
0.9999887926910666
0.9999887926910666
0.9999887926910666
0.9999888232562666
0.9999888241996733
0.9999888241998881
0.9999888241998938
0.9999888241998938
0.9999888241998938
0.9999888241998938
0.9999888241998938
0.9999888241998938
0.9999888241998938
0.9999888241998938
0.9999888241998938
0.9999888241998938
0.9999888241998938
0.9999888241998938
0.9999888241998938
0.9999888241998938
0.9999888241998938
0.9999888241998938
