0.0092178853
0.009289429366666668
0.009369258266666668
0.009458717400000002
0.009561767566666669
0.009678816933333336
0.00981204926666667
0.009959761700000003
0.010137189000000003
0.010343416133333337
0.010575870633333337
0.010829714000000002
0.011128412800000003
0.01146017346666667
0.01184676636666667
0.012298174033333336
0.012807312100000003
0.013384845633333337
0.01404283096666667
0.014812797266666669
0.015663902733333335
0.016751848800000003
0.017899131033333338
0.019292278433333337
0.020760286933333337
0.022586218100000003
0.024468460533333337
0.026767765500000002
0.029153357533333334
0.03210087943333333
0.035210593266666666
0.03542539226666667
0.03566491656666667
0.035949822500000006
0.036279647966666675
0.03665197526666668
0.03721788160000001
0.03769638280000001
0.03822985176666668
0.03904697886666668
0.03976347663333334
0.04057122546666668
0.041743311933333346
0.042782812900000015
0.043984539533333346
0.04564760343333334
0.04735932500000001
0.04911519796666668
0.05172806540000001
0.053954064066666675
0.05672204410000001
0.06008571443333334
0.06351550903333333
0.06698369313333333
0.0719626494
0.07632611796666666
0.07650173863333333
0.07672796429999999
0.07702071893333333
0.07740740706666666
0.07791092439999998
0.07855658373333332
0.07939019083333332
0.08034592399999999
0.08168541439999999
0.08338067799999999
0.08475260456666665
0.08632003149999999
0.0880627007
0.0913712559
0.09360227736666667
0.09637813926666666
0.0991550665
0.10362064546666666
0.10760418833333332
0.11175363783333332
0.1158215946
0.12222369086666666
0.12742970176666665
0.12803186279999998
0.1284434098
0.12899813526666665
0.1296236907
0.13042256093333332
0.1313137817
0.13247977453333332
0.13474921126666664
0.13639687699999997
0.13825608289999997
0.14088246293333329
0.14455590023333328
0.14711684509999995
0.15156701906666661
0.15467237906666662
0.15850161826666662
0.16515611639999994
0.1696120353666666
0.1738140397666666
0.18002356436666658
0.18555204869999992
0.18584985276666657
0.1861893336999999
0.1866270472999999
0.18711818073333325
0.1878558331666666
0.1891768409666666
0.1901134727666666
0.19130654839999994
0.1926509741666666
0.1947153762666666
0.19657690333333327
0.19864953873333327
0.20093234019999995
0.20446285686666663
0.2072081541333333
0.2133251787333333
0.21654578536666663
0.22093755479999996
0.22527159066666663
0.2296810550333333
0.23364345143333332
0.2425210027
0.24837670979999998
0.24903224429999998
0.2498712673333333
0.25092890146666663
0.25273551499999997
0.25422461436666666
0.25744798406666664
0.2594595067333333
0.2616671589
0.26483397626666666
0.26762906303333334
0.2740317223666667
0.2771845121666667
0.28327172396666667
0.2887692325
0.29287783566666664
0.29635714906666666
0.30389707693333334
0.31064511273333334
0.31103502143333334
0.3114773476666667
0.3121126751666667
0.31326575273333335
0.3141947553666667
0.3153556584
0.3175426829333334
0.3194772628666667
0.3210764612333334
0.32317536790000007
0.3254437367666667
0.3284376368666667
0.33438859280000005
0.33711874910000006
0.3400638254000001
0.3447541745333334
0.35020763956666673
0.3538686483666667
0.35675156790000007
0.3645946387000001
0.3670935819000001
0.36779273016666675
0.3687998296333334
0.37004568916666675
0.37141632686666676
0.37309137336666676
0.3752192016666668
0.37748156323333343
0.3815374181333334
0.3860766503666668
0.3886523502666668
0.3912974494666668
0.3960874378666668
0.40562072783333347
0.4087810137666668
0.4110579958666668
0.4154149670666668
0.4183487891000001
0.41888238873333344
0.4197430724000001
0.42081609076666676
0.42212842786666677
0.4246735347333334
0.4263915620333334
0.4293652557333334
0.43147000616666675
0.43366969333333344
0.4369968704000001
0.43935555763333345
0.44342135143333344
0.44571896770000013
0.4521146820333335
0.45524457326666684
0.45791811036666685
0.45964640146666685
0.4648164630333335
0.46674515606666683
0.46746970880000016
0.4687664816000002
0.46989314956666683
0.4724645473333335
0.47382511963333346
0.4773730763666668
0.4796758180666668
0.4823826937666668
0.4844204370666668
0.48711535230000014
0.49154720980000016
0.4952181323333335
0.49732293536666683
0.5048769848666669
0.5068165468666669
0.5119143327333335
0.5157684584666669
0.5186504186000002
0.5199194130000001
0.5268382075666668
0.5292253745333334
0.5297712004333334
0.5303834354333333
0.5311506196333333
0.5326126489
0.5337808064
0.5351719823333334
0.5367937440000001
0.5392077056000001
0.5410127151666667
0.5429484623666667
0.5456261090666668
0.5491611195000001
0.5509973726666668
0.5556965959000002
0.5572943710333336
0.5594774470000002
0.5621853437333336
0.5648107356333336
0.5657165734000003
0.5705194956333336
0.5710583021333336
0.5722560877333336
0.5736611781000003
0.5761777098000003
0.5779855908666669
0.5806313202333335
0.5850628102333335
0.5866333568333335
0.5923066600333335
0.5935956650000002
0.5988414708000002
0.6012680891000002
0.6018987884000002
0.6057092686666669
0.6087242736333335
0.6094017427000001
0.6102385024333334
0.6111637852000001
0.6132361578000002
0.6144521811000002
0.6158557182333335
0.6183276424333335
0.6209368587333335
0.6225933184666668
0.6242561734333334
0.6268597717333334
0.6284164460666667
0.6315137265666667
0.6328338939666667
0.6370421096333333
0.6380635445333332
0.6406205786333332
0.6424807153666665
0.6447515080666665
0.6451805489666664
0.6481923432666664
0.6483995147999998
0.6496230076333331
0.6510109659999999
0.6536074065333332
0.6562789828999999
0.6577875050999998
0.6603126177999998
0.6645995533333332
0.6656924793333332
0.6664893832333332
0.6688611720999998
0.6729486531666665
0.6750507713333331
0.6753360041666665
0.6794670344999998
0.6795893892666665
0.6803183038999998
0.6812037523999999
0.6824246957666665
0.6837846512999999
0.6864804491999998
0.6895455084666665
0.6908970927666666
0.6933136409999999
0.6978161355666666
0.6987088669999999
0.6993220322999999
0.7031500828666666
0.7052127627333332
0.7071432280999999
0.7073284181666665
0.7112672636999998
0.7127332977666665
0.7139425229333332
0.7152637516333331
0.7166217267999998
0.7192739306666665
0.7204713745333331
0.7227144664333331
0.7252841403999998
0.7260046813999997
0.7264704581999998
0.7284198235333331
0.7301306120666664
0.7302478893999997
0.7317743953999998
0.7325486879666664
0.7331832111666664
0.7339497878999998
0.7348637329999997
0.7359274297666664
0.7371166926999997
0.7383902114666664
0.7396766046999997
0.7409332853666664
0.7421440121666664
0.7444397018666664
0.7454898878999997
0.7474803873666663
0.7483033474666664
0.7505795671999997
0.7511548648999997
0.7531036992333331
0.7534531594333331
0.7551198019999998
0.7552950214999998
0.7567422482999998
0.7568145894333331
0.7580943191333331
0.7581145365666665
0.7591716992333332
0.7603337288666665
0.7615522835666665
0.7644691079333331
0.7671992430333331
0.7681119024666664
0.7698042445666664
0.7721605970999997
0.7726153330333331
0.7758047460999997
0.7760636942333331
0.7787884187666664
0.7802998845999997
0.7814852785333329
0.7815286872999996
0.7837469014666663
0.7844227580666663
0.7850875426666662
0.7858783781333329
0.7868019851666663
0.7878469258666664
0.7889754473999997
0.7901334550666663
0.7912398367666663
0.7922187489666663
0.793005374433333
0.7936817333333329
0.7942439820333329
0.7958497896666662
0.7962057910999996
0.7975255772999995
0.7977150048333328
0.7988110010333328
0.7988894663666661
0.7998234762333328
0.7998487892999995
0.8006618884666662
0.8006668928333328
0.8022405215666661
0.8039813082333328
0.8057171179999995
0.8088610039999995
0.8101241793999995
0.8126350547333329
0.8149303740999996
0.8157466866999996
0.8197337240999996
0.8203829444333329
0.8217362372333329
0.8237372960666662
0.8249327447999996
0.8254013779666662
0.8273239024666662
0.8284760271966662
0.8299768644966662
0.8316820200299995
0.8334182301633328
0.8351182592966662
0.8366964475633328
0.8378674335633328
0.8388077499966662
0.8395554097966662
0.8401545633299995
0.8422512480966662
0.8435817487966661
0.8446046703299995
0.8450462724299995
0.8465891064633329
0.8469904482133328
0.8486475269799995
0.8503695866133328
0.8520254318133328
0.8535329235133328
0.8548433602133327
0.8559259054799994
0.857949941046666
0.8586342338133327
0.8591862406133327
0.8596890027133327
0.8608859312799994
0.8617807152799993
0.862192145946666
0.8635181422999993
0.8638893979499993
0.8646916881833326
0.8663777513833326
0.8681000704833326
0.8697960054166659
0.8713966810833326
0.8728256361499992
0.8740459544833326
0.8750389388833325
0.8758212400499992
0.8764412349833325
0.8769430200499991
0.8773675354833325
0.8777653839166658
0.8781394517566659
0.8788471351033326
0.8791810677313325
0.8808417566313326
0.8823792443646659
0.8832828677646659
0.8848160483646659
0.8853713465646659
0.8858206076979992
0.8874059313979992
0.8877375934146658
0.8883363377903325
0.8891772915819992
0.8900375058819993
0.891761731048666
0.8933764671486659
0.8949312024819992
0.8963971459486658
0.8976542757486659
0.8988015076819992
0.8998362087486659
0.9006515785153325
0.9013694747153325
0.9019971522153325
0.9029612648819991
0.9034528537153325
0.9048079492153325
0.9052042524486658
0.9062574770486658
0.9065904856486657
0.9072151761686658
0.9075024451786657
0.9085326448266657
0.9088623236082657
0.909718779241599
0.9113391696749323
0.912897891641599
0.9142835770415989
0.9155696247082655
0.9166196517082655
0.9175570052749322
0.9182815388082656
0.9189139494415989
0.9194627752415989
0.9203247992749323
0.9207495915082656
0.9218682809082657
0.9222076319749324
0.9228349925082657
0.9233730750782657
0.9239139284749324
0.9241530510822658
0.9247599732409324
0.9249629945295323
0.9257722864628657
0.927249763696199
0.9285346444295324
0.9295883417628658
0.9305290601295324
0.9312554690628657
0.9318836072628657
0.932426430696199
0.9328934170295323
0.933249878696199
0.9338863393295324
0.9341680286628656
0.9349281237295323
0.935159168376199
0.9356197554395322
0.9358123172768655
0.9362400915373988
0.9366051969920989
0.9379918070254322
0.9391700721254321
0.9402387145254322
0.9410701467254322
0.9416053268920989
0.9420625111920988
0.9430789613587655
0.9433711612920987
0.9435988934254321
0.9440609992920987
0.9450007356720987
0.9453877169107654
0.945537972786432
0.946132171408832
0.946254615748262
0.9469005762149286
0.9480912588149286
0.9491632961149287
0.9501237576149286
0.9509602195149286
0.9516880541149286
0.9523144732149287
0.9528483657815954
0.9532984474815954
0.953677920348262
0.9539971888149287
0.9545677256149286
0.9548024037149286
0.955271644648262
0.9554510571815953
0.9558408341815953
0.9559824801882619
0.9563033363325952
0.9564160365251619
0.9566744612063953
0.9567636620358954
0.9577272713025621
0.9587503491692287
0.9591216813358954
0.9597419288358954
0.9599259487025621
0.9600637302125621
0.9608730169458954
0.9612958312142288
0.9617378644205621
0.9618201026003621
0.9622496234587921
0.9624706283047001
0.9628927612713668
0.9636286782380334
0.9642504372380335
0.9647746687380335
0.9652117647047002
0.9655718949047002
0.9658652689047001
0.9661043531047001
0.9662992226047001
0.9667100815713668
0.9668456630380335
0.9671766253047002
0.9672752260747002
0.9675429263347002
0.9676166254503669
0.9678297688441335
0.9678848870722668
0.9680497190409035
0.9680905423156252
0.9684065982489585
0.9688415709489585
0.9690710267489585
0.9692541508156252
0.9696002568156251
0.9696985275156251
0.9697676560056251
0.9699879331476251
0.9701604624986251
0.9701962486001517
0.9703269657408464
0.9704093828196447
0.970623254352978
0.9713059515863114
0.9718901099196448
0.9720594981196448
0.9724350856196448
0.9725372009863115
0.9726025810863115
0.9730016856229782
0.9730457583363115
0.9732250304406448
0.9733450514590114
0.9736011887266781
0.9736220348036748
0.9738271719639855
0.9739321660674086
0.9740691864674086
0.9742827917340753
0.9747023931007419
0.9748247005674086
0.9749162600340752
0.9751565698674085
0.9753960351674085
0.9754372831107418
0.9757245855607418
0.9757508441100752
0.9758976153904085
0.9759628457358419
0.9760747591857353
0.9760858022344233
0.9761853389200393
0.9761923294876359
0.9762786537209692
0.9763407530209692
0.9765692400876359
0.9770269437876359
0.9770520284443025
0.9770670754176358
0.9773693263323024
0.9775620565437692
0.9776540762340592
0.9776596923788009
0.9779382437347537
0.9779415771016635
0.9779997405683302
0.9782092890349968
0.9784891188349968
0.9785028205383302
0.9788972014539968
0.9789047625593301
0.9790863969328435
0.9792298821360368
0.9792322909035337
0.9793303317853436
0.9794141496469048
0.979433057880238
0.9794571745135714
0.979472443880238
0.9796193001135713
0.9796261323969047
0.9797401938029047
0.9797436115342381
0.9798302644730714
0.9798320530749715
0.9798960553257487
0.9798969745351569
0.9799415093923562
0.9799419680023711
0.9799490557023711
0.9800580043157044
0.9801856911757044
0.9801887592057045
0.9803383039647044
0.9803396496241045
0.9804138377337378
0.9804344673955111
0.9804885846261188
0.980488879647913
0.9805313671427314
0.9805314995077349
0.9805335822577349
0.9808564836077349
0.9808577078264016
0.9810004783920683
0.9810009243602349
0.9811140566143082
0.9811445062796178
0.9812207763678231
0.9812208533521667
0.9812738363795419
0.981309814715276
0.9815036225886093
0.9815917505709427
0.981661176351976
0.9817859960477994
0.9819287214414784
0.9820156584531925
0.982057920978243
0.9821297931453875
0.9821723903097543
0.9821724844347544
0.9822387209870876
0.9822387573507877
0.9822862558489277
0.9822862668908712
0.9823192820040991
0.9823192855001626
0.9823403127005155
0.9823403137570088
0.9823910800936788
0.9825294606705338
0.9825929485878676
0.9826653292246391
0.9826943322880078
0.9827455206149935
0.9827671009321789
0.9827671017628389
0.9828021353416052
0.9828021355387293
0.9828255957296169
0.9828255957714261
0.9828397692904348
0.9828397692989397
0.9828697231649914
0.9829315541239612
0.9829729126965754
0.982991275865616
0.9830195026999019
0.983035927866944
0.9830581674342518
0.983077168104534
0.9830771681046165
0.9831086894224458
0.9831212564364553
0.9831349309031385
0.983146266603144
0.9831635610131456
0.9831712590464794
0.9831712590464794
0.9831773476464793
0.9831773476464793
0.9831823900501127
0.9831943600573947
0.9831943600573947
0.9834255570240613
0.9840281742573946
0.9842309236573946
0.984520420990728
0.984643418690728
0.984822090490728
0.9849523057573947
0.9849971238873947
0.9850259128540614
0.9850888056160614
0.9851283807316947
0.9851720215514648
0.9851841569883281
0.9852394419743731
0.985247109744784
0.9852781933890583
0.9852837187123948
0.9853034286457283
0.9853062882390616
0.9853184827425983
0.9853201729258982
0.9856879733592315
0.9859860910258982
0.9862007445258982
0.9863335232258982
0.9864035957258982
0.9864334916592316
0.9864428194592315
0.9864471579592315
0.9865033758425649
0.9865273020392316
0.9865275240702316
0.986528501227565
0.9865285129296983
0.9865725568281917
0.9865725571321894
0.9865885996358852
0.9865885996375072
0.9865979231452291
0.9865999990285634
0.9866051672408301
0.9866051672408301
0.9866075965879034
0.9866113723545701
0.9867689255879034
0.9869684954212368
0.9871222561212367
0.9872102646212367
0.9872762258212368
0.9873134082879034
0.98741205278457
0.9874295543149033
0.9874433167209034
0.9874541144865033
0.9874851699348467
0.9874917132616233
0.9875216600357887
0.9875255257031468
0.987536053859834
0.9875470282286783
0.9875528780020116
0.9875541241753449
0.9875569772014097
0.9875579712064096
0.9879246036730763
0.9882611655064096
0.9885644879397429
0.988829635039743
0.989054214639743
0.9892385938730763
0.989383027039743
0.9894924061730763
0.9895722976064096
0.9896269068730763
0.9896631817064097
0.9896848187064097
0.9896970394730763
0.9897031215730763
0.9897057608897429
0.989706857709743
0.9897072182764096
0.9897073226000763
0.9897073466464763
0.9897073509518429
0.9897261857419363
0.989726185825243
0.9897377365315849
0.989737736531875
0.9897440253318825
0.9897440253318827
0.9897474068318827
0.9897474068318827
0.989748887295216
0.989748887295216
0.9898479554952161
0.9899617484952161
0.9900226677952161
0.9901055952952161
0.9901418464265495
0.9901518263415494
0.9901595135055161
0.9901727091462728
0.9901759602490947
0.9901899851229827
0.9901917659997691
0.9902017621359585
0.9902029269319584
0.9902063347174151
0.9902068230207485
0.9902083328227714
0.9902105347304397
0.990483197663773
0.990718071563773
0.9908757233304397
0.9911485854971064
0.991190793663773
0.9912062642304397
0.9912101619971063
0.9912495784671064
0.9912710705171064
0.9912711180957731
0.9912880035354398
0.9912883297194198
0.9912883297411665
0.9913041576508242
0.9913041576508729
0.9913145015842072
0.9913159918498072
0.9913207609998073
0.9913207609998073
0.9913256281509168
0.9913256283616961
0.9914078084283628
0.9914485985950295
0.9914769234283629
0.9914907743050296
0.9914961662804296
0.9915001335009296
0.9915147355644616
0.991516256288706
0.9915170267287254
0.9915211151987258
0.9915307560238187
0.9915327638464854
0.991532942786152
0.9915353632543193
0.991535445310986
0.9918141028776527
0.9920213745443194
0.9921555739443194
0.9922285628776527
0.9922609079443194
0.9922718326776527
0.9922742875843193
0.9923015810773194
0.9923016021421194
0.992301605955986
0.9923016064754194
0.9923181784066955
0.9923181784121042
0.9923240737662853
0.992324073766293
0.9923269487160667
0.9923273605994001
0.9923287505295472
0.9923287505295472
0.9923292725186527
0.9923302483753194
0.9923584699419861
0.9924621898419861
0.9924873148086527
0.9925036901753194
0.9925467552153193
0.9925538029653194
0.992558620835986
0.992574755561986
0.9925770781737194
0.9925786958470361
0.9925831902159538
0.9925929533303864
0.9925934743197022
0.9925994156464902
0.9925996487281599
0.9926021311784933
0.9926022858064932
0.9926034518404933
0.9926034932514932
0.9926039188043666
0.9926039352561666
0.9928898802895
0.9931421323895
0.9933600510228333
0.9935423122228333
0.9936892377561666
0.9938029729228333
0.9938865554561666
0.9939456656561666
0.9939857843561666
0.9940103528561666
0.9940249602561666
0.9940325777894999
0.9940362301561666
0.9940377496395
0.9940382765228333
0.9940384511151666
0.9940384936411667
0.9940385026959667
0.9940385041400034
0.9940385043103944
0.9940462052212642
0.9940462052225462
0.9940503393892656
0.9940503393892667
0.9940522272159333
0.9940522272159333
0.9940530961559333
0.9940530961559333
0.9940533969099333
0.9940533969099333
0.9941136887766
0.9941277804114
0.9941331165980131
0.9941363099370135
0.9941387591350472
0.9941413183952216
0.9941423911638883
0.994143423836876
0.9941445119279674
0.9944059984946341
0.994633629094634
0.994827459394634
0.9949871842613007
0.9951137673279674
0.9952097377946341
0.995278710794634
0.9953262951279673
0.9953577448279674
0.9953762373613007
0.9953867922613007
0.9953920360279673
0.995394404654634
0.995395328934634
0.9953956247829674
0.9953957152273007
0.995395735015634
0.9953957387951007
0.995395739323834
0.9953957393776472
0.9954013386471022
0.9954013386473919
0.9954042015307348
0.9954042015307349
0.9954054280140683
0.9954054280140683
0.995405962180735
0.995405962180735
0.995406132047735
0.995406132047735
0.9954104616810683
0.9954152812210683
0.9954379099844016
0.9954394111260683
0.9954403073374016
0.9954476489611349
0.9954479884095583
0.995448199132847
0.9954497728273298
0.9954546072097182
0.9954546545828534
0.995457270065724
0.9954572865071241
0.9954582789726574
0.995458296647124
0.9954587158823207
0.9954587175821273
0.9954588455191543
0.9954588460257943
0.9957451223591276
0.9958537787257943
0.9959150019257943
0.9959497397591276
0.9959769157457943
0.9959845473111376
0.9959898748241695
0.9959924812575651
0.9959939408242318
0.995995874193301
0.9959967360904917
0.995997638408825
0.9959980581521584
0.9959984813608603
0.995998696923527
0.995999898863527
0.9960004798238603
0.996000578460297
0.9960006350533387
0.9960040558065048
0.9960040657850332
0.9960040686998265
0.9960046944503431
0.9960049443275765
0.9960049445356352
0.9960050141006075
0.9960050182925778
0.9961265016925778
0.9961939317259111
0.9962401815259111
0.9962503674259111
0.9962527574192445
0.9962572654225778
0.9962614724836778
0.9962614730868244
0.9962625468076285
0.9962625468124213
0.9962666417092482
0.9962666417092609
0.996268204359777
0.996268204359777
0.9962696729524437
0.9962697727031163
0.996270003072783
0.996270003072783
0.9962703102482732
0.9962703102486064
0.996282491170273
0.9962863874601797
0.9962890737606372
0.9962901740471396
0.9962907303831029
0.9962913173122716
0.9962916173826802
0.9962919521615946
0.9962920806605159
0.9962922052397835
0.9962923594681341
0.9964889257348007
0.9966533512348007
0.996787251668134
0.9968927029348006
0.9969718860348006
0.9970280244014672
0.9970655937348005
0.9970894936681338
0.9971039802681338
0.9971114316681339
0.9971151523348005
0.9971167345814672
0.9971173237948006
0.9971175112911339
0.9971175577768006
0.9971175687714006
0.9971175704770372
0.9971175707076886
0.9971175707289418
0.9971175707302937
0.9971195887336629
0.9971195887336655
0.9971204693869988
0.9971204693869988
0.9971207763846655
0.9971207763846655
0.9971208885763321
0.9971208885763321
0.9971209157413654
0.9971209157413654
0.9971209493033654
0.9971290083609987
0.9971290127902901
0.997129014879507
0.9971293769203317
0.9971310675772217
0.9971310677873798
0.9971320809882691
0.9971320810297101
0.9971323215415909
0.9971326503619301
0.9971327356064071
0.9971327356076882
0.9971327552903616
0.9971327560923525
0.9972240096590191
0.9973285761256858
0.9973831950923525
0.9974100849256858
0.9974235751823525
0.9974306522870191
0.9974398197967858
0.9974417751091375
0.9974427538695048
0.9974432256128386
0.9974434445425052
0.9974435516443385
0.9974436161400052
0.9974436582583386
0.9974436996815105
0.9974437578731772
0.9974437586560525
0.9974461120546898
0.997447555617212
0.9974475556409912
0.9974475556447563
0.9974480038489069
0.9974481788718905
0.9974483710688223
0.9974483710688953
0.9974484935122302
0.9974484935122391
0.9976089352789057
0.997739602112239
0.9978427398789057
0.9979214647122391
0.9979783098455725
0.9980166750455725
0.9980410487455724
0.9980556532122391
0.9980639616789058
0.9980678335789057
0.9980695865389058
0.9980702533455724
0.9980704692172391
0.9980705286142391
0.998070540878039
0.9980705432927723
0.9980705435852617
0.9980705436161866
0.9980705436183003
0.9980705436183964
0.9980715112517313
0.9980715112517314
0.9980718876250648
0.9980718876250648
0.9980720006407315
0.9980720006407315
0.9980720371060648
0.9980720371060648
0.9980720443574649
0.9980720443574649
0.9980728233820434
0.9980733840302045
0.9980735308328906
0.998073590417049
0.9980737439625501
0.9980737525523851
0.9980737582317555
0.9980737781269516
0.9982182239602849
0.9983342870602849
0.9984244266936183
0.998492132660285
0.9985400173269517
0.9985715022269518
0.9985909621936184
0.9986022592269518
0.9986084753269517
0.9986112251736184
0.9986124076902851
0.9986128321736185
0.9986129598842852
0.9986129924700186
0.9986129985866186
0.9986129996815019
0.9986129997980482
0.9986129998088925
0.998612999809527
0.9986129998095512
0.9986136588662182
0.9986136588662182
0.9986139002325516
0.9986139002325516
0.9986139672658849
0.9986139672658849
0.9986139875446183
0.9986139875446183
0.9986139911826183
0.9986139911826183
0.9986139911889712
0.9986139911914484
0.998614070082157
0.9986146117490448
0.9986146117491129
0.9986148093069334
0.9986148093069394
0.998614860641941
0.9986148607181025
0.9986148757471692
0.9986148757471692
0.9986148783055346
0.9986148783055346
0.9986405869055346
0.9986493329088679
0.9986528508348679
0.9986539130466212
0.9986567016022946
0.9986569595599897
0.9986571283135407
0.9986577442192408
0.9986577808219075
0.9986577935701741
0.998657931704534
0.9986579369730973
0.998657950465078
0.9986579517888713
0.9986579704778917
0.9986579774642452
0.9986579774643434
0.9986580235863733
0.9986583866101616
0.9986583866101635
0.998658542113254
0.9986585421132541
0.9986585718822208
0.9986586184954699
0.9986586266491365
0.9986586266491365
0.9986586278956011
0.9986586279180206
0.9987269046513539
0.998776510751354
0.9988122301846873
0.9988135762580207
0.998813741699354
0.998816893089854
0.998818591811664
0.9988185918128876
0.9988189381762728
0.9988192754583402
0.9988192754583402
0.9988192754583402
0.9988192984931468
0.9988193230809105
0.9988193373203105
0.9988193373203105
0.9988193468661575
0.9988193468661575
0.9988193734340581
0.9988193818681582
0.9988194629876009
0.9988194655123777
0.9988194899843024
0.9988194910404385
0.9988194957627186
0.9988194959526746
0.9988194966442471
0.9988194991957997
0.9989235427624664
0.9990037515291331
0.9990629224291331
0.9991051766957998
0.9991331066957998
0.9991499822957998
0.9991595273624664
0.9991645339957997
0.9991670114524664
0.9991679391991332
0.9991682778624665
0.9991683791597998
0.9991684033055666
0.9991684081655999
0.9991684088408233
0.9991684089303285
0.9991684089366548
0.9991684089370485
0.9991684089370626
0.9991684089370629
0.9991686038447296
0.9991686038447296
0.9991686628137296
0.9991686628137296
0.9991686755954963
0.9991686755954963
0.9991686787551063
0.9991686787551063
0.999168679163853
0.999168679163853
0.9991688520087582
0.9991689541424248
0.9991689956704248
0.9991690312938812
0.9991690435039011
0.9991690495318011
0.9991690534331106
0.9991690555894028
0.9991728169227362
0.9991749749060695
0.9991756139507362
0.9991758210753229
0.9991759401285952
0.9991759781542051
0.9991759991396949
0.999176010531232
0.9991760166135321
0.9991760182639887
0.9991760550435287
0.9991760554629987
0.999176062809589
0.999176062909478
0.9991760646025154
0.9991760646248105
0.9991760648248313
0.9991760657450836
0.9991760657450836
0.9991760939716949
0.9991760939716949
0.9991760992786283
0.9991760992801901
0.9991761004604168
0.9991761004604168
0.9991761005887608
0.9991761005887608
0.9992588410220942
0.9993208153887608
0.9993648698220942
0.9993952181220942
0.9994143020220942
0.9994251438220942
0.9994308944554275
0.9994336992287609
0.9994349862320943
0.9994354139120942
0.9994355528147609
0.9994355893504276
0.9994355967274943
0.9994355979839443
0.999435598125001
0.999435598140123
0.9994355981409218
0.9994355981409592
0.9994355981409602
0.9994355981409602
0.9994356800322935
0.9994356800322935
0.9994357016631602
0.9994357016631602
0.9994357055929268
0.9994357055929268
0.9994357064360269
0.9994357064360269
0.9994357065224222
0.9994357065224222
0.9994357164516715
0.9994357251207721
0.9994357278421839
0.9994357289041711
0.9994357295511396
0.9994357298739479
0.9994613150406145
0.9994699333739478
0.9994702194362812
0.9994702409601479
0.9994702415831546
0.9994702416457919
0.9994703134821424
0.9994703134821535
0.9994703134829658
0.9994703134829658
0.9994703691892765
0.9994703691892765
0.9994703820510806
0.9994703820510806
0.9994703910172211
0.9994703911291385
0.9994703915541752
0.9994703915541752
0.999470392329673
0.999470392329673
0.999470392329673
0.9994703938902497
0.9994703938904426
0.9994703941904056
0.9994703941904056
0.9994703942160114
0.9994703942160114
0.999470583657678
0.9994706480174447
0.9994706613027867
0.99947066761494
0.9994709406370166
0.9994709495276177
0.9994709501530642
0.9994709504305582
0.9994709505510395
0.9994709878853234
0.9994709879066125
0.999470995460711
0.9994709954641633
0.9994709966041411
0.9994709966125699
0.9994709968236033
0.9994709968236736
0.9994709968406078
0.9994709969499344
0.9994709977776527
0.9994709999690652
0.9994710003394606
0.9994710004525339
0.9994710005202019
0.99947100054813
0.9995287908147966
0.9995701359147966
0.9995978003814633
0.9996157874147966
0.9996262045814633
0.9996315589814634
0.9996341191981301
0.9996352310014633
0.9996356836314634
0.9996358078464633
0.99963584133013
0.9996358485195633
0.99963584963328
0.9996358497789883
0.9996358497906499
0.999635849791543
0.9996358497915726
0.9996358497915735
0.9996358497915735
0.9996358497915735
0.9996358703421402
0.9996358703421402
0.9996358747158068
0.9996358747158068
0.9996358753152902
0.9996358753152902
0.9996358754182065
0.9996358754182065
0.9996358754254753
0.9996358754254753
0.9996358754429288
0.9996358760019667
0.9996358760019689
0.9996358761430963
0.9996358761788016
0.9996508733121349
0.9996528024788015
0.9996528831221348
0.9996528871987682
0.9996529778081882
0.9996529960559778
0.999652996055978
0.9996529971497247
0.9996530118087247
0.9996530247807697
0.9996530247807697
0.9996530247807697
0.9996530251020378
0.9996530254771278
0.9996530255280874
0.9996530255280874
0.9996530255807664
0.9996530255807664
0.9996530256148224
0.9996530256307925
0.9996530256401395
0.9996530256434927
0.9996530279259627
0.9996530283292727
0.9996530284748989
0.9996531133090119
0.9996531146482952
0.9996531146553117
0.9996531146577374
0.9996531146585531
0.9996531231228496
0.9996531231229345
0.9996531245386141
0.999653124538622
0.9996531246976347
0.9996531246981599
0.999653124721528
0.999653124721528
0.9996531247227964
0.9996531247340308
0.9996531247340308
0.9996531247348409
0.9996531247348409
0.9996634304681743
0.9996659419681743
0.9996659749663076
0.9996659762282076
0.9996659762427615
0.9996659823740384
0.9996659823740384
0.9996659823740384
0.9996659823740384
0.9996659871913847
0.9996659871913847
0.9996659879820032
0.9996659879820032
0.9996659884311005
0.9996659884329786
0.9996659884438495
0.9996659884438495
0.9996659884443645
0.9996659884443645
0.9996659884446903
0.9996659884448195
0.9997007735448195
0.9997240328114861
0.9997382486781528
0.9997467414114861
0.9997510889448195
0.9997530177648195
0.9997538107448195
0.9997541021524862
0.9997542021764861
0.9997542229752528
0.9997542272602529
0.9997542279491796
0.9997542280219229
0.9997542280284565
0.9997542280287781
0.9997542280287933
0.9997542280287935
0.9997542280287935
0.9997542280287935
0.9997542280287935
0.9997542308250302
0.9997542308250302
0.9997542312611102
0.9997542312611102
0.9997542313008888
0.9997542313008888
0.9997542313058659
0.9997542313058659
0.9997542313060711
0.9997542313060711
0.9997542313060711
0.9997542338769496
0.999754259794829
0.9997542597948442
0.9997542616193146
0.9997542616326469
0.9997542616326469
0.9997542619661592
0.9997542619661592
0.9997542619856249
0.999754261985654
0.9997542619915938
0.9997542619915938
0.9997542619923275
0.9997542619923275
0.9997599241623275
0.9997607778968942
0.9997610757520975
0.9997611068477459
0.9997611159395933
0.999761118476101
0.9997611197665162
0.9997611204187744
0.9997611209317475
0.9997611210906429
0.9997611211807566
0.9997611211809617
0.9997611211825322
0.9997611211825583
0.9997611211826171
0.9997611211826202
0.9997877576159535
0.9998049211826202
0.9998149037159535
0.9998206019826201
0.9998233291759535
0.9998244470326202
0.9998248710226202
0.9998250136502869
0.9998250584002869
0.9998250664238202
0.9998250678565068
0.9998250680542549
0.9998250680712732
0.9998250680725266
0.9998250680725742
0.999825068072576
0.999825068072576
0.999825068072576
0.999825068072576
0.999825068072576
0.9998250690398494
0.9998250690398494
0.9998250691677244
0.9998250691677244
0.9998250691771124
0.9998250691771124
0.9998250691781072
0.9998250691781072
0.999825069178138
0.999825069178138
0.9998250691781672
0.9998250702944695
0.9998250702944699
0.9998250702944699
0.9998250703058109
0.9998250703058109
0.9998250703992623
0.9998250703992623
0.9998250704067609
0.9998250704067674
0.999825070407426
0.999825070407426
0.9998250704074448
0.9998250704074448
0.9998482994074448
0.9998629805407782
0.9998713011074448
0.9998759402074449
0.9998780841574448
0.9998789277107781
0.9998792346557781
0.9998793333277781
0.9998793628944448
0.9998793678054114
0.9998793686200248
0.9998793687239995
0.999879368732052
0.9998793687325876
0.9998793687326055
0.9998793687326061
0.9998793687326061
0.9998793687326061
0.9998793687326061
0.9998793687326061
0.9998793692925028
0.9998793692925028
0.9998793693604874
0.9998793693604874
0.9998793693649499
0.9998793693649499
0.9998793693653841
0.9998793693653841
0.9998793693653957
0.9998793693653957
0.999879629877729
0.9998796656888957
0.9998796726902708
0.9998796757952695
0.9998796763694836
0.9998796764072236
0.9998796764216935
0.9998796764743905
0.9998796769006512
0.9998796769013513
0.9998796769014332
0.9998796769045202
0.9998796769046914
0.9998796769049794
0.9998796769049801
0.9998796769049875
0.9998796769049876
0.9998796785394376
0.9998796786191456
0.9998796786348376
0.9998796786436965
0.9998796786437179
0.9998796786439045
0.9998796786439045
0.9998796786439088
0.9998796786439088
0.9998802255639088
0.9998804122869087
0.9998804682785754
0.9998804839162087
0.9998804862253153
0.9998806618730086
0.999880661911734
0.9998806619142839
0.9998806729800624
0.9998806729800664
0.9998806729800666
0.9998806733180665
0.9998806733180665
0.9998806733180665
0.999880673320609
0.9998806735623337
0.9998806735623337
0.9998806735881015
0.9998806735881015
0.9998806735895248
0.9998806735895248
0.9998806735896464
0.9998806735896464
0.9998806735896489
0.9998806735896489
0.9998982151896489
0.999908862689649
0.999914580689649
0.999917617609649
0.9999189228963157
0.9999193948729823
0.9999195525619823
0.999919598745649
0.999919611340549
0.9999196131274289
0.999919613382116
0.9999196134098054
0.9999196134115309
0.999919613411624
0.9999196134116264
0.9999196134116264
0.9999196134116264
0.9999196134116264
0.9999196134116264
0.9999196134116264
0.999919613593358
0.999919613593358
0.9999196136118826
0.9999196136118826
0.9999196136128481
0.9999196136128481
0.999919613612927
0.999919613612927
0.9999196136129286
0.9999196136129286
0.9999196136165012
0.9999196136491607
0.999919613650735
0.9999196136507742
0.9999196136647188
0.9999196136647223
0.9999196136647225
0.9999196136647827
0.9999196136647827
0.9999196136647835
0.9999196136647835
0.9999348022314503
0.9999438292981169
0.9999485433314502
0.9999509852081169
0.9999519960681169
0.9999523460181169
0.9999524579231169
0.9999524891699836
0.9999524972907836
0.9999524983530703
0.9999524984931196
0.9999524985071447
0.9999524985079262
0.9999524985079641
0.999952498507965
0.999952498507965
0.999952498507965
0.999952498507965
0.999952498507965
0.999952498507965
0.999952498609875
0.999952498609875
0.9999524986193699
0.9999524986193699
0.9999524986198093
0.9999524986198093
0.9999524986198421
0.9999524986198421
0.9999524986198427
0.9999524986198427
0.9999536780205094
0.9999537553286028
0.9999537749271381
0.9999537794990642
0.9999537805605712
0.9999537807488762
0.9999537807827312
0.9999537807881129
0.9999537807889071
0.9999537807892019
0.9999537807892037
0.9999537807892248
0.9999537807892248
0.9999537807892251
0.9999537807892251
0.9999537807892251
0.9999537807892251
0.9999537807892251
0.9999537807908097
0.9999537807908097
0.9999537807908097
0.9999537807908097
0.9999537807908097
0.9999537807908097
0.9999537807908097
0.9999537807908097
0.9999537807908097
0.9999537807908097
0.9999537829091396
0.9999537831477834
0.9999537832321161
0.999953783242033
0.9999537832423493
0.9999537832424436
0.9999537832424512
0.9999537832424533
0.9999537832424534
0.9999537832424534
0.9999537832424534
0.9999537832424534
0.9999537832424534
0.9999537832424534
0.9999650858757868
0.9999715153424534
0.9999746837357868
0.9999762427457868
0.9999768399691201
0.9999770290021202
0.9999770842514535
0.9999770982416868
0.9999771015367834
0.9999771019014901
0.9999771019424512
0.999977101945918
0.9999771019460715
0.9999771019460775
0.9999771019460776
0.9999771019460776
0.9999771019460776
0.9999771019460776
0.9999771019460776
0.9999771019460776
0.9999771019460776
0.9999771019460776
0.9999771019460776
0.9999771019460776
0.9999771019460776
0.9999771019460776
0.9999771019460776
0.9999771019460776
0.9999771019460776
0.9999771019460776
0.9999771019460776
0.9999771019461853
0.9999771019461853
0.9999771019461855
0.9999771019461855
0.999977101946191
0.999977101946191
0.999977101946191
0.999977101946191
0.999977101946191
0.999977101946191
0.9999783398195243
0.9999788443118577
0.9999788680417537
0.9999788731425457
0.9999788741405747
0.999978874336322
0.9999788743645464
0.9999788743686303
0.9999788743691653
0.9999788743692288
0.9999788743692289
0.9999788743692289
0.9999788743692289
0.9999788743692289
0.9999788743692289
0.9999788745287213
0.9999788745457128
0.9999788745504592
0.9999788745508303
0.9999788753962404
0.9999788753962466
0.9999788753962481
0.9999788753962956
0.9999788753962957
0.9999788753962957
0.9999788753963199
0.9999788753963199
0.9999788753963199
0.9999788753963199
0.9999788753963199
0.9999788753963199
0.9999788753963199
0.9999788753963199
0.9999788753963287
0.9999788753963287
0.9999788753963295
0.9999788753963295
0.9999788753963295
0.9999788753963295
0.9999788753963295
0.9999788753963295
0.9999788753963295
0.9999788753963295
0.9999789601049961
0.9999789821383961
0.9999789870547294
0.9999789880745827
0.9999789881653768
0.9999790113198221
0.9999790113203859
0.9999790113204043
0.9999790120251449
0.9999790120251449
0.9999790120251449
0.9999790120341379
0.9999790120341379
0.9999790120341379
0.9999790120341582
0.9999790120341582
0.9999790120341582
0.9999790120341582
0.9999790120341582
0.9999790120341582
0.9999790120341582
0.9999790120341582
0.9999790120341582
0.9999790120341582
0.9999790120341582
0.9999797826674915
0.9999798942027582
0.9999798942710162
0.9999798942714047
0.9999798954966049
0.9999798954966049
0.9999798954966049
0.9999798954966049
0.9999798955023109
0.9999798955023113
0.9999798955023113
0.9999798955023113
0.9999798955023113
0.9999798955023113
0.9999798955023113
0.9999798955023113
0.9999798955023113
0.9999798955023113
0.999979895502326
0.9999798955023272
0.9999798955023272
0.9999798955023272
0.9999798955023272
0.9999798955023272
0.9999812635623272
0.9999818677756606
0.9999819192003272
0.9999820309660605
0.9999820310043636
0.9999820310045463
0.9999820310045464
0.9999820311386968
0.9999820311386968
0.9999820311386968
0.9999820311412273
0.9999820311412273
0.9999820311412273
0.9999820311412273
0.9999820311412273
0.9999820311412273
0.9999820311412273
0.9999820311412273
0.9999820311412273
0.9999820311412273
0.9999820311412273
0.999982074557894
0.999982084811294
0.9999820868718974
0.9999820872568607
0.9999820872854506
0.9999820985117095
0.9999820985118342
0.9999820985118374
0.9999820987751935
0.9999820987751935
0.9999820987751935
0.9999820987776565
0.9999820987776565
0.9999820987776565
0.9999820987776602
0.9999820987776602
0.9999820987776602
0.9999820987776602
0.9999820987776602
0.9999820987776602
0.9999820987776602
0.9999820987776602
0.9999820987776602
0.9999820987776602
0.9999820987776602
0.9999820987776602
0.9999820987776602
0.9999820987776602
0.9999820987776602
0.9999820987776602
0.9999820987776602
0.9999820987776602
0.9999820987776602
0.9999820987776602
0.9999820987777178
0.9999820987777309
0.9999820987777314
0.999982098895651
0.999982098895651
0.999982098895651
0.9999820988956526
0.9999820988956526
0.9999820988956526
0.9999820988956533
0.9999820988956533
0.9999820988956533
0.9999820988956533
0.9999820988956533
0.9999820988956533
0.9999820988956533
0.9999820988956533
0.9999821247979199
0.9999821411160532
0.9999821417221502
0.9999821419345077
0.9999821420072327
0.9999821420149494
0.9999821420173345
0.9999821420180462
0.9999821420181033
0.9999821420181186
0.9999821420181226
0.9999821420181236
0.9999821420181239
0.999982142018124
0.999982142018124
0.999982142018124
0.999982142018124
0.999982142018124
0.999982142018124
0.999982142018124
0.999982142018124
0.999982142018124
0.999982142018124
0.999982142018124
0.999982142018124
0.999982142018124
0.999982142018124
0.999982142018124
0.9999858454847906
0.999987621938124
0.999988322188124
0.999988606151124
0.9999886870267907
0.999988705251024
0.9999887090498907
0.9999887097169273
0.9999887098258353
0.9999887098322265
0.999988709832618
0.9999887098326357
0.999988709832636
0.999988709832636
0.999988709832636
0.999988709832636
0.999988709832636
0.999988709832636
0.999988709832636
0.999988709832636
0.999988709832636
0.999988709832636
0.999988709832636
0.999988709832636
0.999988709832636
0.999988709832636
0.999988709832636
0.999988709832636
0.999988709832636
0.999988709832636
0.9999887098326362
0.9999887098326362
0.9999887098326362
0.9999887098326362
0.9999887098326362
0.9999887098326362
0.9999887098326362
0.9999887098326362
0.9999887098326362
0.9999887098326362
0.9999887098326362
0.9999887098326362
0.9999887098326362
0.9999887098326362
0.9999887098326362
0.9999887098326362
0.9999887098326362
0.9999887098326362
0.9999887098326362
0.9999887703812662
0.9999887704599615
0.9999887704669002
0.9999887705326271
0.9999887705327863
0.9999887705327883
0.9999887705327888
0.9999887705327889
0.999988770532789
0.999988770532789
0.999988770532789
0.999988770532789
0.999988770532789
0.999988770532789
0.999988770532789
0.999988770532789
0.999988770532789
0.999988770532789
0.999991399022789
0.9999925943894556
0.9999930340227889
0.999993202107789
0.9999932457884556
0.999993254654889
0.9999932563220456
0.9999932565839279
0.999993256622199
0.999993256624046
0.99999325662414
0.9999932566241435
0.9999932566241435
0.9999932566241435
0.9999932566241435
0.9999932566241435
0.9999932566241435
0.9999932566241435
0.9999932566241435
0.9999932566241435
0.9999932566241435
0.9999932566241435
0.9999932566241435
0.9999932566241435
0.9999932566241435
0.9999932566241435
0.9999932566241435
0.9999932566241435
0.9999932566241435
0.9999932566241435
0.9999932566241435
0.9999932566241435
0.9999932566241435
0.9999932566241435
0.9999932566241435
0.9999933851341435
0.9999933965620988
0.9999933965630778
0.9999933965630794
0.9999933966050694
0.9999933966050694
0.9999933966050694
0.9999933966050694
0.9999933966050694
0.9999933966050694
0.9999933966050694
0.9999933966050694
0.9999933966050694
0.9999933966050694
0.9999933966050694
0.9999933966050694
0.9999933966050694
0.9999934016926361
0.999993402576396
0.9999934027038457
0.9999934027209545
0.9999934027216647
0.9999934038288026
0.9999934038288036
0.9999934038288036
0.9999934038400844
0.9999934038400844
0.9999934038400844
0.9999934038401236
0.9999934038401236
0.9999934038401236
0.9999934038401236
0.9999934038401236
0.9999934038401236
0.9999934038401236
0.9999934038401236
0.9999934038401236
0.9999934038401236
0.9999934038401236
0.9999934038401236
0.9999934038401236
0.9999934038401236
0.9999934038401236
0.9999934038401236
0.9999934038401236
0.9999934038401236
0.9999934038401236
0.9999934038401236
0.9999934038401236
0.9999934038401236
0.9999934038401238
0.9999934038401238
0.9999934038401238
0.9999934038401238
0.9999934038401238
0.9999934038401238
0.9999934038401238
0.9999934038401238
0.9999934038401238
0.9999934038401238
0.9999949436201238
0.9999955877467904
0.9999958003014571
0.9999958744864571
0.9999958911940905
0.9999958940758639
0.9999958945375872
0.9999958945986158
0.9999958946061298
0.9999958946063972
0.9999958946064074
0.9999958946064077
0.9999958946064077
0.9999958946064077
0.9999958946064077
0.9999958946064077
0.9999958946064077
0.9999958946064077
0.9999958946064077
0.9999958946064077
0.9999958946064077
0.9999958946064077
0.9999958946064077
0.9999958946064077
0.9999958946064077
0.9999958946064077
0.9999958946064077
0.9999958946064077
0.9999958946064077
0.9999958946064077
0.9999958946064077
0.9999958946064077
0.9999958946064077
0.9999958946064077
0.9999971759230744
0.999997696729741
0.9999978622954077
0.9999979183090744
0.9999979303183077
0.9999979322770711
0.9999979325741791
0.9999979326111985
0.9999979326154976
0.9999979326156353
0.9999979326156401
0.9999979326156402
0.9999979326156402
0.9999979326156402
0.9999979326156402
0.9999979326156402
0.9999979326156402
0.9999979326156402
0.9999979326156402
0.9999979326156402
0.9999979326156402
0.9999979326156402
0.9999979326156402
0.9999979326156402
0.9999979326156402
0.9999979326156402
0.9999979326156402
0.9999979326156402
0.9999979326156402
0.9999979326156402
0.9999979326156402
0.9999979326156402
0.9999979326156402
0.9999979326156402
0.9999979326156402
0.9999979326156402
0.9999979326156402
0.9999979326156402
0.9999979326156402
0.9999979326156402
0.9999979326156402
0.9999979326156402
0.9999979326156402
0.9999979337015902
0.9999979338531125
0.9999979338703682
0.9999979338722015
0.9999979338722516
0.9999979340819147
0.9999979340819147
0.9999979340819147
0.9999979340830875
0.9999979340830875
0.9999979340830875
0.9999979340830895
0.9999979340830895
0.9999979340830895
0.9999979340830895
0.9999979340830895
0.9999979340830895
0.9999979340830895
0.9999979340830895
0.9999979340830895
0.9999979340830895
0.9999979340830895
0.9999979340830895
0.9999979340830895
0.9999979340830895
0.9999979656218895
0.9999979665114561
0.9999979691188805
0.999997969118916
0.999997969118916
0.9999979691191584
0.9999979691191584
0.9999979691191584
0.9999979691191584
0.9999979691191584
0.9999979691191584
0.9999979691191584
0.9999979691191584
0.9999979691191584
0.9999979691191584
0.9999979691191584
0.9999979691191584
0.9999979691191584
0.9999979691191584
0.9999979691191584
0.9999979691191584
0.9999979691191762
0.9999979691200888
0.9999979691200892
0.9999979691200892
0.9999979691200892
0.9999979691200896
0.9999979691200896
0.9999979691200896
0.9999979691200896
0.9999979691200896
0.9999979691200896
0.9999979691200896
0.9999979691200896
0.9999979691200896
0.9999979691200896
0.9999979691200896
0.9999979691200896
0.9999979691200896
0.9999979691200896
0.999997969604903
0.999997969665271
0.9999979696713532
0.9999979696719259
0.9999979696719384
0.9999979697599828
0.9999979697599828
0.9999979697599828
0.9999979697603429
0.9999979697603429
0.9999979697603429
0.9999979697603434
0.9999979697603434
0.9999979697603434
0.9999979697603434
0.9999979697603434
0.9999979697603434
0.9999979697603434
0.9999979697603434
0.9999979697603434
0.9999979697603434
0.9999979697603434
0.9999979697603434
0.9999979697603434
0.9999979697603434
0.9999979697603434
0.9999979697603434
0.9999979697603434
0.9999979697603434
0.9999979697603434
0.9999979697603434
0.9999979697603434
0.9999979697603434
0.9999979697603434
0.9999979697603434
0.9999979697603434
0.9999979697603434
0.9999979697603434
0.9999979697603434
0.99999846031701
0.99999863184201
0.9999986767023433
0.9999986896206766
0.9999986917617466
0.9999986920226089
0.9999986920523773
0.999998692055108
0.9999986920553424
0.9999986920553467
0.9999986920553469
0.9999986920553469
0.9999986920553469
0.9999986920553469
0.9999986920553469
0.9999986920553469
0.9999986920553469
0.9999986920553469
0.9999986920553469
0.9999986920553469
0.9999986920553469
0.9999986920553469
0.9999986920553469
0.9999986920553469
0.9999986920553469
0.9999986920553469
0.9999986920553469
0.9999986920553469
0.9999986920553469
0.9999986920553469
0.9999986920553908
0.9999986920553912
0.9999986920553912
0.9999986920553912
0.9999986920553912
0.9999986920553912
0.9999986920553912
0.9999986920553912
0.9999986920553912
0.9999986920553912
0.9999986920553912
0.9999986920553912
0.9999990935687245
0.9999992296183912
0.9999992637800579
0.9999992732952245
0.9999992747897412
0.9999992749610919
0.9999992749795246
0.9999992749811114
0.9999992749812394
0.9999992749812415
0.9999992749812415
0.9999992749812415
0.9999992749812415
0.9999992749812415
0.9999992749812415
0.9999992749812415
0.9999992749812415
0.9999992749812415
0.9999992749812415
0.9999992749812415
0.9999992749812415
0.9999992749812415
0.9999992749812415
0.9999992749812415
0.9999992749812415
0.9999992749812415
0.9999992749812415
0.9999992749812415
0.9999992749812415
0.9999992749812415
0.9999992749812415
0.9999992749812415
0.9999992749812415
0.9999992749812415
0.9999992749812415
0.9999992749812415
0.9999992749812415
0.9999992749812415
0.9999992749812415
0.9999992749812415
0.9999992749812415
0.9999992819610749
0.9999992819619906
0.9999992819619916
0.9999992819619916
0.9999992819619916
0.9999992819619916
0.9999992819619916
0.9999992819619916
0.9999992819619916
0.9999992819619916
0.9999992819619916
0.9999992819619916
0.9999992819619916
0.9999992819619916
0.9999992819619916
0.9999992819619916
0.9999992819619916
0.9999992819619916
0.9999992819619916
0.999999281969798
0.9999992819703338
0.9999992819703338
0.9999992819703338
0.9999992819703338
0.9999992819703338
0.9999992819703338
0.9999992819703338
0.9999992819703338
0.9999992819703338
0.9999992819703338
0.9999992819703338
0.9999992819703338
0.9999992819703338
0.9999992819703338
0.9999992819703338
0.9999992819703338
0.9999992819703338
0.9999992819703338
0.9999992819703338
0.9999992819703338
0.9999992819703338
0.9999992819703338
0.9999992819703338
0.9999992819703338
0.9999992819703338
0.9999992819703338
0.9999992819703338
0.9999992819703338
0.9999992819703338
0.9999992819703338
0.9999992819703338
0.9999992819703338
0.9999992819703338
0.9999992819703338
0.9999992819703338
0.9999992819703338
0.9999994985230005
0.9999995651306672
0.9999995798809672
0.9999995835908673
0.9999995840845706
0.9999995841315109
0.9999995841357229
0.9999995841360213
0.9999995841360412
0.9999995841360414
0.9999995841360414
0.9999995841360414
0.9999995841360414
0.9999995841360414
0.9999995841360414
0.9999995841360414
0.9999995841360414
0.9999995841360414
0.9999995841360414
0.9999995841360414
0.9999995841360414
0.9999995841360414
0.9999995841360414
0.9999995841360414
0.9999995841360414
0.9999995841360414
0.9999995841360414
0.9999995841360414
0.9999995841360414
0.9999995841360414
0.9999995841736837
0.9999995841769588
0.9999995841771833
0.9999995841771977
0.9999995841771978
0.9999995841771978
0.9999995841771978
0.9999995841771978
0.9999995841771978
0.9999995841771978
0.9999995841771978
0.9999995841771978
0.9999995841771978
0.9999995841771978
0.9999995841771978
0.9999995841771978
0.9999995841771978
0.9999995841771978
0.9999995841771978
0.9999995841771978
0.9999995841771978
0.9999995841771978
0.9999995841771978
0.9999995841771978
0.9999995841771978
0.9999996363421978
0.9999996390303945
0.9999996390605378
0.9999996390607063
0.9999996390607064
0.9999996390607064
0.9999996390607064
0.9999996390607064
0.9999996390607064
0.9999996390607064
0.9999996390607064
0.9999996390607064
0.9999996390607064
0.9999996390607064
0.9999996390607064
0.9999996390607064
0.9999996390607064
0.9999996390607064
0.9999996390607064
0.9999996390607064
0.9999996390607064
0.9999996390607064
0.9999996390607064
0.9999996390607064
0.9999996390607064
0.9999996390607064
0.9999996390607064
0.9999996390607064
0.9999996390607064
0.9999996390607064
0.9999996390607064
0.9999996410006431
0.9999996410718612
0.999999641072671
0.999999641072712
0.999999641072712
0.999999641072712
0.999999641072712
0.999999641072712
0.999999641072712
0.999999641072712
0.999999641072712
0.999999641072712
0.999999641072712
0.999999641072712
0.9999996410727826
0.9999996410727845
0.9999996410727845
0.9999996410727845
0.9999996410727845
0.9999996410727845
0.9999996410727845
0.9999996410727845
0.9999996410727845
0.9999996410727845
0.9999996410727845
0.9999996410727845
0.9999996410727845
0.9999996410727845
0.9999996410727845
0.9999996410727845
0.9999996410727845
0.9999997550161178
0.9999997867097512
0.9999997928682846
0.9999997942625546
0.9999997944186986
0.9999997944309202
0.9999997944318292
0.9999997944318818
0.9999997944318847
0.9999997944318847
0.9999997944318847
0.9999997944318847
0.9999997944318847
0.9999997944318847
0.9999997944318847
0.9999997944318847
0.9999997944318847
0.9999997944318847
0.9999997944318847
0.9999997944318847
0.9999997944318847
0.9999997944318847
0.9999997944318847
0.9999997944318847
0.9999997944318847
0.9999997944318847
0.9999997944318847
0.9999997944318847
0.9999997944318847
0.9999997944318847
0.9999997944318847
0.9999997944318847
0.9999997944318847
0.9999997944318847
0.9999997944318847
0.9999997944318847
0.9999997944318847
0.9999997944318847
0.9999997944318847
0.9999997944318847
0.9999997944318847
0.9999997944318847
0.9999997944318847
0.9999997944318847
0.9999997944318847
0.9999997944318847
0.9999997944318847
0.9999997944318847
0.9999997944318847
0.9999997944318847
0.9999997944318847
0.9999997944380036
0.9999997944384169
0.9999997944384386
0.9999997944384397
0.9999997944384397
0.9999997944384397
0.9999997944384397
0.9999997944384397
0.9999997944384397
0.9999997944384397
0.9999997944384397
0.9999997944384397
0.9999997944384397
0.9999997944384397
0.9999997944384397
0.9999997944384397
0.9999997944384397
0.9999997944384397
0.9999997944384397
0.9999997944384397
0.9999997944384397
0.9999997944384397
0.9999997944384397
0.9999997944384397
0.9999997944384397
0.999999867691773
0.9999998867065729
0.9999998900835062
0.9999998907950062
0.9999998908657628
0.9999998908706078
0.9999998908709247
0.9999998908709407
0.9999998908709414
0.9999998908709414
0.9999998908709414
0.9999998908709414
0.9999998908709414
0.9999998908709414
0.9999998908709414
0.9999998908709414
0.9999998908709414
0.9999998908709414
0.9999998908709414
0.9999998908709414
0.9999998908709414
0.9999998908709414
0.9999998908709414
0.9999998908709414
0.9999998908709414
0.9999998908709414
0.9999998908709414
0.9999998908709414
0.9999998908709414
0.9999998908709414
0.9999998908709414
0.9999998908709414
0.9999998908709414
0.9999998908709414
0.9999998908709414
0.9999998913761248
0.9999998913791497
0.999999891379335
0.9999998913793402
0.9999998913793402
0.9999998913793402
0.9999998913793402
0.9999998913793402
0.9999998913793402
0.9999998913793402
0.9999998913793402
0.9999998913793402
0.9999998913793402
0.9999998913793402
0.9999998913793402
0.9999998913793402
0.9999998913793402
0.9999998913793402
0.9999998913793402
0.9999998913793402
0.9999998913793402
0.9999998913793402
0.9999998913793402
0.9999998913793402
0.9999998913793402
0.9999998913793402
0.9999998913793402
0.9999998913793402
0.9999998913793402
0.9999998913793402
0.9999998913793402
0.9999998913793402
0.9999998913793402
0.9999998913793402
0.9999998913793402
0.9999998913793402
0.9999998913793402
0.9999998917365869
0.9999998917365917
0.9999998917365917
0.9999998917365917
0.9999998917365917
0.9999998917365917
0.9999998917365917
0.9999998917365917
0.9999998917365917
0.9999998917365917
0.9999998917365917
0.9999998917365917
0.9999998917365917
0.9999998917365917
0.9999998917365917
0.9999998917365917
0.9999998917365917
0.9999998917365917
0.9999998917365917
0.9999998917365917
0.9999998917365917
0.9999998917365917
0.9999998917365917
0.9999998917365917
0.999999928732925
0.9999999373636583
0.999999938697285
0.9999999389488963
0.9999999389697166
0.999999938970876
0.9999999389709382
0.9999999389709407
0.9999999389709409
0.9999999389709409
0.9999999389709409
0.9999999389709409
0.9999999389709409
0.9999999389709409
0.9999999389709409
0.9999999389709409
0.9999999389709409
0.9999999389709409
0.9999999389709409
0.9999999389709409
0.9999999389709409
0.9999999389709409
0.9999999389709409
0.9999999389709409
0.9999999389709409
0.9999999389709409
0.9999999389709409
0.9999999389709409
0.9999999389709409
0.9999999389709409
0.9999999389709409
0.9999999389709409
0.9999999389709409
0.9999999389709409
0.9999999389709409
0.9999999389709409
0.9999999389709409
0.9999999389709409
0.9999999389709409
0.9999999389709409
0.9999999389709409
0.9999999389709409
0.9999999389709409
0.9999999389709409
0.9999999389709409
0.9999999389709409
0.9999999389709409
0.9999999389709409
0.9999999389709409
0.9999999389709409
0.9999999389709409
0.9999999389709409
0.9999999389709409
0.9999999389709409
0.9999999389709409
0.9999999389709409
0.9999999389709409
0.9999999389709409
0.9999999389709409
0.9999999389709409
0.9999999389709409
0.9999999389709409
0.9999999389709409
0.9999999389709409
0.9999999439893076
0.9999999441126199
0.9999999441130545
0.9999999441130552
0.9999999441130552
0.9999999441130552
0.9999999441130552
0.9999999441130552
0.9999999441130552
0.9999999441130552
0.9999999441130552
0.9999999441130552
0.9999999441130552
0.9999999441130552
0.9999999441130552
0.9999999441130552
0.9999999441130552
0.9999999441130552
0.9999999441130552
0.9999999441130552
0.9999999441130552
0.9999999441130552
0.9999999441130552
0.999999944113394
0.9999999441134093
0.9999999441134099
0.9999999441134099
0.9999999441134099
0.9999999441134099
0.9999999441134099
0.9999999441134099
0.9999999441134099
0.9999999441134099
0.9999999441134099
0.9999999441134099
0.9999999441134099
0.9999999441134099
0.9999999441134099
0.9999999441134099
0.9999999441134099
0.9999999441134099
0.9999999441134099
0.9999999441134099
0.9999999441134099
0.9999999441134099
0.9999999441134099
0.9999999441134099
0.9999999441134099
0.9999999623471432
0.9999999661559432
0.9999999666654232
0.9999999667512306
0.9999999667570987
0.9999999667573625
0.999999966757374
0.9999999667573743
0.9999999667573743
0.9999999667573743
0.9999999667573743
0.9999999667573743
0.9999999667573743
0.9999999667573743
0.9999999667573743
0.9999999667573743
0.9999999667573743
0.9999999667573743
0.9999999667573743
0.9999999667573743
0.9999999667573743
0.9999999667573743
0.9999999667573743
0.9999999667573743
0.9999999667573743
0.9999999667573743
0.9999999667573743
0.9999999667573743
0.9999999667573743
0.9999999667573743
0.9999999667573743
0.9999999667573743
0.9999999667573743
0.9999999667573743
0.9999999667573743
0.9999999810825076
0.999999983964311
0.999999984331281
0.999999984390751
0.9999999843945618
0.9999999843947212
0.9999999843947276
0.9999999843947278
0.9999999843947278
0.9999999843947278
0.9999999843947278
0.9999999843947278
0.9999999843947278
0.9999999843947278
0.9999999843947278
0.9999999843947278
0.9999999843947278
0.9999999843947278
0.9999999843947278
0.9999999843947278
0.9999999843947278
0.9999999843947278
0.9999999843947278
0.9999999843947278
0.9999999843947278
0.9999999843947278
0.9999999843947278
0.9999999843947278
0.9999999843947278
0.9999999843947278
0.9999999843947278
0.9999999843947278
0.9999999843947278
0.9999999843947278
0.9999999843947278
0.9999999843947278
0.9999999843947278
0.9999999843947278
0.9999999843947278
0.9999999843947278
0.9999999843947278
0.9999999843947278
0.9999999843947278
0.9999999843947278
0.9999999843947278
0.9999999865683878
0.9999999866094396
0.9999999866095352
0.9999999866095353
0.9999999866095353
0.9999999866095353
0.9999999866095353
0.9999999866095353
0.9999999866095353
0.9999999866095353
0.9999999866095353
0.9999999866095353
0.9999999866095353
0.9999999866095353
0.9999999866095353
0.9999999866095353
0.9999999866095353
0.9999999866095353
0.9999999866095353
0.9999999866095353
0.9999999866095353
0.9999999866095353
0.9999999866095353
0.9999999866095353
0.9999999866095353
0.9999999866095353
0.9999999866095353
0.9999999866095353
0.9999999866095353
0.9999999866095353
0.9999999866095353
0.9999999866095353
0.9999999866095353
0.9999999866095353
0.9999999866095353
0.9999999866095353
0.9999999866095353
0.9999999866095353
0.9999999866095353
0.9999999866095353
0.9999999866095353
0.9999999866095353
0.9999999866095353
0.9999999866095353
0.9999999866095353
0.9999999866095353
0.9999999866095353
0.9999999866095353
0.9999999866095353
0.9999999866095353
0.9999999866095353
0.9999999866095353
0.9999999866095353
0.9999999866095353
0.9999999866095353
0.9999999866095353
0.9999999866288629
0.9999999866288968
0.9999999866288968
0.9999999866288968
0.9999999866288968
0.9999999866288968
0.9999999866288968
0.9999999866288968
0.9999999866288968
0.9999999866288968
0.9999999866288968
0.9999999866288968
0.9999999866288968
0.9999999866288968
0.9999999866288968
0.9999999866288968
0.9999999866288968
0.9999999866288968
0.9999999866288968
0.9999999866288968
0.9999999866288968
0.9999999866288968
0.9999999866288968
0.9999999866288968
0.9999999866288968
0.9999999866288968
0.9999999866288968
0.9999999866288968
0.9999999866288968
0.9999999866288968
0.9999999866288968
0.9999999866288968
0.9999999866288968
0.9999999866288968
0.9999999866288968
0.9999999866288968
0.9999999866288968
0.9999999866288968
0.9999999866288968
0.9999999866288968
0.9999999866288968
0.9999999866288968
0.9999999866288968
0.9999999866288968
0.9999999866288968
0.9999999866288968
0.9999999866288968
0.9999999866288968
0.9999999907468301
0.9999999914289335
0.9999999914962758
0.9999999915052313
0.9999999915056412
0.999999991505653
0.9999999915056533
0.9999999915056533
0.9999999915056533
0.9999999915056533
0.9999999915056533
0.9999999915056533
0.9999999915056533
0.9999999915056533
0.9999999915056533
0.9999999915056533
0.9999999915056533
0.9999999915056533
0.9999999915056533
0.9999999915056533
0.9999999915056533
0.9999999915056533
0.9999999915056533
0.9999999915056533
0.9999999915056533
0.9999999915056533
0.9999999915056533
0.9999999915056533
0.9999999915056533
0.9999999915056533
0.9999999915056533
0.9999999915056533
0.99999999468911
0.9999999951957067
0.9999999952431594
0.9999999952492191
0.9999999952494778
0.9999999952494847
0.9999999952494849
0.9999999952494849
0.9999999952494849
0.9999999952494849
0.9999999952494849
0.9999999952494849
0.9999999952494849
0.9999999952494849
0.9999999952494849
0.9999999952494849
0.9999999952494849
0.9999999952494849
0.9999999952494849
0.9999999952494849
0.9999999952494849
0.9999999952494849
0.9999999952494849
0.9999999952494849
0.9999999952494849
0.9999999952494849
0.9999999952494849
0.9999999952494849
0.9999999952494849
0.9999999952494849
0.9999999952494901
0.9999999952494902
0.9999999952494902
0.9999999952494902
0.9999999952494902
0.9999999952494902
0.9999999952494902
0.9999999952494902
0.9999999952494902
0.9999999952494902
0.9999999952494902
0.9999999952494902
0.9999999952494902
0.9999999952494902
0.9999999952494902
0.9999999952494902
0.9999999952494902
0.9999999952494902
0.9999999952494902
0.9999999952494902
0.9999999952494902
0.9999999952494902
0.9999999952494902
0.9999999952494902
0.9999999952494902
0.9999999952494902
0.9999999952494902
0.9999999952494902
0.9999999952494902
0.9999999952494902
0.9999999952494902
0.9999999952494902
0.9999999952494902
0.9999999952494902
0.9999999952494902
0.9999999971368703
0.9999999974137389
0.9999999974370444
0.9999999974397858
0.9999999974398874
0.9999999974398898
0.9999999974398898
0.9999999974398898
0.9999999974398898
0.9999999974398898
0.9999999974398898
0.9999999974398898
0.9999999974398898
0.9999999974398898
0.9999999974398898
0.9999999974398898
0.9999999974398898
0.9999999974398898
0.9999999974398898
0.9999999974398898
0.9999999974398898
0.9999999974398898
0.9999999974398898
0.9999999974398898
0.9999999974398898
0.9999999974398898
0.9999999974398898
0.9999999974398898
0.9999999974398898
0.9999999974398898
0.9999999974398898
0.9999999974398898
0.9999999974398898
0.9999999974398898
0.9999999974398898
0.9999999974398898
0.9999999974398898
0.9999999974398898
0.9999999974398898
0.9999999974398898
0.9999999974398898
0.9999999988873365
0.9999999990910772
0.999999999107321
0.9999999991091539
0.9999999991092171
0.9999999991092184
0.9999999991092184
0.9999999991092184
0.9999999991092184
0.9999999991092184
0.9999999991092184
0.9999999991092184
0.9999999991092184
0.9999999991092184
0.9999999991092184
0.9999999991092184
0.9999999991092184
0.9999999991092184
0.9999999991092184
0.9999999991092184
0.9999999991092184
0.9999999991092184
0.9999999991092184
0.9999999991092184
0.9999999991092184
0.9999999991092184
0.9999999991092184
0.9999999991092184
0.9999999991092184
0.9999999991092184
0.9999999991092184
0.9999999991092184
0.9999999991092184
0.9999999991092184
0.9999999991092184
0.9999999991092184
0.9999999991092184
0.9999999991092184
0.9999999991092184
0.9999999992586868
0.9999999992599075
0.9999999992599082
0.9999999992599082
0.9999999992599082
0.9999999992599082
0.9999999992599082
0.9999999992599082
0.9999999992599082
0.9999999992599082
0.9999999992599082
0.9999999992599082
0.9999999992599082
0.9999999992599082
0.9999999992599082
0.9999999992599082
0.9999999992599082
0.9999999992599082
0.9999999992599082
0.9999999992599082
0.9999999992599082
0.9999999992599082
0.9999999992599082
0.9999999992599088
0.9999999992599088
0.9999999992599088
0.9999999992599088
0.9999999992599088
0.9999999992599088
0.9999999992599088
0.9999999992599088
0.9999999992599088
0.9999999992599088
0.9999999992599088
0.9999999992599088
0.9999999992599088
0.9999999992599088
0.9999999992599088
0.9999999992599088
0.9999999992599088
0.9999999992599088
0.9999999992599088
0.9999999992599088
0.9999999992599088
0.9999999992599088
0.9999999992599088
0.9999999992599088
0.9999999992599088
0.9999999992599088
0.9999999992599088
0.9999999992599088
0.9999999992599088
0.9999999992599088
0.9999999992599088
0.9999999992599088
0.9999999992599088
0.9999999992599088
0.9999999992599088
0.9999999992599088
0.9999999992599088
0.9999999992599088
0.9999999992599088
0.9999999992599088
0.9999999992599088
0.9999999992599088
0.9999999992599088
0.9999999992599088
0.9999999992599088
0.9999999992599088
0.9999999992599088
0.9999999992599088
0.9999999992599088
0.9999999992599088
0.9999999992599088
0.9999999992599088
0.9999999992599088
0.9999999992599088
0.9999999992599088
0.9999999992599088
0.9999999992599088
0.9999999992599088
0.9999999992599088
0.9999999992599088
0.9999999992599088
0.9999999992599088
0.9999999992599088
0.999999999259909
0.999999999259909
0.999999999259909
0.999999999259909
0.999999999259909
0.999999999259909
0.999999999259909
0.999999999259909
0.999999999259909
0.999999999259909
0.999999999259909
0.999999999259909
0.999999999259909
0.999999999259909
0.999999999259909
0.999999999259909
0.999999999259909
0.999999999259909
0.999999999259909
0.999999999259909
0.999999999259909
0.999999999259909
0.999999999259909
0.999999999259909
0.999999999259909
0.9999999992602612
0.9999999992602612
0.9999999992602612
0.9999999992602612
0.9999999992602612
0.9999999992602612
0.9999999992602612
0.9999999992602612
0.9999999992602612
0.9999999992602612
0.9999999992602612
0.9999999992602612
0.9999999992602612
0.9999999992602612
0.9999999992602612
0.9999999992602612
0.9999999992602612
0.9999999992602612
0.9999999992602612
0.9999999992602612
0.9999999992602612
0.9999999992602612
0.9999999992602612
0.9999999992602612
0.9999999992602612
0.9999999992602612
0.9999999992602612
0.9999999992602612
0.999999999260492
0.9999999992604921
0.9999999992604921
0.9999999992604921
0.9999999992604921
0.9999999992604921
0.9999999992604921
0.9999999992604921
0.9999999992604921
0.9999999992604921
0.9999999992604921
0.9999999992604921
0.9999999992604921
0.9999999992604921
0.9999999992604921
0.9999999992604921
0.9999999992604921
0.9999999992604921
0.9999999992604921
0.9999999992604921
0.9999999992604921
0.9999999992604921
0.9999999992604921
0.9999999992604921
0.9999999992604921
0.9999999995389994
0.9999999995693368
0.9999999995710627
0.9999999995712133
0.9999999995712167
0.9999999995712167
0.9999999995712167
0.9999999995712167
0.9999999995712167
0.9999999995712167
0.9999999995712167
0.9999999995712167
0.9999999995712167
0.9999999995712167
0.9999999995712167
0.9999999995712167
0.9999999995712167
0.9999999995712167
0.9999999995712167
0.9999999995712167
0.9999999995712167
0.9999999995712167
0.9999999995712167
0.9999999995712167
0.9999999995712167
0.9999999995712167
0.9999999995712167
0.9999999995712167
0.9999999995712167
0.9999999995712167
0.9999999995712167
0.9999999995712167
0.9999999995712167
0.9999999995712167
0.9999999995712167
0.9999999995712167
0.9999999995712167
0.9999999995712167
0.9999999995712167
0.9999999995712167
0.9999999995712167
0.9999999995712167
0.9999999995712167
0.9999999995712167
0.9999999995712167
0.9999999995712167
0.9999999995712167
0.9999999995712167
0.9999999995712167
0.9999999995712167
0.9999999995712167
0.9999999995930686
0.9999999995931667
0.9999999995931667
0.9999999995931667
0.9999999995931667
0.9999999995931667
0.9999999995931667
0.9999999995931667
0.9999999995931667
0.9999999995931667
0.9999999995931667
0.9999999995931667
0.9999999995931667
0.9999999995931667
0.9999999995931667
0.9999999995931667
0.9999999995931667
0.9999999995931667
0.9999999995931667
0.9999999995931667
0.9999999995931667
0.9999999995931667
0.9999999995931667
0.9999999995931667
0.9999999995931667
0.9999999995931667
0.9999999995931667
0.9999999995931667
0.9999999995931667
0.9999999995931667
0.9999999995931667
0.9999999995931667
0.9999999995931667
0.9999999995931667
0.9999999995931667
0.9999999995931667
0.9999999995931667
0.9999999995931667
0.9999999995931667
0.9999999995931667
0.9999999995931667
0.9999999995931667
0.9999999995931667
0.9999999995931667
0.9999999995931667
0.9999999995931667
0.9999999995931667
0.9999999995931667
0.9999999995931667
0.9999999995931667
0.9999999995931667
0.9999999995931667
0.9999999995931667
0.9999999995931667
0.9999999995931667
0.9999999995931667
0.9999999995931667
0.9999999995931667
0.9999999995931667
0.9999999995931667
0.9999999995931667
0.9999999995931667
0.9999999995931667
0.9999999995931667
0.9999999995931667
0.9999999995931667
0.9999999995931667
0.9999999995931667
0.9999999995931667
0.9999999995931667
0.9999999995931667
0.9999999995931667
0.9999999995931667
0.9999999995931667
0.9999999995931667
0.9999999995931667
0.9999999995931667
0.9999999995931667
0.9999999995931667
0.9999999995931667
0.9999999995931667
0.9999999995931667
0.9999999995931667
0.9999999995931667
0.9999999995931667
0.9999999995931667
0.9999999995931667
0.9999999995931667
0.9999999995931667
0.9999999995931667
0.9999999995931667
0.9999999995931667
0.9999999995931667
0.9999999995931667
0.9999999995931667
0.9999999995931667
0.9999999995931667
0.9999999995931667
0.9999999995931667
0.9999999995931667
0.9999999995931667
0.9999999995931667
0.9999999995931667
0.9999999995931667
0.9999999996011852
0.9999999996012116
0.9999999996012116
0.9999999996012116
0.9999999996012116
0.9999999996012116
0.9999999996012116
0.9999999996012116
0.9999999996012116
0.9999999996012116
0.9999999996012116
0.9999999996012116
0.9999999996012116
0.9999999996012116
0.9999999996012116
0.9999999996012116
0.9999999996012116
0.9999999996012116
0.9999999996012116
0.9999999996012116
0.9999999996012116
0.9999999996012116
0.9999999996012116
0.9999999996012116
0.9999999996012116
0.9999999996012116
0.9999999996012116
0.9999999996012116
0.9999999996012116
0.9999999996012284
0.9999999996012284
0.9999999996012284
0.9999999996012284
0.9999999996012284
0.9999999996012284
0.9999999996012284
0.9999999996012284
0.9999999996012284
0.9999999996012284
0.9999999996012284
0.9999999996012284
0.9999999996012284
0.9999999996012284
0.9999999996012284
0.9999999996012284
0.9999999996012284
0.9999999996012284
0.9999999996012284
