20.90353427154794
29.980876792027434
37.67621930273976
36.99739736273972
26.59405483117806
19.75432876315068
27.93476710367124
38.566054801561634
35.95265755326026
21.027698697465755
18.236767139295885
27.29528770989044
38.399917957753416
37.38882195460276
22.028438345890407
20.943835666147937
27.485972678767123
38.18852057764383
38.04210960709592
22.801616464857524
22.59517811318356
29.54180823808219
37.91663021961642
36.70621924715068
24.594219239260244
18.13641098796438
27.942301374191775
36.83706864682192
36.27978098095888
23.826958962054796
19.95876716979727
29.32542468567122
38.48260280117809
37.17684932873978
22.83243840646575
20.46117812396985
26.116054791205478
38.85556173975344
35.170493196630126
20.97219186841096
19.375780847753415
27.699534249041104
39.610082317917865
36.31906842271235
24.271890444432863
20.442246625260275
29.831150750082184
39.681835717863
34.987698709068525
22.814630187326017
17.378821959586304
29.960931532465768
40.377561710109596
36.51635628556166
22.987424678260265
21.443506894465738
28.844054841506868
39.21057535989042
35.29953430419179
20.911369854279428
18.290082212005466
29.076602781890394
37.925753491780824
37.18586307175344
24.500219251534226
20.203479492816417
28.598109600438384
38.02093152591782
36.88372602084932
23.1365205870137
17.586054841342467
26.979315112301375
37.84800004821924
35.896301426438356
21.868137030586283
18.695671256827392
25.866547919068466
36.81027400372604
36.58654796120548
23.246274027304096
17.31112333999726
30.35295896153425
39.32953434789043
35.61654791112334
24.295808267084944
20.572246639241097
27.320383592109604
37.19183563887674
36.905095928575385
23.01983566551504
20.10013698416713
27.690657521753458
39.06945211328767
35.98945199616441
22.711616415556158
18.205808226597238
28.165123354438382
39.01520560783559
37.50446581391781
22.82304110616437
19.796547930095887
27.416767253835637
39.49715070323288
35.45652053484935
22.882657589561646
19.950794546706867
28.665369901397256
38.286137097534215
35.65849316723288
20.62427394576986
21.8701096390411
30.64849314232875
38.625671271917824
36.013945284328784
19.88876716416438
17.642137059953424
25.662520566747958
38.991643921150676
37.280493263397275
24.489068554136963
19.85104113046574
28.999315089561623
39.621479530931545
36.626547967506866
22.05443842909864
19.217232947528753
25.31690412298629
38.212246620438364
37.283424638876745
23.451671274019173
20.15320556341096
27.65654800098631
38.05413702879449
35.70591785479452
23.401945258027386
19.71682193749314
27.007287676219164
38.643917925369884
36.89739731608221
25.440821982273967
18.426246667057537
27.647753454684917
39.85564386523286
37.51317809104109
21.924931509331515
17.076273995550686
27.10630141756164
38.80054795775342
38.26679457054797
23.92849319660273
19.518986378164364
26.11279453660272
38.92882198676714
37.926054800657525
24.833342465917806
21.879315133397252
28.923945178547967
38.89380821835613
37.32183569284933
24.93539729169862
19.100849347835613
26.685589095260287
37.71805495139727
36.41224660994521
22.912219199123285
18.667643902876694
25.097698666410963
38.99556175142464
36.805041200958904
23.403068542739742
20.937753455506847
28.79402743339724
38.57021930613696
36.331041174000006
21.72216437613699
18.505315074523303
29.08424658035614
39.389260279013676
36.22882192435613
22.667835572295914
23.036602725671226
28.889178116657526
38.622136923561634
36.15147946495891
23.85978079224658
19.784575327712325
29.340082205123295
38.40882198361644
37.498274032410976
23.411123296526043
19.780986252739726
28.661862922109584
39.130630158794524
37.51230140052054
25.673671304383546
19.40145208802465
31.76860275802743
39.44789039389042
37.695561625917804
25.507726044602705
19.95947948244383
28.58632878893151
38.43397273230136
36.3901917861644
25.682684964687677
20.460958936643838
26.048246569115065
37.3775615690411
37.96687682698628
24.068684969958895
19.751342530630136
28.547726035397247
37.44000000126027
37.49400001942467
23.26605483812603
18.459041096438355
28.797095852438336
37.91945208709588
37.68019189720551
23.47383558443288
20.45213698032876
27.94654797071231
39.15079462235616
38.381479472082184
22.997972561452077
20.175068473616452
26.657808212493144
37.49594524315067
39.070136956027376
27.216821863808217
21.243972597917807
29.85293147482192
38.67449310024655
37.52512328789041
25.24317811684929
19.7744383561096
29.790684911616435
38.03589047999998
38.188136944712326
23.851150671972594
17.612821928884937
24.74136985380822
36.79219186350686
37.97810961602741
24.44956160757534
21.62558900490411
26.14487668394519
37.00216442769862
37.568301360356166
27.430438378520556
3.3476438495890406
