4.5256610210000003e-05
0.0005627179949999999
0.0016929783260000006
0.00439705816
0.008424103090000001
0.012958382890000002
0.0186193641
0.0348292656
0.03920239909999999
0.059438813899999984
0.069037581
0.09552538099999999
0.15903767800000004
0.214264849
0.30315287099999993
0.23924210899999995
0.16428433099999998
0.2595992079999999
0.185245705
0.240737945
0.33601110599999995
0.33738379900000004
0.43702692399999993
0.26144789600000007
0.5327480969999999
0.41795379700000007
0.542970722
0.4729057820000001
0.5345895430000001
0.646128834
0.5188873599999999
0.733007914
0.4475259630000001
0.702568436
0.383412735
0.5793152300000001
0.6618960859999998
0.7322304159999999
0.648753966
0.680092586
0.7656590669999997
0.6326323769999997
0.687516504
0.6357634139999998
0.6251964489999999
0.660103184
0.56766659
0.6175981770000002
0.5832055669999999
0.46993063299999993
0.762365325
0.3652198179999999
0.550651751
0.47678159500000006
0.4593714670000003
0.46193633900000003
0.4539369469999999
0.523578342
0.319808138
0.3175294749999999
0.368781943
0.42157858299999995
0.3722194199999999
0.2325258400000001
0.272419261
0.24802082599999994
0.25300194099999995
0.28444983
0.259525434
0.20284113099999995
0.19055649799999994
0.20708661849999999
0.16635356780000005
0.17518072569999998
0.15775452100000006
0.12788461579999996
0.14555821519999992
0.11822284579999999
0.11807254840000002
0.1294516181
0.11635414370000001
0.07992997080000001
0.11684513300000002
0.08996861887000002
0.09824030820000003
0.07442002001999996
0.06680588933000002
0.08678635820999998
0.06522095467
0.07827873734
0.05623680281999998
0.05696394728
0.059416813320000005
0.040395655722000004
0.07386560758200002
0.04262570235099999
0.036389177248
0.035835559101999995
0.05698169561900002
0.020780458068400003
0.0324459842285
0.024463755938800007
0.039460649018800004
0.0171704449914
0.03693674599159999
0.027797889363
0.033382952496670004
0.007310404647310002
0.021534787440900004
0.014076315659239998
0.017694083113136003
0.017153380228119998
0.015945195356569998
0.02172842863252
0.008405532879262002
0.009870057943246
0.015117380795510001
0.014123383631893
0.013169940841439996
0.0097239702525851
0.006979114648656003
0.016023219110451993
0.0034304414424753014
0.0058822931528195
0.009411274494373343
0.01209757097485895
0.0011734588102821995
0.007484056349473392
0.00430449083613058
0.006569961914541991
0.0017961056737673614
0.005692090613376667
0.0052356987592197465
0.006885461176108854
0.002235501203052674
0.0042927130030729135
0.0005602728539082539
0.002137186876874332
0.0027865784422777475
0.0017596132330461515
0.002650085226690526
0.002623439361246948
0.00270485341080864
0.0001585895733799022
0.0011572570807355759
0.0018645158094047706
0.001759730842360308
0.00048216002832309374
0.0014910856173983023
0.0012997800826213934
0.0006314166943228861
0.00048086320508952126
0.0011190734013208545
0.00043816355540523947
0.00083171316475055
4.246503340580459e-05
0.001221707478560446
