11 0
13 0
11 45
13 45
11 90
13 90
11 135
13 135
11 180
13 180
11 225
13 225
11 270
13 270
11 315
13 315
11 360
13 360
11 405
13 405
11 450
13 450
11 495
13 495
11 540
13 540
11 585
13 585
11 630
13 630
11 675
13 675
11 720
13 720
11 765
13 765
11 810
13 810
11 855
13 855
11 900
13 900
11 945
13 945
11 990
13 990
11 1035
13 1035
11 1080
13 1080
11 1125
13 1125
11 1170
13 1170
11 1215
13 1215
11 1260
13 1260
11 1305
13 1305
11 1350
13 1350
11 1395
13 1395
11 1440
13 1440
11 1485
13 1485
11 1530
13 1530
11 1575
13 1575
11 1620
13 1620
11 1665
13 1665
11 1710
13 1710
11 1800
13 1800
11 1845
13 1845
11 1890
13 1890
11 1935
13 1935
11 1980
13 1980
11 2025
13 2025
11 2070
13 2070
11 2115
13 2115
11 2160
13 2160
11 2205
13 2205
11 2250
13 2250
11 2295
13 2295
11 2340
13 2340
11 2385
13 2385
11 2520
13 2520
11 2616
13 2616
11 2664
13 2664
11 2709
13 2709
11 2880
13 2880
11 3120
13 3120
11 3165
13 3165
11 3210
13 3210
11 6888
13 6888
11 6933
13 6933
11 6978
13 6978
11 7023
13 7023
11 7068
13 7068
11 7128
13 7128
11 7173
13 7173
11 7218
13 7218
11 7263
13 7263
11 7416
13 7416
11 7461
13 7461
11 7506
13 7506
11 7551
13 7551
11 7596
13 7596
11 7641
13 7641
11 7686
13 7686
11 7731
13 7731
11 7776
13 7776
11 7821
13 7821
11 7866
13 7866
11 7911
13 7911
11 7956
13 7956
11 8001
13 8001
11 8046
13 8046
11 8091
13 8091
11 8136
13 8136
11 8181
13 8181
11 8226
13 8226
11 8271
13 8271
11 8316
13 8316
11 8361
13 8361
11 8406
13 8406
11 8451
13 8451
11 8496
13 8496
11 8541
13 8541
11 8586
13 8586
11 8631
13 8631
11 8676
13 8676
11 8721
13 8721
11 8766
13 8766
11 8811
13 8811
11 8856
13 8856
11 8901
13 8901
11 8946
13 8946
11 8991
13 8991
11 9036
13 9036
11 9081
13 9081
11 9126
13 9126
11 9171
13 9171
11 9216
13 9216
11 9261
13 9261
11 9306
13 9306
11 9351
13 9351
11 9396
13 9396
11 9441
13 9441
11 9486
13 9486
11 9531
13 9531
11 9576
13 9576
11 9621
13 9621
11 9666
13 9666
11 9711
13 9711
11 9756
13 9756
11 9801
13 9801
11 9846
13 9846
11 9891
13 9891
11 9936
13 9936
11 9981
13 9981
11 10026
13 10026
11 10071
13 10071
11 10116
13 10116
11 10161
13 10161
11 10206
13 10206
11 10251
13 10251
11 10296
13 10296
11 10341
13 10341
11 10386
13 10386
11 10431
13 10431
11 10476
13 10476
11 10521
13 10521
11 10566
13 10566
11 10632
13 10632
11 10677
13 10677
11 10752
13 10752
11 10797
13 10797
11 10842
13 10842
11 10887
13 10887
11 10932
13 10932
11 10977
13 10977
11 11022
13 11022
11 11067
13 11067
11 11208
13 11208
11 11253
13 11253
11 11472
13 11472
11 11517
13 11517
11 11688
13 11688
11 15888
13 15888
11 15933
13 15933
11 16104
13 16104
11 16149
13 16149
11 16194
13 16194
11 16368
13 16368
11 16413
13 16413
11 16458
13 16458
11 16503
13 16503
11 16548
13 16548
11 16593
13 16593
11 16638
13 16638
11 16683
13 16683
11 16728
13 16728
11 16773
13 16773
11 16818
13 16818
11 16863
13 16863
11 16908
13 16908
11 16953
13 16953
11 16998
13 16998
11 17043
13 17043
11 17088
13 17088
11 17133
13 17133
11 17178
13 17178
11 17223
13 17223
11 17268
13 17268
11 17313
13 17313
11 17358
13 17358
11 17403
13 17403
11 17448
13 17448
11 17493
13 17493
11 17538
13 17538
11 17583
13 17583
11 17628
13 17628
11 17673
13 17673
11 17718
13 17718
11 17763
13 17763
11 17808
13 17808
11 17853
13 17853
11 17898
13 17898
11 17943
13 17943
11 17988
13 17988
11 18033
13 18033
11 18078
13 18078
11 18123
13 18123
11 18168
13 18168
11 18213
13 18213
11 18258
13 18258
11 18303
13 18303
11 18348
13 18348
11 18393
13 18393
11 18438
13 18438
11 18483
13 18483
11 18528
13 18528
11 18576
13 18576
11 18621
13 18621
11 18666
13 18666
11 18711
13 18711
11 18756
13 18756
11 18801
13 18801
11 18936
13 18936
11 18981
13 18981
11 19032
13 19032
11 19077
13 19077
11 19122
13 19122
11 19167
13 19167
11 19212
13 19212
11 19257
13 19257
11 19302
13 19302
11 19347
13 19347
11 19392
13 19392
11 19437
13 19437
11 19482
13 19482
11 19527
13 19527
11 19572
13 19572
11 19617
13 19617
11 19662
13 19662
11 19707
13 19707
11 19752
13 19752
11 19797
13 19797
11 19896
13 19896
11 19941
13 19941
11 19986
13 19986
11 20031
13 20031
11 20076
13 20076
11 20121
13 20121
11 20424
13 20424
11 24384
13 24384
11 24792
13 24792
11 24864
13 24864
11 24909
13 24909
11 24954
13 24954
11 24999
13 24999
11 25044
13 25044
11 25089
13 25089
11 25134
13 25134
11 25179
13 25179
11 25224
13 25224
11 25269
13 25269
11 25314
13 25314
11 25359
13 25359
11 25404
13 25404
11 25449
13 25449
11 25494
13 25494
11 25539
13 25539
11 25584
13 25584
11 25629
13 25629
11 25674
13 25674
11 25719
13 25719
11 25764
13 25764
11 25809
13 25809
11 25854
13 25854
11 25899
13 25899
11 25944
13 25944
11 25989
13 25989
11 26034
13 26034
11 26079
13 26079
11 26124
13 26124
11 26169
13 26169
11 26214
13 26214
11 26259
13 26259
11 26304
13 26304
11 26349
13 26349
11 26394
13 26394
11 26439
13 26439
11 26484
13 26484
11 26529
13 26529
11 26574
13 26574
11 26619
13 26619
11 26664
13 26664
11 26709
13 26709
11 26754
13 26754
11 26799
13 26799
11 26844
13 26844
11 26889
13 26889
11 26934
13 26934
11 26979
13 26979
11 27024
13 27024
11 27069
13 27069
11 27114
13 27114
11 27159
13 27159
11 27204
13 27204
11 27249
13 27249
11 27294
13 27294
11 27339
13 27339
11 27384
13 27384
11 27429
13 27429
11 27474
13 27474
11 27519
13 27519
11 27564
13 27564
11 27609
13 27609
11 27654
13 27654
11 27699
13 27699
11 27744
13 27744
11 27789
13 27789
11 27834
13 27834
11 27879
13 27879
11 27924
13 27924
11 27969
13 27969
11 28014
13 28014
11 28059
13 28059
11 28104
13 28104
11 28149
13 28149
11 28194
13 28194
11 28239
13 28239
11 28284
13 28284
11 28329
13 28329
11 28374
13 28374
11 28419
13 28419
11 28464
13 28464
11 28509
13 28509
11 28656
13 28656
11 28701
13 28701
11 28746
13 28746
11 28791
13 28791
11 29016
13 29016
11 29061
13 29061
11 29376
13 29376
11 29421
13 29421
11 29466
13 29466
11 33528
13 33528
11 33573
13 33573
11 33618
13 33618
11 33663
13 33663
11 33708
13 33708
11 33753
13 33753
11 33798
13 33798
11 33888
13 33888
11 33933
13 33933
11 33978
13 33978
11 34023
13 34023
11 34068
13 34068
11 34113
13 34113
11 34158
13 34158
11 34203
13 34203
11 34248
13 34248
11 34293
13 34293
11 34338
13 34338
11 34383
13 34383
11 34428
13 34428
11 34473
13 34473
11 34518
13 34518
11 34563
13 34563
11 34608
13 34608
11 34653
13 34653
11 34698
13 34698
11 34743
13 34743
11 34788
13 34788
11 34833
13 34833
11 34878
13 34878
11 34923
13 34923
11 34968
13 34968
11 35013
13 35013
11 35058
13 35058
11 35103
13 35103
11 35148
13 35148
11 35193
13 35193
11 35238
13 35238
11 35283
13 35283
11 35328
13 35328
11 35373
13 35373
11 35418
13 35418
11 35463
13 35463
11 35508
13 35508
11 35553
13 35553
11 35598
13 35598
11 35643
13 35643
11 35688
13 35688
11 35733
13 35733
11 35778
13 35778
11 35823
13 35823
11 35868
13 35868
11 35913
13 35913
11 35958
13 35958
11 36003
13 36003
11 36048
13 36048
11 36093
13 36093
11 36138
13 36138
11 36183
13 36183
11 36228
13 36228
11 36273
13 36273
11 36318
13 36318
11 36363
13 36363
11 36408
13 36408
11 36453
13 36453
11 36498
13 36498
11 36543
13 36543
11 36588
13 36588
11 36633
13 36633
11 36678
13 36678
11 36723
13 36723
11 36768
13 36768
11 36813
13 36813
11 36858
13 36858
11 36903
13 36903
11 36948
13 36948
11 36993
13 36993
11 37038
13 37038
11 37083
13 37083
11 37128
13 37128
11 37173
13 37173
11 37218
13 37218
11 37263
13 37263
11 37308
13 37308
11 37353
13 37353
11 37398
13 37398
11 37443
13 37443
11 37488
13 37488
11 37533
13 37533
11 37578
13 37578
11 37623
13 37623
11 37668
13 37668
11 37713
13 37713
11 37758
13 37758
11 37803
13 37803
11 37944
13 37944
11 37992
13 37992
11 38037
13 38037
11 42336
13 42336
11 42381
13 42381
11 42426
13 42426
11 42471
13 42471
11 42552
13 42552
11 42597
13 42597
11 42642
13 42642
11 42696
13 42696
11 42741
13 42741
11 42786
13 42786
11 42831
13 42831
11 42876
13 42876
11 42921
13 42921
11 42966
13 42966
11 43011
13 43011
11 43056
13 43056
11 43101
13 43101
11 43146
13 43146
11 43191
13 43191
11 43236
13 43236
11 43281
13 43281
11 43326
13 43326
11 43371
13 43371
11 43416
13 43416
11 43461
13 43461
11 43506
13 43506
11 43551
13 43551
11 43596
13 43596
11 43641
13 43641
11 43686
13 43686
11 43731
13 43731
11 43776
13 43776
11 43821
13 43821
11 43866
13 43866
11 43911
13 43911
11 43956
13 43956
11 44001
13 44001
11 44046
13 44046
11 44091
13 44091
11 44136
13 44136
11 44181
13 44181
11 44226
13 44226
11 44271
13 44271
11 44316
13 44316
11 44361
13 44361
11 44406
13 44406
11 44451
13 44451
11 44496
13 44496
11 44541
13 44541
11 44586
13 44586
11 44631
13 44631
11 44676
13 44676
11 44721
13 44721
11 44766
13 44766
11 44811
13 44811
11 44856
13 44856
11 44901
13 44901
11 45000
13 45000
11 45045
13 45045
11 45144
13 45144
11 45189
13 45189
11 45234
13 45234
11 45279
13 45279
11 45324
13 45324
11 45369
13 45369
11 45792
13 45792
11 45837
13 45837
11 45936
13 45936
11 45981
13 45981
11 46026
13 46026
11 46800
13 46800
11 47184
13 47184
11 50784
13 50784
11 50829
13 50829
11 50874
13 50874
11 50976
13 50976
11 51021
13 51021
11 51120
13 51120
11 51288
13 51288
11 51333
13 51333
11 51480
13 51480
11 51525
13 51525
11 51570
13 51570
11 51615
13 51615
11 51660
13 51660
11 51705
13 51705
11 51750
13 51750
11 51795
13 51795
11 51840
13 51840
11 51885
13 51885
11 51930
13 51930
11 51975
13 51975
11 52020
13 52020
11 52065
13 52065
11 52110
13 52110
11 52155
13 52155
11 52200
13 52200
11 52245
13 52245
11 52290
13 52290
11 52335
13 52335
11 52380
13 52380
11 52425
13 52425
11 52470
13 52470
11 52515
13 52515
11 52560
13 52560
11 52605
13 52605
11 52650
13 52650
11 52695
13 52695
11 52740
13 52740
11 52785
13 52785
11 52830
13 52830
11 52875
13 52875
11 52920
13 52920
11 52965
13 52965
11 53010
13 53010
11 53055
13 53055
11 53100
13 53100
11 53145
13 53145
11 53190
13 53190
11 53235
13 53235
11 53280
13 53280
11 53325
13 53325
11 53370
13 53370
11 53415
13 53415
11 53460
13 53460
11 53505
13 53505
11 53550
13 53550
11 53595
13 53595
11 53640
13 53640
11 53685
13 53685
11 53730
13 53730
11 53775
13 53775
11 53820
13 53820
11 53865
13 53865
11 53910
13 53910
11 53955
13 53955
11 54000
13 54000
11 54045
13 54045
11 54090
13 54090
11 54135
13 54135
11 54180
13 54180
11 54225
13 54225
11 54270
13 54270
11 54315
13 54315
11 54360
13 54360
11 54405
13 54405
11 54450
13 54450
11 54495
13 54495
11 54540
13 54540
11 54585
13 54585
11 54630
13 54630
11 54675
13 54675
11 54888
13 54888
11 54933
13 54933
11 55488
13 55488
11 55533
13 55533
11 55704
13 55704
11 59544
13 59544
11 59589
13 59589
11 59634
13 59634
11 59679
13 59679
11 59724
13 59724
11 59769
13 59769
11 60024
13 60024
11 60072
13 60072
11 60117
13 60117
11 60336
13 60336
11 60381
13 60381
11 60426
13 60426
11 60471
13 60471
11 60516
13 60516
11 60561
13 60561
11 60606
13 60606
11 60651
13 60651
11 60696
13 60696
11 60741
13 60741
11 60786
13 60786
11 60831
13 60831
11 60876
13 60876
11 60921
13 60921
11 60966
13 60966
11 61011
13 61011
11 61056
13 61056
11 61101
13 61101
11 61146
13 61146
11 61191
13 61191
11 61236
13 61236
11 61281
13 61281
11 61326
13 61326
11 61371
13 61371
11 61416
13 61416
11 61461
13 61461
11 61506
13 61506
11 61551
13 61551
11 61596
13 61596
11 61641
13 61641
11 61686
13 61686
11 61731
13 61731
11 61776
13 61776
11 61821
13 61821
11 61866
13 61866
11 61911
13 61911
11 61956
13 61956
11 62001
13 62001
11 62046
13 62046
11 62091
13 62091
11 62136
13 62136
11 62181
13 62181
11 62226
13 62226
11 62271
13 62271
11 62316
13 62316
11 62361
13 62361
11 62406
13 62406
11 62451
13 62451
11 62496
13 62496
11 62541
13 62541
11 62586
13 62586
11 62631
13 62631
11 62676
13 62676
11 62721
13 62721
11 62766
13 62766
11 62811
13 62811
11 62856
13 62856
11 62901
13 62901
11 62946
13 62946
11 62991
13 62991
11 63036
13 63036
11 63081
13 63081
11 63126
13 63126
11 63240
13 63240
11 63285
13 63285
11 63330
13 63330
11 63375
13 63375
11 63420
13 63420
11 63465
13 63465
11 63510
13 63510
11 63888
13 63888
11 63933
13 63933
11 63984
13 63984
11 64029
13 64029
11 64074
13 64074
11 64119
13 64119
11 68232
13 68232
11 68277
13 68277
11 68808
13 68808
11 68853
13 68853
11 68898
13 68898
11 68943
13 68943
11 68988
13 68988
11 69033
13 69033
11 69078
13 69078
11 69123
13 69123
11 69168
13 69168
11 69213
13 69213
11 69258
13 69258
11 69303
13 69303
11 69348
13 69348
11 69393
13 69393
11 69438
13 69438
11 69483
13 69483
11 69528
13 69528
11 69573
13 69573
11 69618
13 69618
11 69663
13 69663
11 69708
13 69708
11 69753
13 69753
11 69798
13 69798
11 69843
13 69843
11 69888
13 69888
11 69933
13 69933
11 69978
13 69978
11 70023
13 70023
11 70068
13 70068
11 70113
13 70113
11 70158
13 70158
11 70203
13 70203
11 70248
13 70248
11 70293
13 70293
11 70338
13 70338
11 70383
13 70383
11 70428
13 70428
11 70473
13 70473
11 70518
13 70518
11 70563
13 70563
11 70608
13 70608
11 70653
13 70653
11 70698
13 70698
11 70743
13 70743
11 70788
13 70788
11 70833
13 70833
11 70878
13 70878
11 70923
13 70923
11 70968
13 70968
11 71013
13 71013
11 71058
13 71058
11 71103
13 71103
11 71148
13 71148
11 71193
13 71193
11 71238
13 71238
11 71283
13 71283
11 71328
13 71328
11 71373
13 71373
11 71418
13 71418
11 71463
13 71463
11 71508
13 71508
11 71553
13 71553
11 71598
13 71598
11 71643
13 71643
11 71688
13 71688
11 71733
13 71733
11 71778
13 71778
11 71823
13 71823
11 71868
13 71868
11 71952
13 71952
11 71997
13 71997
11 72384
13 72384
11 72429
13 72429
11 72474
13 72474
11 72624
13 72624
11 72669
13 72669
11 72720
13 72720
11 73128
13 73128
11 73176
13 73176
11 73221
13 73221
11 77088
13 77088
11 77280
13 77280
11 77325
13 77325
11 77370
13 77370
11 77415
13 77415
11 77472
13 77472
11 77517
13 77517
11 77592
13 77592
11 77637
13 77637
11 77682
13 77682
11 77727
13 77727
11 77772
13 77772
11 77817
13 77817
11 77904
13 77904
11 77949
13 77949
11 77994
13 77994
11 78039
13 78039
11 78084
13 78084
11 78129
13 78129
11 78174
13 78174
11 78219
13 78219
11 78264
13 78264
11 78309
13 78309
11 78354
13 78354
11 78399
13 78399
11 78444
13 78444
11 78489
13 78489
11 78534
13 78534
11 78579
13 78579
11 78624
13 78624
11 78669
13 78669
11 78714
13 78714
11 78759
13 78759
11 78804
13 78804
11 78849
13 78849
11 78894
13 78894
11 78939
13 78939
11 78984
13 78984
11 79029
13 79029
11 79074
13 79074
11 79119
13 79119
11 79164
13 79164
11 79209
13 79209
11 79254
13 79254
11 79299
13 79299
11 79344
13 79344
11 79389
13 79389
11 79434
13 79434
11 79479
13 79479
11 79524
13 79524
11 79569
13 79569
11 79614
13 79614
11 79659
13 79659
11 79704
13 79704
11 79749
13 79749
11 79794
13 79794
11 79839
13 79839
11 79884
13 79884
11 79929
13 79929
11 79974
13 79974
11 80019
13 80019
11 80160
13 80160
11 80205
13 80205
11 80250
13 80250
11 80295
13 80295
11 80340
13 80340
11 80385
13 80385
11 80430
13 80430
11 80475
13 80475
11 80520
13 80520
11 80565
13 80565
11 80610
13 80610
11 80655
13 80655
11 80700
13 80700
11 80745
13 80745
11 80790
13 80790
11 80928
13 80928
11 81264
13 81264
11 81309
13 81309
11 81354
13 81354
11 81399
13 81399
11 81444
13 81444
11 85752
13 85752
11 85896
13 85896
11 85941
13 85941
11 85986
13 85986
11 86280
13 86280
11 86325
13 86325
11 86370
13 86370
11 86415
13 86415
11 86460
13 86460
11 86505
13 86505
11 86550
13 86550
11 86595
13 86595
11 86640
13 86640
11 86685
13 86685
11 86730
13 86730
11 86775
13 86775
11 86820
13 86820
11 86865
13 86865
11 86910
13 86910
11 86955
13 86955
11 87000
13 87000
11 87045
13 87045
11 87090
13 87090
11 87135
13 87135
11 87180
13 87180
11 87225
13 87225
11 87270
13 87270
11 87315
13 87315
11 87360
13 87360
11 87405
13 87405
11 87450
13 87450
11 87495
13 87495
11 87540
13 87540
11 87585
13 87585
11 87630
13 87630
11 87675
13 87675
11 87720
13 87720
11 87765
13 87765
11 87810
13 87810
11 87855
13 87855
11 87900
13 87900
11 87945
13 87945
11 87990
13 87990
11 88035
13 88035
11 88080
13 88080
11 88125
13 88125
11 88170
13 88170
11 88215
13 88215
11 88260
13 88260
11 88305
13 88305
11 88350
13 88350
11 88395
13 88395
11 88440
13 88440
11 88485
13 88485
11 88530
13 88530
11 88575
13 88575
11 88620
13 88620
11 88665
13 88665
11 88710
13 88710
11 88755
13 88755
11 88800
13 88800
11 88845
13 88845
11 88890
13 88890
11 88935
13 88935
11 88980
13 88980
11 89025
13 89025
11 89070
13 89070
11 89115
13 89115
11 89160
13 89160
11 89205
13 89205
11 89250
13 89250
11 89295
13 89295
11 89424
13 89424
11 89469
13 89469
11 89514
13 89514
11 89592
13 89592
11 89637
13 89637
11 89856
13 89856
11 89928
13 89928
11 89973
13 89973
11 90018
13 90018
11 91008
13 91008
11 91053
13 91053
11 94464
13 94464
11 94509
13 94509
11 94608
13 94608
11 94653
13 94653
11 94698
13 94698
11 94752
13 94752
11 94797
13 94797
11 94920
13 94920
11 94965
13 94965
11 95010
13 95010
11 95055
13 95055
11 95100
13 95100
11 95145
13 95145
11 95190
13 95190
11 95256
13 95256
11 95301
13 95301
11 95346
13 95346
11 95391
13 95391
11 95436
13 95436
11 95481
13 95481
11 95526
13 95526
11 95571
13 95571
11 95616
13 95616
11 95661
13 95661
11 95706
13 95706
11 95751
13 95751
11 95796
13 95796
11 95841
13 95841
11 95886
13 95886
11 95931
13 95931
11 95976
13 95976
11 96021
13 96021
11 96066
13 96066
11 96111
13 96111
11 96156
13 96156
11 96201
13 96201
11 96246
13 96246
11 96291
13 96291
11 96336
13 96336
11 96381
13 96381
11 96426
13 96426
11 96471
13 96471
11 96516
13 96516
11 96561
13 96561
11 96606
13 96606
11 96651
13 96651
11 96696
13 96696
11 96741
13 96741
11 96786
13 96786
11 96831
13 96831
11 96876
13 96876
11 96921
13 96921
11 96966
13 96966
11 97011
13 97011
11 97056
13 97056
11 97101
13 97101
11 97146
13 97146
11 97191
13 97191
11 97236
13 97236
11 97281
13 97281
11 97344
13 97344
11 97389
13 97389
11 97434
13 97434
11 97479
13 97479
11 97524
13 97524
11 97569
13 97569
11 97614
13 97614
11 97659
13 97659
11 97704
13 97704
11 97749
13 97749
11 97794
13 97794
11 97839
13 97839
11 97884
13 97884
11 97929
13 97929
11 97974
13 97974
11 98019
13 98019
11 98064
13 98064
11 98109
13 98109
11 98154
13 98154
11 98199
13 98199
11 98244
13 98244
11 98289
13 98289
11 98334
13 98334
11 98379
13 98379
11 98520
13 98520
11 98565
13 98565
11 98616
13 98616
11 98661
13 98661
11 99048
13 99048
11 99093
13 99093
11 99144
13 99144
11 99189
13 99189
11 100968
13 100968
11 101013
13 101013
11 103320
13 103320
11 103608
13 103608
11 103656
13 103656
11 103701
13 103701
11 103746
13 103746
11 103800
13 103800
11 103872
13 103872
11 103917
13 103917
11 103962
13 103962
11 104064
13 104064
11 104109
13 104109
11 104154
13 104154
11 104199
13 104199
11 104244
13 104244
11 104289
13 104289
11 104334
13 104334
11 104379
13 104379
11 104424
13 104424
11 104469
13 104469
11 104520
13 104520
11 104565
13 104565
11 104610
13 104610
11 104655
13 104655
11 104700
13 104700
11 104745
13 104745
11 104790
13 104790
11 104835
13 104835
11 104880
13 104880
11 104925
13 104925
11 104970
13 104970
11 105015
13 105015
11 105060
13 105060
11 105105
13 105105
11 105150
13 105150
11 105195
13 105195
11 105240
13 105240
11 105285
13 105285
11 105330
13 105330
11 105375
13 105375
11 105420
13 105420
11 105465
13 105465
11 105510
13 105510
11 105555
13 105555
11 105600
13 105600
11 105645
13 105645
11 105690
13 105690
11 105735
13 105735
11 105780
13 105780
11 105825
13 105825
11 105870
13 105870
11 105915
13 105915
11 105960
13 105960
11 106005
13 106005
11 106050
13 106050
11 106095
13 106095
11 106140
13 106140
11 106185
13 106185
11 106230
13 106230
11 106275
13 106275
11 106320
13 106320
11 106365
13 106365
11 106410
13 106410
11 106455
13 106455
11 106500
13 106500
11 106545
13 106545
11 106590
13 106590
11 106635
13 106635
11 106680
13 106680
11 106725
13 106725
11 106770
13 106770
11 106815
13 106815
11 106860
13 106860
11 106905
13 106905
11 106950
13 106950
11 106995
13 106995
11 107040
13 107040
11 107085
13 107085
11 107130
13 107130
11 107175
13 107175
11 107220
13 107220
11 107265
13 107265
11 107310
13 107310
11 107400
13 107400
11 107445
13 107445
11 107490
13 107490
11 107535
13 107535
11 107580
13 107580
11 107784
13 107784
11 107829
13 107829
11 107874
13 107874
11 107919
13 107919
11 107964
13 107964
11 108048
13 108048
11 108093
13 108093
11 108288
13 108288
11 108333
13 108333
11 111768
13 111768
11 112128
13 112128
11 112536
13 112536
11 112581
13 112581
11 112626
13 112626
11 112671
13 112671
11 112800
13 112800
11 112845
13 112845
11 112890
13 112890
11 112935
13 112935
11 112980
13 112980
11 113025
13 113025
11 113070
13 113070
11 113115
13 113115
11 113160
13 113160
11 113205
13 113205
11 113250
13 113250
11 113295
13 113295
11 113340
13 113340
11 113385
13 113385
11 113430
13 113430
11 113475
13 113475
11 113520
13 113520
11 113565
13 113565
11 113610
13 113610
11 113655
13 113655
11 113700
13 113700
11 113745
13 113745
11 113790
13 113790
11 113835
13 113835
11 113880
13 113880
11 113925
13 113925
11 113970
13 113970
11 114015
13 114015
11 114060
13 114060
11 114105
13 114105
11 114150
13 114150
11 114195
13 114195
11 114240
13 114240
11 114285
13 114285
11 114330
13 114330
11 114375
13 114375
11 114420
13 114420
11 114465
13 114465
11 114510
13 114510
11 114555
13 114555
11 114600
13 114600
11 114645
13 114645
11 114690
13 114690
11 114735
13 114735
11 114780
13 114780
11 114825
13 114825
11 114870
13 114870
11 114915
13 114915
11 114960
13 114960
11 115005
13 115005
11 115050
13 115050
11 115095
13 115095
11 115140
13 115140
11 115185
13 115185
11 115230
13 115230
11 115275
13 115275
11 115320
13 115320
11 115365
13 115365
11 115410
13 115410
11 115455
13 115455
11 115500
13 115500
11 115545
13 115545
11 115608
13 115608
11 115653
13 115653
11 115698
13 115698
11 115743
13 115743
11 115788
13 115788
11 115833
13 115833
11 115878
13 115878
11 115923
13 115923
11 115968
13 115968
11 116013
13 116013
11 116058
13 116058
11 116160
13 116160
11 116205
13 116205
11 116400
13 116400
11 116445
13 116445
11 116490
13 116490
11 116535
13 116535
11 116640
13 116640
11 116784
13 116784
11 119544
13 119544
11 120840
13 120840
11 120885
13 120885
11 121296
13 121296
11 121341
13 121341
11 121386
13 121386
11 121431
13 121431
11 121476
13 121476
11 121521
13 121521
11 121566
13 121566
11 121611
13 121611
11 121656
13 121656
11 121701
13 121701
11 121746
13 121746
11 121791
13 121791
11 121836
13 121836
11 121881
13 121881
11 121926
13 121926
11 121971
13 121971
11 122016
13 122016
11 122061
13 122061
11 122106
13 122106
11 122151
13 122151
11 122196
13 122196
11 122241
13 122241
11 122286
13 122286
11 122331
13 122331
11 122376
13 122376
11 122421
13 122421
11 122466
13 122466
11 122511
13 122511
11 122556
13 122556
11 122601
13 122601
11 122646
13 122646
11 122691
13 122691
11 122736
13 122736
11 122781
13 122781
11 122826
13 122826
11 122871
13 122871
11 122916
13 122916
11 122961
13 122961
11 123006
13 123006
11 123051
13 123051
11 123096
13 123096
11 123141
13 123141
11 123186
13 123186
11 123231
13 123231
11 123276
13 123276
11 123321
13 123321
11 123366
13 123366
11 123411
13 123411
11 123456
13 123456
11 123501
13 123501
11 123546
13 123546
11 123591
13 123591
11 123636
13 123636
11 123681
13 123681
11 123726
13 123726
11 123771
13 123771
11 123816
13 123816
11 123861
13 123861
11 123906
13 123906
11 123951
13 123951
11 123996
13 123996
11 124041
13 124041
11 124086
13 124086
11 124131
13 124131
11 124176
13 124176
11 124221
13 124221
11 124266
13 124266
11 124311
13 124311
11 124356
13 124356
11 124401
13 124401
11 124446
13 124446
11 124491
13 124491
11 124536
13 124536
11 124581
13 124581
11 124626
13 124626
11 124671
13 124671
11 124716
13 124716
11 124761
13 124761
11 124944
13 124944
11 125112
13 125112
11 125157
13 125157
11 125202
13 125202
11 125664
13 125664
11 125709
13 125709
11 125808
13 125808
11 125853
13 125853
11 129888
13 129888
11 129936
13 129936
11 129981
13 129981
11 130026
13 130026
11 130128
13 130128
11 130173
13 130173
11 130218
13 130218
11 130263
13 130263
11 130308
13 130308
11 130353
13 130353
11 130398
13 130398
11 130443
13 130443
11 130488
13 130488
11 130533
13 130533
11 130578
13 130578
11 130623
13 130623
11 130668
13 130668
11 130713
13 130713
11 130758
13 130758
11 130803
13 130803
11 130848
13 130848
11 130893
13 130893
11 130938
13 130938
11 130983
13 130983
11 131028
13 131028
11 131073
13 131073
11 131118
13 131118
11 131163
13 131163
11 131208
13 131208
11 131253
13 131253
11 131298
13 131298
11 131343
13 131343
11 131388
13 131388
11 131433
13 131433
11 131478
13 131478
11 131523
13 131523
11 131568
13 131568
11 131613
13 131613
11 131658
13 131658
11 131703
13 131703
11 131748
13 131748
11 131793
13 131793
11 131838
13 131838
11 131883
13 131883
11 131928
13 131928
11 131973
13 131973
11 132018
13 132018
11 132063
13 132063
11 132108
13 132108
11 132153
13 132153
11 132198
13 132198
11 132243
13 132243
11 132288
13 132288
11 132333
13 132333
11 132378
13 132378
11 132423
13 132423
11 132468
13 132468
11 132513
13 132513
11 132558
13 132558
11 132603
13 132603
11 132648
13 132648
11 132693
13 132693
11 132738
13 132738
11 132783
13 132783
11 132828
13 132828
11 132873
13 132873
11 132918
13 132918
11 132963
13 132963
11 133008
13 133008
11 133053
13 133053
11 133098
13 133098
11 133143
13 133143
11 133188
13 133188
11 133233
13 133233
11 133278
13 133278
11 133323
13 133323
11 133368
13 133368
11 133413
13 133413
11 133458
13 133458
11 133536
13 133536
11 133581
13 133581
11 133626
13 133626
11 133671
13 133671
11 133716
13 133716
11 133761
13 133761
11 133806
13 133806
11 133851
13 133851
11 133944
13 133944
11 133989
13 133989
11 134034
13 134034
11 134079
13 134079
11 134232
13 134232
11 135216
13 135216
11 138816
13 138816
11 138861
13 138861
11 138912
13 138912
11 138957
13 138957
11 139002
13 139002
11 139047
13 139047
11 139092
13 139092
11 139137
13 139137
11 139182
13 139182
11 139227
13 139227
11 139272
13 139272
11 139317
13 139317
11 139362
13 139362
11 139407
13 139407
11 139452
13 139452
11 139497
13 139497
11 139542
13 139542
11 139587
13 139587
11 139632
13 139632
11 139677
13 139677
11 139722
13 139722
11 139767
13 139767
11 139812
13 139812
11 139857
13 139857
11 139902
13 139902
11 139947
13 139947
11 139992
13 139992
11 140037
13 140037
11 140082
13 140082
11 140127
13 140127
11 140172
13 140172
11 140217
13 140217
11 140262
13 140262
11 140307
13 140307
11 140352
13 140352
11 140397
13 140397
11 140442
13 140442
11 140487
13 140487
11 140532
13 140532
11 140577
13 140577
11 140622
13 140622
11 140667
13 140667
11 140712
13 140712
11 140757
13 140757
11 140802
13 140802
11 140847
13 140847
11 140892
13 140892
11 140937
13 140937
11 140982
13 140982
11 141027
13 141027
11 141072
13 141072
11 141117
13 141117
11 141162
13 141162
11 141207
13 141207
11 141252
13 141252
11 141297
13 141297
11 141342
13 141342
11 141387
13 141387
11 141432
13 141432
11 141477
13 141477
11 141522
13 141522
11 141567
13 141567
11 141612
13 141612
11 141768
13 141768
11 141813
13 141813
11 141858
13 141858
11 141903
13 141903
11 141948
13 141948
11 141993
13 141993
11 142038
13 142038
11 142083
13 142083
11 142128
13 142128
11 142173
13 142173
11 142218
13 142218
11 142320
13 142320
11 142440
13 142440
11 142485
13 142485
11 142608
13 142608
11 142653
13 142653
11 142752
13 142752
11 142797
13 142797
11 142842
13 142842
11 143064
13 143064
11 143109
13 143109
11 143304
13 143304
11 144720
13 144720
11 144765
13 144765
11 147072
13 147072
11 147117
13 147117
11 147264
13 147264
11 147309
13 147309
11 147624
13 147624
11 147669
13 147669
11 147840
13 147840
11 147885
13 147885
11 147930
13 147930
11 147975
13 147975
11 148020
13 148020
11 148065
13 148065
11 148110
13 148110
11 148155
13 148155
11 148200
13 148200
11 148245
13 148245
11 148290
13 148290
11 148335
13 148335
11 148380
13 148380
11 148425
13 148425
11 148470
13 148470
11 148515
13 148515
11 148560
13 148560
11 148605
13 148605
11 148650
13 148650
11 148695
13 148695
11 148740
13 148740
11 148785
13 148785
11 148830
13 148830
11 148875
13 148875
11 148920
13 148920
11 148965
13 148965
11 149010
13 149010
11 149055
13 149055
11 149100
13 149100
11 149145
13 149145
11 149190
13 149190
11 149235
13 149235
11 149280
13 149280
11 149325
13 149325
11 149370
13 149370
11 149415
13 149415
11 149460
13 149460
11 149505
13 149505
11 149550
13 149550
11 149595
13 149595
11 149640
13 149640
11 149685
13 149685
11 149730
13 149730
11 149775
13 149775
11 149820
13 149820
11 149865
13 149865
11 149910
13 149910
11 149955
13 149955
11 150000
13 150000
11 150045
13 150045
11 150090
13 150090
11 150135
13 150135
11 150180
13 150180
11 150225
13 150225
11 150270
13 150270
11 150315
13 150315
11 150360
13 150360
11 150405
13 150405
11 150450
13 150450
11 150495
13 150495
11 150540
13 150540
11 150585
13 150585
11 150630
13 150630
11 150675
13 150675
11 150720
13 150720
11 150765
13 150765
11 150810
13 150810
11 150855
13 150855
11 150900
13 150900
11 150945
13 150945
11 150990
13 150990
11 151035
13 151035
11 151080
13 151080
11 151125
13 151125
11 151170
13 151170
11 151215
13 151215
11 151260
13 151260
11 151305
13 151305
11 151350
13 151350
11 151395
13 151395
11 151440
13 151440
11 151632
13 151632
11 151677
13 151677
11 151722
13 151722
11 151767
13 151767
11 151872
13 151872
11 151917
13 151917
11 156432
13 156432
11 156477
13 156477
11 156552
13 156552
11 156624
13 156624
11 156669
13 156669
11 156714
13 156714
11 156759
13 156759
11 156840
13 156840
11 156885
13 156885
11 156930
13 156930
11 156975
13 156975
11 157020
13 157020
11 157065
13 157065
11 157110
13 157110
11 157155
13 157155
11 157200
13 157200
11 157245
13 157245
11 157290
13 157290
11 157335
13 157335
11 157380
13 157380
11 157425
13 157425
11 157470
13 157470
11 157515
13 157515
11 157560
13 157560
11 157605
13 157605
11 157650
13 157650
11 157695
13 157695
11 157740
13 157740
11 157785
13 157785
11 157830
13 157830
11 157875
13 157875
11 157920
13 157920
11 157965
13 157965
11 158010
13 158010
11 158055
13 158055
11 158100
13 158100
11 158145
13 158145
11 158190
13 158190
11 158235
13 158235
11 158280
13 158280
11 158325
13 158325
11 158370
13 158370
11 158415
13 158415
11 158460
13 158460
11 158505
13 158505
11 158550
13 158550
11 158595
13 158595
11 158640
13 158640
11 158685
13 158685
11 158730
13 158730
11 158775
13 158775
11 158820
13 158820
11 158865
13 158865
11 158910
13 158910
11 158955
13 158955
11 159000
13 159000
11 159045
13 159045
11 159090
13 159090
11 159135
13 159135
11 159180
13 159180
11 159225
13 159225
11 159270
13 159270
11 159315
13 159315
11 159360
13 159360
11 159405
13 159405
11 159450
13 159450
11 159495
13 159495
11 159540
13 159540
11 159585
13 159585
11 159630
13 159630
11 159675
13 159675
11 159720
13 159720
11 159984
13 159984
11 160029
13 160029
11 160074
13 160074
11 160119
13 160119
11 160176
13 160176
11 160221
13 160221
11 160266
13 160266
11 160344
13 160344
11 160389
13 160389
11 160434
13 160434
11 160479
13 160479
11 160848
13 160848
11 160893
13 160893
11 160944
13 160944
11 160989
13 160989
11 161034
13 161034
11 164616
13 164616
11 165216
13 165216
11 165261
13 165261
11 165306
13 165306
11 165384
13 165384
11 165429
13 165429
11 165474
13 165474
11 165519
13 165519
11 165564
13 165564
11 165609
13 165609
11 165654
13 165654
11 165699
13 165699
11 165744
13 165744
11 165789
13 165789
11 165834
13 165834
11 165879
13 165879
11 165924
13 165924
11 165969
13 165969
11 166014
13 166014
11 166059
13 166059
11 166104
13 166104
11 166149
13 166149
11 166194
13 166194
11 166239
13 166239
11 166284
13 166284
11 166329
13 166329
11 166374
13 166374
11 166419
13 166419
11 166464
13 166464
11 166509
13 166509
11 166554
13 166554
11 166599
13 166599
11 166644
13 166644
11 166689
13 166689
11 166734
13 166734
11 166779
13 166779
11 166824
13 166824
11 166869
13 166869
11 166914
13 166914
11 166959
13 166959
11 167004
13 167004
11 167049
13 167049
11 167094
13 167094
11 167139
13 167139
11 167184
13 167184
11 167229
13 167229
11 167274
13 167274
11 167319
13 167319
11 167364
13 167364
11 167409
13 167409
11 167454
13 167454
11 167499
13 167499
11 167544
13 167544
11 167589
13 167589
11 167634
13 167634
11 167712
13 167712
11 167757
13 167757
11 167802
13 167802
11 167847
13 167847
11 167892
13 167892
11 167937
13 167937
11 167982
13 167982
11 168027
13 168027
11 168072
13 168072
11 168117
13 168117
11 168162
13 168162
11 168207
13 168207
11 168252
13 168252
11 168297
13 168297
11 168342
13 168342
11 168387
13 168387
11 168432
13 168432
11 168477
13 168477
11 168522
13 168522
11 168567
13 168567
11 168612
13 168612
11 168657
13 168657
11 168744
13 168744
11 168789
13 168789
11 168888
13 168888
11 168933
13 168933
11 169008
13 169008
11 169053
13 169053
11 169098
13 169098
11 169200
13 169200
11 169245
13 169245
11 169560
13 169560
11 173328
13 173328
11 173373
13 173373
11 173880
13 173880
11 173925
13 173925
11 173970
13 173970
11 174015
13 174015
11 174060
13 174060
11 174105
13 174105
11 174150
13 174150
11 174195
13 174195
11 174240
13 174240
11 174285
13 174285
11 174330
13 174330
11 174375
13 174375
11 174420
13 174420
11 174465
13 174465
11 174510
13 174510
11 174555
13 174555
11 174600
13 174600
11 174645
13 174645
11 174690
13 174690
11 174735
13 174735
11 174780
13 174780
11 174825
13 174825
11 174870
13 174870
11 174915
13 174915
11 174960
13 174960
11 175005
13 175005
11 175050
13 175050
11 175095
13 175095
11 175140
13 175140
11 175185
13 175185
11 175230
13 175230
11 175275
13 175275
11 175320
13 175320
11 175365
13 175365
11 175410
13 175410
11 175455
13 175455
11 175500
13 175500
11 175545
13 175545
11 175590
13 175590
11 175635
13 175635
11 175680
13 175680
11 175725
13 175725
11 175770
13 175770
11 175815
13 175815
11 175860
13 175860
11 175905
13 175905
11 175950
13 175950
11 175995
13 175995
11 176040
13 176040
11 176085
13 176085
11 176130
13 176130
11 176175
13 176175
11 176220
13 176220
11 176265
13 176265
11 176310
13 176310
11 176355
13 176355
11 176400
13 176400
11 176445
13 176445
11 176490
13 176490
11 176535
13 176535
11 176580
13 176580
11 176625
13 176625
11 176670
13 176670
11 176715
13 176715
11 176832
13 176832
11 176877
13 176877
11 176922
13 176922
11 176967
13 176967
11 177012
13 177012
11 177057
13 177057
11 177102
13 177102
11 177147
13 177147
11 177192
13 177192
11 177237
13 177237
11 177282
13 177282
11 177327
13 177327
11 177372
13 177372
11 177417
13 177417
11 177462
13 177462
11 177507
13 177507
11 177720
13 177720
11 177765
13 177765
11 177810
13 177810
11 177855
13 177855
11 182040
13 182040
11 182085
13 182085
11 182130
13 182130
11 182496
13 182496
11 182664
13 182664
11 182709
13 182709
11 182904
13 182904
11 182949
13 182949
11 182994
13 182994
11 183039
13 183039
11 183084
13 183084
11 183168
13 183168
11 183213
13 183213
11 183312
13 183312
11 183357
13 183357
11 183402
13 183402
11 183447
13 183447
11 183492
13 183492
11 183537
13 183537
11 183582
13 183582
11 183627
13 183627
11 183672
13 183672
11 183717
13 183717
11 183762
13 183762
11 183807
13 183807
11 183852
13 183852
11 183897
13 183897
11 183942
13 183942
11 183987
13 183987
11 184032
13 184032
11 184077
13 184077
11 184122
13 184122
11 184167
13 184167
11 184212
13 184212
11 184257
13 184257
11 184302
13 184302
11 184347
13 184347
11 184392
13 184392
11 184437
13 184437
11 184482
13 184482
11 184527
13 184527
11 184572
13 184572
11 184617
13 184617
11 184662
13 184662
11 184707
13 184707
11 184752
13 184752
11 184797
13 184797
11 184842
13 184842
11 184887
13 184887
11 184932
13 184932
11 184977
13 184977
11 185022
13 185022
11 185067
13 185067
11 185112
13 185112
11 185157
13 185157
11 185202
13 185202
11 185247
13 185247
11 185292
13 185292
11 185337
13 185337
11 185382
13 185382
11 185427
13 185427
11 185472
13 185472
11 185517
13 185517
11 185562
13 185562
11 185607
13 185607
11 185652
13 185652
11 185697
13 185697
11 185742
13 185742
11 185832
13 185832
11 185877
13 185877
11 185922
13 185922
11 186096
13 186096
11 186216
13 186216
11 186261
13 186261
11 186306
13 186306
11 186384
13 186384
11 186429
13 186429
11 186474
13 186474
11 186519
13 186519
11 188496
13 188496
11 191256
13 191256
11 191301
13 191301
11 191346
13 191346
11 191592
13 191592
11 191664
13 191664
11 191709
13 191709
11 191754
13 191754
11 191799
13 191799
11 191844
13 191844
11 191889
13 191889
11 191952
13 191952
11 191997
13 191997
11 192042
13 192042
11 192087
13 192087
11 192132
13 192132
11 192177
13 192177
11 192222
13 192222
11 192267
13 192267
11 192312
13 192312
11 192357
13 192357
11 192402
13 192402
11 192447
13 192447
11 192492
13 192492
11 192537
13 192537
11 192582
13 192582
11 192627
13 192627
11 192672
13 192672
11 192717
13 192717
11 192762
13 192762
11 192807
13 192807
11 192852
13 192852
11 192897
13 192897
11 192942
13 192942
11 192987
13 192987
11 193032
13 193032
11 193077
13 193077
11 193122
13 193122
11 193167
13 193167
11 193212
13 193212
11 193257
13 193257
11 193302
13 193302
11 193347
13 193347
11 193392
13 193392
11 193437
13 193437
11 193482
13 193482
11 193527
13 193527
11 193572
13 193572
11 193617
13 193617
11 193662
13 193662
11 193707
13 193707
11 193752
13 193752
11 193797
13 193797
11 193842
13 193842
11 193887
13 193887
11 193932
13 193932
11 193977
13 193977
11 194022
13 194022
11 194067
13 194067
11 194112
13 194112
11 194157
13 194157
11 194232
13 194232
11 194277
13 194277
11 194322
13 194322
11 194367
13 194367
11 194412
13 194412
11 194457
13 194457
11 194502
13 194502
11 194592
13 194592
11 194637
13 194637
11 194682
13 194682
11 194880
13 194880
11 194925
13 194925
11 194970
13 194970
11 195015
13 195015
11 195216
13 195216
11 195261
13 195261
11 195306
13 195306
11 195360
13 195360
11 195405
13 195405
11 196080
13 196080
11 196125
13 196125
11 200136
13 200136
11 200181
13 200181
11 200226
13 200226
11 200271
13 200271
11 200316
13 200316
11 200361
13 200361
11 200406
13 200406
11 200451
13 200451
11 200496
13 200496
11 200541
13 200541
11 200586
13 200586
11 200631
13 200631
11 200676
13 200676
11 200721
13 200721
11 200766
13 200766
11 200811
13 200811
11 200856
13 200856
11 200901
13 200901
11 200946
13 200946
11 200991
13 200991
11 201036
13 201036
11 201081
13 201081
11 201126
13 201126
11 201171
13 201171
11 201216
13 201216
11 201261
13 201261
11 201306
13 201306
11 201351
13 201351
11 201396
13 201396
11 201441
13 201441