 10                 147             0.00                                ;
 15                 32              620.00          3                   ;
 20                 129             0.00                                ;
 35                 12.5            1856            4                   ;
 40                 131.9           0                                   ;
 50                 116.5           0                                   ;
 60                 0               0                                   ;
 61                 0               0                                   ;
 101                42              189.95          1                   ;
 103                43              133.2           1                   ;
 105                28.5            135.37          1                   ;
 107                22              54.64           1                       ;
 109                20.3            231.4           1                   ;
 111                10              141.94          1                   ;
 113                2               20.01           1                   ;
 115                14              52.1            1                   ;
 117                13.6            117.71          1                   ;
 119                2               176.13          1                   ;
 120                0               0                                   ;
 121                -2              41.63                               ;
 123                11              1859            2                   ;
 125                11              45.6            1                   ;
 127                56              17.66           1                   ;
 129                51              0                                   ;
 131                6               42.75           1                   ;
 139                31              5.89            1                   ;
 141                4               9.85            1                   ;
 143                -4.5            6.2             1                   ;
 145                1               27.63           1                   ;
 147                18.5            8.55            1                   ;
 149                16              27.07           1                   ;
 151                33.5            144.48          1                   ;
 153                66.2            44.17           1                   ;
 157                13.1            51.79           1                   ;
 159                6               41.32           1                   ;
 161                4               15.8            1                   ;
 163                5               9.42            1                   ;
 164                5               0                                   ;
 166                -2              2.6             1                       ;
 167                -5              14.56           1                   ;
 169                -5              0                                   ;
 171                -4              39.34           1                   ;
 173                -4              0                                   ;
 177                8               58.17           1                   ;
 179                8               0                                   ;
 181                8               0                                   ;
 183                11              0                                   ;
 184                16              0                                   ;
 185                16              25.65           1                   ;
 187                12.5            0                                   ;
 189                4               107.92          1                   ;
 191                25              81.9            1                   ;
 193                18              71.31           1                   ;
 195                15.5            0                                   ;
 197                23              17.04           1                   ;
 199                -2              119.32          1                   ;
 201                0.1             44.61           1                   ;
 203                2               4643            5                   ;
 204                21              0                                   ;
 205                21              65.36           1                   ;
 206                1               0                                   ;
 207                9               69.39           1                   ;
 208                16              0                                   ;
 209                -2              0.87            1                   ;
 211                7               8.67            1                   ;
 213                7               13.94           1                   ;
 215                7               92.19           1                   ;
 217                6               24.22           1                   ;
 219                4               4.32            1                   ;
 225                8               22.8            1                   ;
 229                10.5            64.18           1                   ;
 231                5               16.48           1                   ;
 237                14              15.61           1                   ;
 239                13              44.61           1                   ;
 241                13              0                                   ;
 243                14              4.34            1                   ;
 247                18              70.38           1                   ;
 249                18              0                                   ;
 251                30              24.16           1                   ;
 253                36              54.52           1                   ;
 255                27              40.39           1                   ;
 257                17              0                                   ;
 259                25              0                                   ;
 261                0               0                                   ;
 263                0               0                                   ;
 265                0               0                                   ;
 267                21              0                                   ;
 269                0               0                                   ;
 271                6               0                                   ;
 273                8               0                                   ;
 275                10              0                                   ;