0.77893127
3.3745528120000006
3.944331627999999
4.653387572
4.143859238
3.1960948780000003
2.274287652000001
2.0639182359999992
1.7744892589999994
1.4532604709999997
0.9318701639999999
0.5425918149999996
0.22521295900000005
0.08934340800000022
0.08894829699999962
0.07255363399999981
0.1078239929999998
0.04567372999999986
0.055080922000000365
0.04469664299999997
0.025479366999999187
0.027467358000000663
0.02865804700000041
0.017981852000000475
0.001092933999999323
0.015584770000000246
0.007528622999999678
0.0014046770000002424
0.004800428000000252
0.00042206300000024967
0.0026998930000001766
0.0018105859999992808
0.0014021139999998986
1.941099999980267e-05
0.0009640659999999852
0.0008210410000000222
0.0005419870000000766
2.908100000009741e-05
1.5741999999763223e-05
4.1022000000112704e-05
4.8400000007832e-07
0.0001302880000002559
8.561200000012375e-05
1.8400000001417397e-06
4.3857999999841184e-05
3.502900000007521e-05
3.9700000009636e-07
7.00000002407e-09
1.7097000000188003e-05
2.60700000009883e-06
4.1589999999480704e-06
7.000000135090001e-09
6.9199999996883e-07
1.96300000010475e-06
1.1749999999644e-06
3.00000002618e-09
5.3600000005094e-07
4.899999994645e-08
2.3799999993024e-07
1.8099999987697e-07
1.899999990673e-08
9.9999997172e-10
4.399999997684e-08
3.3000000065889996e-08
1.9000000128780002e-08
1.4000000048139999e-08
9.9999997172e-10
0.0
0.0
2.00000005446e-09
0.0
0.0
0.0
