0
0
0
0
0
0
0
0
0
0
0
0
0
0
0
0
0
0
0
0
0
0
0
0
0
0
0
0
0
0
0
0.001097204
0.001181914
0.00145706
0.00150269
0.001811436
0.001915265
0.002216253
0.002572616
0.003180229
0.003411828
0.003802518
0.004487822
0.005057435
0.005633777
0.006068238
0.007103072
0.008493477
0.009483337
0.010727633
0.01252221
0.013883135
0.015110823
0.016911703
0.019021659
0.022761261
0.024752734
0.028102658
0.031115759
0.033857471
0.039995833
0.047388932
0.003857689
0.004183341
0.005089532
0.005330529
0.006350844
0.00681445
0.007861113
0.009050144
0.011000187
0.011939362
0.013335767
0.015615646
0.017569415
0.019651708
0.021345058
0.024856708
0.029251557
0.032747472
0.037011806
0.042800579
0.047706606
0.052224727
0.058488448
0.066050222
0.077353766
0.084570798
0.095576856
0.105869742
0.116778241
0.135170168
0.156550647
0.008038574
0.00875016
0.010560791
0.011159756
0.013200879
0.014284052
0.016442647
0.018831586
0.02265134
0.024743649
0.027659636
0.032216514
0.03619003
0.040545878
0.044226089
0.051288371
0.059719748
0.066878765
0.075440345
0.086608904
0.096664
0.105992269
0.118487708
0.133741282
0.154175298
0.168610486
0.189327839
0.208972817
0.231201654
0.262958023
0.298616267
0.013516212
0.0147503
0.017697222
0.018816825
0.022139067
0.024093465
0.027682831
0.031577174
0.037682141
0.041334268
0.046209238
0.053583415
0.060087446
0.067348468
0.073631282
0.085044372
0.098169936
0.109831747
0.123549922
0.140882371
0.157106713
0.172174165
0.191811231
0.215832852
0.245362948
0.267663443
0.29814955
0.327096535
0.360901338
0.40350111
0.449578141
0.020200481
0.022085729
0.02637015
0.028169023
0.032995436
0.036059933
0.041358597
0.047013812
0.055732312
0.061306383
0.068508918
0.07911806
0.088548901
0.099210582
0.108585561
0.124893817
0.143054325
0.159743591
0.179076806
0.202824948
0.22565267
0.24678608
0.273653115
0.30638903
0.343765262
0.373339191
0.412030909
0.448506129
0.49161391
0.540415047
0.591079944
0.028016562
0.030673694
0.036471072
0.03910131
0.045622831
0.050020292
0.05726897
0.06489543
0.076479886
0.084288869
0.094116906
0.108264678
0.120908288
0.135328356
0.148149824
0.169652947
0.19291043
0.214845976
0.239876419
0.269827301
0.299144683
0.326111999
0.359581051
0.40000853
0.443173113
0.478473503
0.522743856
0.563901158
0.612452356
0.662278225
0.711742498
0.036897863
0.040439455
0.047902161
0.051507495
0.059885724
0.06582048
0.075223091
0.084988763
0.099622518
0.109926786
0.122607489
0.140489643
0.156525315
0.174924552
0.191408117
0.218175707
0.246350067
0.273466281
0.303939613
0.339495613
0.374716779
0.406816615
0.44570423
0.492084558
0.538582571
0.577487588
0.624259599
0.666895785
0.716558103
0.762962298
0.806846337
0.046782622
0.051312822
0.06057179
0.065286136
0.075655096
0.083310926
0.09503513
0.107067451
0.124869877
0.137874967
0.153565288
0.175275701
0.194780906
0.217247354
0.237471909
0.269363564
0.302071452
0.334051279
0.369429985
0.409699573
0.449869216
0.486051093
0.528810023
0.578985325
0.626332668
0.666537625
0.712833628
0.754002096
0.800921957
0.840905229
0.876790749
0.05761207
0.063226314
0.074392187
0.080338479
0.092805897
0.102344433
0.116522113
0.130909644
0.151940627
0.167796207
0.186584476
0.212121995
0.235078866
0.26157547
0.285490208
0.322181009
0.358877021
0.395194033
0.43472028
0.478613518
0.522524087
0.56152248
0.606438212
0.658125208
0.704096711
0.743449784
0.786793541
0.824215537
0.865614433
0.897786246
0.925090186
0.069329385
0.07611414
0.089278147
0.096567391
0.111215777
0.122775301
0.139503173
0.156297293
0.180561589
0.199361582
0.221270203
0.25054655
0.276850022
0.307225389
0.334661103
0.3756714
0.415690357
0.45565667
0.498419779
0.544741899
0.591052893
0.631519336
0.67688889
0.727932015
0.770750545
0.80749056
0.846129009
0.87837526
0.912752261
0.937085188
0.95654385
0.08187907
0.089911615
0.105146324
0.113876848
0.1307645
0.144459111
0.163799563
0.183016326
0.210467997
0.232251779
0.257241016
0.290089722
0.319557114
0.353558832
0.384242666
0.428970699
0.471569357
0.514386038
0.559389744
0.606926814
0.654275609
0.694896065
0.739172801
0.787732674
0.826158505
0.859041116
0.891996465
0.918470659
0.945487784
0.962870787
0.975923945
0.095206586
0.104554841
0.121914853
0.132171735
0.15133376
0.167252883
0.189235082
0.210857282
0.2414043
0.266158891
0.294131612
0.330317829
0.362699564
0.399989465
0.43356216
0.481317926
0.525714463
0.570521275
0.616746546
0.664338614
0.711434832
0.751023545
0.792919042
0.8375866
0.87092084
0.899242558
0.926234577
0.947023181
0.967204946
0.978977204
0.987250305
0.109258142
0.119980553
0.139503183
0.151357854
0.172807224
0.191015456
0.215636729
0.239616193
0.273125219
0.300788345
0.331595595
0.370826541
0.405817648
0.445988317
0.482023017
0.532061838
0.577471694
0.623393458
0.669853558
0.716452289
0.762150703
0.799715977
0.838257057
0.878096193
0.906120747
0.929665117
0.950955673
0.966615584
0.980993117
0.988572794
0.993541726
0.123980592
0.136126072
0.157832047
0.17134204
0.195070726
0.215607992
0.24283547
0.269095562
0.305396874
0.335860776
0.369308008
0.411243783
0.448495799
0.491087676
0.529109361
0.580663774
0.626330707
0.67251816
0.718303662
0.763013198
0.806363096
0.841144362
0.875689016
0.910219595
0.933099
0.95203521
0.968244748
0.979588528
0.989383165
0.994033729
0.996868686
0.139321395
0.152929325
0.1768235
0.192032361
0.218012532
0.240894533
0.270667056
0.299105358
0.337997881
0.371113741
0.406967514
0.451232025
0.490364934
0.534883374
0.574388076
0.626696886
0.671918493
0.717582164
0.761894702
0.803995928
0.84426742
0.875746087
0.905965988
0.935104105
0.953272607
0.968035447
0.979969669
0.987887104
0.994282082
0.997006378
0.998545894
0.155228625
0.170328908
0.196401028
0.213338355
0.241523663
0.266742594
0.298972819
0.32946397
0.370720347
0.406303187
0.444298161
0.490489875
0.531103757
0.577035467
0.617508531
0.669842133
0.713989477
0.758425753
0.800600262
0.839559926
0.876249654
0.904138389
0.929977672
0.953951178
0.968003493
0.97917744
0.987687427
0.993020545
0.997029683
0.998555816
0.999352904
0.171651012
0.188264185
0.216489681
0.235171302
0.265498225
0.293023733
0.327600448
0.359999084
0.403370717
0.441204636
0.48105068
0.528752984
0.570439059
0.617267443
0.658200217
0.709881586
0.752412881
0.795022046
0.834538108
0.870005075
0.902825112
0.927041336
0.948661562
0.967917173
0.978515125
0.986737218
0.992622161
0.996093933
0.998511186
0.999329861
0.999723898
0.188537999
0.206675404
0.237016224
0.257444496
0.28983375
0.319614115
0.356404689
0.390548448
0.435770455
0.475614072
0.517003317
0.56579426
0.608145078
0.655364089
0.696268572
0.746689606
0.787158252
0.827454808
0.86393831
0.895729753
0.924584127
0.945213722
0.962933968
0.978048684
0.985849825
0.991738146
0.995689265
0.997876085
0.999279736
0.999700776
0.999886992
0.205839823
0.225503822
0.257909301
0.280073516
0.314431517
0.34639502
0.38524798
0.42096053
0.467756534
0.509348512
0.551962191
0.601423432
0.644042019
0.691168226
0.731589362
0.780222509
0.818279986
0.855895964
0.889112744
0.917193239
0.942146605
0.959403333
0.973642464
0.985247761
0.990857137
0.994965425
0.99754343
0.998877622
0.999663575
0.999871389
0.99995561
0.223507594
0.244691837
0.279099599
0.302976502
0.339196861
0.373253312
0.414000984
0.451095033
0.499181751
0.542246268
0.585761223
0.635486046
0.677993843
0.724576524
0.764101945
0.810507289
0.845901613
0.88058389
0.910427242
0.934883627
0.956126227
0.970311407
0.98153742
0.990260523
0.9942033
0.996998182
0.998634255
0.999423414
0.999848242
0.99994677
0.999983259
0.241493387
0.264183123
0.300520011
0.326074397
0.364039442
0.40008185
0.442543045
0.480823286
0.529914838
0.574166919
0.618261642
0.667861934
0.709905451
0.755534606
0.793801795
0.837629955
0.870200493
0.901803298
0.928277248
0.949291786
0.967104186
0.978569957
0.987259143
0.993682282
0.996393059
0.998248419
0.999259078
0.999711981
0.99993387
0.999978778
0.999993936
0.25975033
0.283922761
0.322105784
0.349291186
0.388873495
0.426779835
0.470762533
0.510028495
0.559840412
0.604991011
0.649351133
0.698463264
0.739719395
0.784031681
0.820732602
0.861723945
0.891393433
0.919867285
0.943067458
0.960891405
0.975611652
0.984729926
0.991336769
0.995972879
0.997796903
0.998999578
0.999607687
0.999860068
0.999972155
0.999991848
0.99999789
0.278232693
0.303857366
0.343794665
0.372554106
0.413618037
0.453253097
0.4985571
0.538605863
0.588858745
0.634619498
0.678942664
0.727232238
0.767412239
0.810094881
0.844978262
0.882959005
0.909723626
0.935101929
0.955195588
0.970124745
0.982119723
0.98925784
0.994195171
0.99747711
0.998678896
0.9994406
0.999797214
0.999933863
0.999988669
0.999996982
0.999999294
0.296895975
0.323935206
0.365527029
0.395793836
0.43819704
0.479414318
0.525833831
0.566462586
0.616885381
0.662972974
0.70697304
0.754138518
0.79299071
0.833783527
0.866655014
0.90153087
0.925449156
0.94783357
0.965040136
0.977393457
0.987035437
0.992538611
0.996166656
0.998446442
0.999222111
0.999693718
0.999897653
0.999969584
0.999995542
0.999998923
0.999999773
0.315696988
0.344106315
0.387245992
0.418944656
0.462539564
0.505183186
0.552509309
0.593517728
0.643850624
0.689990709
0.73340124
0.779176484
0.816487737
0.855183456
0.885903942
0.91765195
0.93883322
0.95837878
0.972951826
0.983053676
0.990702357
0.994882378
0.997504872
0.99905955
0.999550177
0.99983577
0.999949554
0.999986386
0.999998304
0.999999629
0.99999993
0.334593934
0.364322596
0.408897511
0.441944585
0.486579852
0.53048649
0.578509583
0.61970199
0.669698895
0.715629529
0.758206592
0.802362375
0.83795849
0.87440157
0.90288402
0.931543174
0.9501361
0.967036864
0.979248262
0.987414525
0.993404361
0.996533605
0.998399041
0.999440276
0.999744513
0.999913746
0.999975714
0.999994069
0.999999376
0.999999877
0.999999979
0.353546475
0.384537913
0.430430467
0.464735491
0.510257389
0.555258153
0.60377006
0.644957372
0.694387989
0.739862567
0.781386831
0.823731399
0.857476519
0.891560716
0.917765823
0.943427074
0.959608838
0.974084671
0.984211277
0.990739194
0.995371441
0.997681066
0.998987293
0.99967244
0.999857452
0.999955622
0.999988578
0.999997484
0.999999778
0.999999961
0.999999994
0.372515801
0.404708171
0.451796729
0.48726317
0.533516922
0.579439207
0.628235315
0.669236758
0.717888254
0.762677925
0.802956082
0.843334871
0.875130049
0.906794981
0.930725975
0.953522115
0.967488513
0.979773404
0.988086429
0.993247821
0.996786533
0.998467727
0.999368396
0.99981149
0.99992186
0.999977629
0.999994751
0.999998961
0.999999924
0.999999988
0.999999998
0.39146469
0.424791391
0.472951206
0.509477404
0.556308447
0.602977709
0.651858827
0.692503414
0.740181698
0.784077268
0.822942833
0.861237432
0.891018512
0.920245457
0.9419424
0.962038219
0.973994949
0.984327111
0.991084111
0.995121519
0.997792636
0.998999869
0.999611579
0.999893305
0.999957912
0.99998895
0.999997643
0.999999582
0.999999975
0.999999996
1
0.410357553
0.444747766
0.493851876
0.531331991
0.578587159
0.625828615
0.674602664
0.714730431
0.761261047
0.804074389
0.841387906
0.877514402
0.905249349
0.93205653
0.951590351
0.969173425
0.979328683
0.987942509
0.993381808
0.996506996
0.998499703
0.99935511
0.999764442
0.999940602
0.999977722
0.999994651
0.999998965
0.999999836
0.999999992
0.999999999
1
0.429160485
0.464539708
0.514459802
0.552784746
0.600313376
0.647953598
0.696437101
0.735900106
0.781128779
0.822693752
0.858342491
0.89224929
0.917935133
0.942372689
0.95983923
0.975111554
0.983669988
0.990789843
0.99512708
0.997521355
0.998990946
0.999589178
0.999859115
0.999967473
0.999988411
0.999997462
0.999999556
0.999999937
0.999999997
1
1
0.447841295
0.484131886
0.534739133
0.573797485
0.621452427
0.669320832
0.717340202
0.756003291
0.799796134
0.839969069
0.873866252
0.905531506
0.929191
0.951335862
0.966850122
0.980020766
0.987178747
0.993014475
0.996440928
0.998256762
0.999328395
0.99974142
0.999916893
0.999982476
0.999994074
0.999998819
0.999999814
0.999999977
0.999999999
1
1
0.466369539
0.50349125
0.55465709
0.594335981
0.64197452
0.689904735
0.737297354
0.775038705
0.817282133
0.855941893
0.888025535
0.917454282
0.939132442
0.959083259
0.972774007
0.984052866
0.989995001
0.994738956
0.997421284
0.998784791
0.999557612
0.999839181
0.999951644
0.999990712
0.999997021
0.999999462
0.999999924
0.999999992
1
1
1
0.484716539
0.522587046
0.574183934
0.614369901
0.661854583
0.709685683
0.756300784
0.793012235
0.833612599
0.870660278
0.900891706
0.928112818
0.947873417
0.965745692
0.977750561
0.98734323
0.992239986
0.996065368
0.998146426
0.999160305
0.99971159
0.999901165
0.999972245
0.999995156
0.999998528
0.999999759
0.999999969
0.999999997
1
1
1
0.502855395
0.541390816
0.593292922
0.633872723
0.681072081
0.728649694
0.774349038
0.809936225
0.84881921
0.884177502
0.912539617
0.937602663
0.95552479
0.971446326
0.981907474
0.990011214
0.994017499
0.997077778
0.998678168
0.999424836
0.999813894
0.999939974
0.999984284
0.999997514
0.999999285
0.999999894
0.999999988
0.999999999
1
1
1
0.520760992
0.559876393
0.611960253
0.652821635
0.699610823
0.746788092
0.79144646
0.825828762
0.862938586
0.896550874
0.923046225
0.946018321
0.96219309
0.976299824
0.985360205
0.992160923
0.99541549
0.997844658
0.999064763
0.999609444
0.999881128
0.99996397
0.999991221
0.999998745
0.999999658
0.999999955
0.999999995
1
1
1
1
0.538410001
0.578019884
0.630164997
0.67119742
0.717458747
0.764097159
0.80760265
0.840712977
0.876011409
0.907840621
0.932489355
0.953452086
0.967979541
0.980411839
0.988212087
0.993882248
0.99650773
0.998421192
0.999343455
0.999737083
0.999924839
0.999978626
0.999995161
0.999999376
0.999999839
0.999999981
0.999999998
1
1
1
1
0.555780868
0.595799642
0.64788902
0.68898432
0.734607692
0.78057776
0.822831935
0.854616363
0.888081607
0.918108885
0.940946623
0.959993081
0.972979361
0.983878786
0.990554712
0.995252058
0.997355512
0.998851399
0.999542676
0.999824523
0.999952955
0.999987467
0.999997368
0.999999695
0.999999926
0.999999992
0.999999999
1
1
1
1
0.572853801
0.61319623
0.665116891
0.706169897
0.751053161
0.79623498
0.837152828
0.867570111
0.899195581
0.927418806
0.948494508
0.965726512
0.977281296
0.986787866
0.992468532
0.99633548
0.99800929
0.999170053
0.999683906
0.999883881
0.999970847
0.999992736
0.999998588
0.999999853
0.999999966
0.999999997
1
1
1
1
1
0.589610749
0.63019238
0.681835791
0.722744877
0.766794081
0.811077742
0.850587513
0.879608479
0.909401499
0.935833718
0.955207566
0.970733089
0.980967346
0.989217282
0.994023598
0.997187204
0.998510225
0.999404353
0.9997832
0.999923811
0.999982114
0.999995838
0.999999252
0.99999993
0.999999985
0.999999999
1
1
1
1
1
0.606035377
0.646772941
0.698035401
0.738702985
0.78183255
0.825118432
0.863161334
0.890768194
0.918748643
0.943416436
0.961157792
0.975088624
0.984112678
0.99123661
0.995280402
0.997852765
0.998891611
0.999575382
0.99985244
0.999950431
0.999989135
0.999997642
0.999999609
0.999999967
0.999999993
1
1
1
1
1
1
0.622113032
0.662924818
0.713707797
0.754040777
0.796173591
0.838372526
0.874902304
0.90108789
0.92728683
0.950228649
0.966414106
0.978863776
0.986785672
0.992907277
0.996290766
0.99836976
0.999180148
0.999699328
0.999900331
0.999968021
0.999993465
0.99999868
0.999999798
0.999999985
0.999999997
1
1
1
1
1
1
0.637830708
0.678636914
0.72884733
0.76875746
0.809824891
0.850858221
0.885840643
0.910607587
0.935065884
0.956330403
0.971041961
0.982123914
0.989048092
0.994283121
0.997098744
0.998768981
0.999397077
0.999788512
0.999933189
0.999979541
0.999996108
0.999999269
0.999999897
0.999999993
0.999999999
1
1
1
1
1
1
0.653177001
0.693900053
0.743450509
0.782854715
0.82279656
0.862596087
0.896008335
0.919368211
0.942135182
0.961779678
0.975103061
0.984929105
0.990955347
0.995411
0.997741505
0.999075453
0.999559156
0.999852228
0.999955552
0.99998702
0.999997705
0.9999996
0.999999948
0.999999997
0.999999999
1
1
1
1
1
1
0.668142068
0.708706912
0.757515872
0.796336516
0.835100879
0.873608714
0.905438713
0.927411156
0.948543248
0.966632048
0.978655179
0.987334177
0.992556824
0.996331422
0.998250186
0.999309357
0.99967951
0.999897429
0.999970652
0.999991833
0.99999866
0.999999783
0.999999974
0.999999999
1
1
1
1
1
1
1
0.682717575
0.723051939
0.771043863
0.809208941
0.846752058
0.883920389
0.914166073
0.934777893
0.954337421
0.970940421
0.98175206
0.989388876
0.993896266
0.997079175
0.998650689
0.999486845
0.999768334
0.999929272
0.999980767
0.999994904
0.999999225
0.999999884
0.999999987
0.999999999
1
1
1
1
1
1
1
0.696896642
0.736931269
0.784036702
0.821479995
0.857766002
0.893556781
0.922225325
0.941509619
0.959563565
0.974754844
0.984443392
0.99113806
0.995012184
0.997683945
0.99896441
0.999620752
0.99983349
0.999951548
0.999987489
0.999996846
0.999999556
0.999999939
0.999999994
1
1
1
1
1
1
1
1
0.710673793
0.750342644
0.796498261
0.833159428
0.868160086
0.902544646
0.929651663
0.947646949
0.964265837
0.97812238
0.986774855
0.992621955
0.995938289
0.998170911
0.999208909
0.999721205
0.999880997
0.999967025
0.999991922
0.999998064
0.999999748
0.999999968
0.999999997
1
1
1
1
1
1
1
1
0.724044889
0.76328532
0.808433927
0.844258555
0.87795293
0.910911552
0.936480279
0.95322965
0.968486506
0.981087039
0.988788205
0.993876434
0.99670392
0.998561301
0.9993985
0.999796134
0.999915429
0.999977703
0.999994823
0.999998821
0.999999858
0.999999983
0.999999999
1
1
1
1
1
1
1
1
0.737007075
0.775759984
0.819850483
0.854790082
0.887164198
0.918685618
0.942746096
0.958296414
0.972265812
0.983689754
0.990521414
0.994933321
0.997334477
0.998872902
0.999544778
0.999851711
0.999940234
0.999985021
0.999996707
0.999999288
0.999999921
0.999999991
0.999999999
1
1
1
1
1
1
1
1
0.749558716
0.787768656
0.830755977
0.864767939
0.895814396
0.925895283
0.948483543
0.962884668
0.975641867
0.985968405
0.992008834
0.9958207
0.997851828
0.99912054
0.999657078
0.999892703
0.999958
0.999990002
0.99999792
0.999999573
0.999999957
0.999999996
1
1
1
1
1
1
1
1
1
0.761699329
0.799314607
0.841159604
0.874207117
0.903924688
0.932569088
0.953726349
0.967030421
0.978650596
0.98795788
0.993281393
0.996563234
0.998274705
0.999316499
0.999742867
0.999922769
0.999970649
0.999993369
0.999998696
0.999999747
0.999999976
0.999999998
1
1
1
1
1
1
1
1
1
0.773429525
0.810402262
0.851071579
0.883123507
0.911516722
0.938735478
0.958507376
0.970768141
0.981325703
0.989690156
0.994366801
0.997182476
0.998619072
0.999470899
0.99980808
0.9999447
0.999979602
0.999995631
0.999999189
0.999999851
0.999999987
0.999999999
1
1
1
1
1
1
1
1
1
0.784750937
0.821037112
0.860503024
0.891533755
0.918612466
0.944422632
0.962858468
0.974130666
0.983698674
0.991194417
0.995289773
0.997697173
0.998898467
0.999592039
0.99985741
0.99996061
0.999985902
0.999997139
0.999999499
0.999999913
0.999999993
0.999999999
1
1
1
1
1
1
1
1
1
0.795666161
0.831225626
0.869465854
0.899455116
0.925234062
0.949658302
0.966810334
0.977149139
0.985798799
0.992497176
0.996072253
0.998123554
0.999124314
0.999686681
0.999894545
0.999972087
0.99999031
0.999998139
0.999999692
0.999999949
0.999999996
1
1
1
1
1
1
1
1
1
1
0.806178685
0.84097516
0.877972668
0.906905322
0.931403686
0.95446968
0.970392455
0.979852966
0.987653211
0.993622426
0.996733639
0.998475609
0.99930621
0.99976031
0.999922363
0.999980322
0.999993376
0.999998797
0.999999813
0.999999971
0.999999998
1
1
1
1
1
1
1
1
1
1
0.816292829
0.850293875
0.886036648
0.913902454
0.937143425
0.958883281
0.973633005
0.982269805
0.989286954
0.994591787
0.997291009
0.998765342
0.999452174
0.999817354
0.999943103
0.999986199
0.999995497
0.999999227
0.999999887
0.999999983
0.999999999
1
1
1
1
1
1
1
1
1
1
0.826013677
0.85919065
0.893671451
0.920464827
0.942475163
0.962924841
0.976558801
0.984425565
0.990723054
0.995424662
0.997759332
0.999003008
0.999568881
0.999861364
0.999958491
0.999990371
0.999996955
0.999999506
0.999999932
0.999999991
0.999999999
1
1
1
1
1
1
1
1
1
1
0.835347013
0.867675001
0.900891125
0.926610875
0.947420482
0.966619234
0.979195268
0.986344424
0.991982605
0.996138404
0.998151677
0.999197333
0.99966186
0.999895178
0.999969854
0.999993316
0.999997952
0.999999687
0.999999959
0.999999995
1
1
1
1
1
1
1
1
1
1
1
0.844299262
0.875757002
0.907710013
0.932359058
0.952000573
0.969990406
0.981566421
0.988048865
0.993084864
0.996748467
0.998479409
0.999355708
0.999735671
0.999921051
0.999978205
0.999995384
0.99999863
0.999999803
0.999999976
0.999999997
1
1
1
1
1
1
1
1
1
1
1
0.852877428
0.88344721
0.914142674
0.937727764
0.956236156
0.973061322
0.98369486
0.989559721
0.994047351
0.997268569
0.998752375
0.999484371
0.999794057
0.999940768
0.999984313
0.999996828
0.999999089
0.999999876
0.999999986
0.999999998
1
1
1
1
1
1
1
1
1
1
1
0.861089031
0.89075659
0.920203801
0.942735228
0.960147416
0.975853925
0.985601781
0.990896231
0.99488595
0.99771084
0.998979067
0.999588563
0.999840078
0.999955731
0.99998876
0.999997831
0.999999397
0.999999923
0.999999992
0.999999999
1
1
1
1
1
1
1
1
1
1
1
0.868942055
0.897696448
0.92590815
0.947399455
0.963753943
0.978389109
0.987306996
0.992076102
0.995615022
0.998085967
0.99916679
0.99967267
0.999876225
0.999967041
0.999991982
0.999998525
0.999999603
0.999999952
0.999999995
1
1
1
1
1
1
1
1
1
1
1
1
0.876444886
0.904278363
0.931270477
0.951738157
0.967074688
0.980686707
0.988828965
0.99311558
0.996247501
0.99840334
0.999321796
0.999740351
0.999904518
0.999975556
0.999994306
0.999999002
0.99999974
0.999999971
0.999999997
1
1
1
1
1
1
1
1
1
1
1
1
0.883606265
0.910514123
0.936305467
0.955768686
0.97012792
0.982765479
0.990184833
0.994029525
0.996795007
0.998671173
0.999449425
0.999794642
0.999926584
0.99998194
0.999995974
0.999999328
0.999999831
0.999999982
0.999999998
1
1
1
1
1
1
1
1
1
1
1
1
0.890435231
0.916415671
0.94102769
0.95950799
0.972931201
0.984643121
0.991390475
0.994831487
0.997267944
0.998896631
0.999554213
0.999838056
0.999943736
0.999986707
0.999997166
0.99999955
0.99999989
0.999999989
0.999999999
1
1
1
1
1
1
1
1
1
1
1
1
0.896941073
0.921995043
0.945451539
0.962972562
0.975501358
0.986336273
0.992460549
0.995533783
0.9976756
0.999085947
0.999640005
0.999872665
0.999957022
0.999990253
0.999998014
0.9999997
0.999999929
0.999999993
0.999999999
1
1
1
1
1
1
1
1
1
1
1
1
0.903133284
0.927264321
0.949591191
0.966178408
0.977854474
0.987860537
0.993408547
0.996147581
0.998026245
0.999244518
0.999710048
0.999900169
0.999967277
0.99999288
0.999998615
0.999999801
0.999999955
0.999999996
1
1
1
1
1
1
1
1
1
1
1
1
1
0.909021518
0.932235583
0.953460565
0.969141009
0.980005874
0.989230504
0.994246856
0.996682974
0.998327217
0.99937701
0.999767073
0.999921959
0.999975166
0.999994819
0.999999038
0.999999869
0.999999971
0.999999998
1
1
1
1
1
1
1
1
1
1
1
1
1
0.914615542
0.936920859
0.957073283
0.971875301
0.981970124
0.99045978
0.994986813
0.997149062
0.998585014
0.99948744
0.999813371
0.99993917
0.999981214
0.999996244
0.999999334
0.999999914
0.999999982
0.999999999
1
1
1
1
1
1
1
1
1
1
1
1
1
0.919925202
0.941332089
0.960442644
0.974395652
0.983761035
0.991561018
0.995638773
0.997554022
0.998805371
0.999579256
0.999850855
0.999952722
0.999985835
0.999997287
0.999999542
0.999999944
0.999999988
0.999999999
1
1
1
1
1
1
1
1
1
1
1
1
1
0.924960384
0.945481089
0.96358159
0.97671585
0.985391668
0.992545957
0.996212162
0.997905189
0.998993334
0.999655409
0.999881119
0.99996336
0.999989354
0.999998048
0.999999686
0.999999963
0.999999993
1
1
1
1
1
1
1
1
1
1
1
1
1
1
0.929730978
0.949379514
0.96650269
0.978849092
0.986874346
0.993425461
0.996715542
0.998209119
0.999153336
0.999718418
0.999905487
0.999971686
0.999992024
0.999998601
0.999999786
0.999999976
0.999999995
1
1
1
1
1
1
1
1
1
1
1
1
1
1
0.934246847
0.953038827
0.969218117
0.980807978
0.988220668
0.994209558
0.99715667
0.998471659
0.999289257
0.999770426
0.999925054
0.999978183
0.999994043
0.999999
0.999999854
0.999999985
0.999999997
1
1
1
1
1
1
1
1
1
1
1
1
1
1
0.938517795
0.956470278
0.971739633
0.98260451
0.989441528
0.994907482
0.997542555
0.998698011
0.999404485
0.99981325
0.999940723
0.999983237
0.999995566
0.999999289
0.999999901
0.99999999
0.999999998
1
1
1
1
1
1
1
1
1
1
1
1
1
1
0.942553543
0.959684871
0.974078578
0.984250097
0.990547134
0.995527718
0.997879517
0.998892792
0.999501974
0.999848427
0.999953236
0.999987157
0.99999671
0.999999496
0.999999934
0.999999994
0.999999999
1
1
1
1
1
1
1
1
1
1
1
1
1
1
0.946363701
0.96269335
0.976245863
0.985755558
0.991547032
0.996078041
0.998173239
0.999060085
0.999584286
0.999877254
0.999963203
0.999990188
0.999997566
0.999999644
0.999999955
0.999999996
0.999999999
1
1
1
1
1
1
1
1
1
1
1
1
1
1
0.949957746
0.965506178
0.978251959
0.98713113
0.992450129
0.996565565
0.998428818
0.999203498
0.999653644
0.999900821
0.999971119
0.999992525
0.999998206
0.999999749
0.99999997
0.999999997
1
1
1
1
1
1
1
1
1
1
1
1
1
1
1
0.953345002
0.968133522
0.9801069
0.988386481
0.993264721
0.996996777
0.998650819
0.999326208
0.999711971
0.999920042
0.99997739
0.999994321
0.999998681
0.999999824
0.99999998
0.999999998
1
1
1
1
1
1
1
1
1
1
1
1
1
1
1
0.956534619
0.97058524
0.98182028
0.989530722
0.993998515
0.997377588
0.998843316
0.999431007
0.999760922
0.999935681
0.999982344
0.999995698
0.999999034
0.999999877
0.999999987
0.999999999
1
1
1
1
1
1
1
1
1
1
1
1
1
1
1
0.95953556
0.972870873
0.983401254
0.990572423
0.994658662
0.997713366
0.99900994
0.999520341
0.999801923
0.999948377
0.999986248
0.999996751
0.999999294
0.999999915
0.999999991
0.999999999
1
1
1
1
1
1
1
1
1
1
1
1
1
1
1
0.962356584
0.974999632
0.984858542
0.991519627
0.995251781
0.998008977
0.999153919
0.999596351
0.999836198
0.999958658
0.999989315
0.999997552
0.999999486
0.999999941
0.999999994
1
1
1
1
1
1
1
1
1
1
1
1
1
1
1
1
0.965006233
0.976980399
0.986200436
0.992379872
0.995783986
0.998268826
0.999278117
0.999660904
0.999864792
0.999966965
0.99999172
0.999998161
0.999999627
0.999999959
0.999999996
1
1
1
1
1
1
1
1
1
1
1
1
1
1
1
1
0.967492827
0.978821715
0.987434805
0.993160206
0.996260917
0.998496888
0.999385065
0.999715626
0.999888601
0.999973661
0.999993599
0.999998623
0.99999973
0.999999972
0.999999998
1
1
1
1
1
1
1
1
1
1
1
1
1
1
1
1
0.969824444
0.980531786
0.988569107
0.99386721
0.996687766
0.998696745
0.999477004
0.999761928
0.999908386
0.999979046
0.999995065
0.999998971
0.999999805
0.999999981
0.999999998
1
1
1
1
1
1
1
1
1
1
1
1
1
1
1
1
0.972008925
0.982118477
0.989610394
0.994507014
0.997069303
0.998871618
0.999555903
0.999801034
0.999924796
0.999983367
0.999996204
0.999999234
0.99999986
0.999999987
0.999999999
1
1
1
1
1
1
1
1
1
1
1
1
1
1
1
1
0.974053859
0.983589315
0.990565326
0.995085321
0.997409904
0.999024399
0.999623498
0.999834001
0.99993838
0.999986826
0.999997088
0.999999431
0.9999999
0.999999991
0.999999999
1
1
1
1
1
1
1
1
1
1
1
1
1
1
1
1
0.975966582
0.984951493
0.991440184
0.995607428
0.997713574
0.999157675
0.999681309
0.999861744
0.999949602
0.999989588
0.999997771
0.999999578
0.999999928
0.999999994
1
1
1
1
1
1
1
1
1
1
1
1
1
1
1
1
1
0.977754175
0.986211871
0.992240879
0.996078242
0.997983977
0.999273761
0.99973067
0.999885047
0.999958856
0.999991789
0.999998299
0.999999688
0.999999949
0.999999996
1
1
1
1
1
1
1
1
1
1
1
1
1
1
1
1
1
0.97942346
0.987376982
0.992972965
0.996502308
0.998224452
0.999374724
0.999772745
0.999904585
0.999966472
0.999993539
0.999998704
0.99999977
0.999999964
0.999999997
1
1
1
1
1
1
1
1
1
1
1
1
1
1
1
1
1
0.980981
0.98845304
0.993641657
0.996883823
0.998438045
0.9994624
0.999808548
0.999920937
0.999972728
0.999994927
0.999999016
0.999999831
0.999999974
0.999999998
1
1
1
1
1
1
1
1
1
1
1
1
1
1
1
1
1
0.9824331
0.989445944
0.994251839
0.997226658
0.998627523
0.999538426
0.999838964
0.999934598
0.999977857
0.999996025
0.999999254
0.999999876
0.999999982
0.999999999
1
1
1
1
1
1
1
1
1
1
1
1
1
1
1
1
1
0.983785808
0.990361286
0.994808082
0.99753438
0.9987954
0.99960425
0.99986476
0.99994599
0.999982053
0.999996893
0.999999436
0.99999991
0.999999987
0.999999999
1
1
1
1
1
1
1
1
1
1
1
1
1
1
1
1
1
0.985044916
0.99120436
0.995314656
0.997810266
0.998943953
0.999661158
0.999886602
0.999955474
0.999985481
0.999997576
0.999999575
0.999999934
0.999999991
0.999999999
1
1
1
1
1
1
1
1
1
1
1
1
1
1
1
1
1
0.986215966
0.991980172
0.995775546
0.998057327
0.999075244
0.999710284
0.999905065
0.999963354
0.999988275
0.999998113
0.99999968
0.999999952
0.999999994
1
1
1
1
1
1
1
1
1
1
1
1
1
1
1
1
1
1
0.987304249
0.992693446
0.996194462
0.998278321
0.999191136
0.999752629
0.999920646
0.99996989
0.999990549
0.999998534
0.99999976
0.999999965
0.999999996
1
1
1
1
1
1
1
1
1
1
1
1
1
1
1
1
1
1
0.988314816
0.993348637
0.996574858
0.998475773
0.99929331
0.999789077
0.999933772
0.999975303
0.999992395
0.999998864
0.999999821
0.999999975
0.999999997
1
1
1
1
1
1
1
1
1
1
1
1
1
1
1
1
1
1
0.989252475
0.993949936
0.996919942
0.998651992
0.999383279
0.999820402
0.999944814
0.999979776
0.999993891
0.999999121
0.999999866
0.999999982
0.999999998
1
1
1
1
1
1
1
1
1
1
1
1
1
1
1
1
1
1
0.990121804
0.994501287
0.99723269
0.998809082
0.999462404
0.999847285
0.999954086
0.999983467
0.999995102
0.999999322
0.9999999
0.999999987
0.999999999
1
1
1
1
1
1
1
1
1
1
1
1
1
1
1
1
1
1
0.990927151
0.99500639
0.997515859
0.998948962
0.999531908
0.999870322
0.999961859
0.999986507
0.99999608
0.999999478
0.999999926
0.999999991
0.999999999
1
1
1
1
1
1
1
1
1
1
1
1
1
1
1
1
1
1
0.991672643
0.995468717
0.997772003
0.999073377
0.999592886
0.999890035
0.999968365
0.999989006
0.999996868
0.999999599
0.999999945
0.999999993
0.999999999
1
1
1
1
1
1
1
1
1
1
1
1
1
1
1
1
1
1
0.992362194
0.995891518
0.99800348
0.999183913
0.99964632
0.999906878
0.999973802
0.999991057
0.999997502
0.999999692
0.999999959
0.999999995
1
1
1
1
1
1
1
1
1
1
1
1
1
1
1
1
1
1
1
0.992999508
0.996277833
0.998212465
0.999282008
0.999693087
0.99992125
0.999978338
0.999992738
0.999998012
0.999999765
0.99999997
0.999999997
1
1
1
1
1
1
1
1
1
1
1
1
1
1
1
1
1
1
1
0.993588087
0.996630503
0.998400967
0.999368966
0.999733969
0.999933494
0.999982116
0.999994113
0.99999842
0.99999982
0.999999978
0.999999998
1
1
1
1
1
1
1
1
1
1
1
1
1
1
1
1
1
1
1
0.994131242
0.996952177
0.998570832
0.999445965
0.999769663
0.999943911
0.999985258
0.999995235
0.999998747
0.999999863
0.999999984
0.999999998
1
1
1
1
1
1
1
1
1
1
1
1
1
1
1
1
1
1
1
0.994632093
0.997245324
0.998723758
0.999514071
0.999800792
0.99995276
0.999987866
0.99999615
0.999999007
0.999999896
0.999999988
0.999999999
1
1
1
1
1
1
1
1
1
1
1
1
1
1
1
1
1
1
1
0.995093584
0.997512245
0.998861306
0.999574243
0.999827906
0.999960267
0.999990029
0.999996894
0.999999215
0.999999921
0.999999991
0.999999999
1
1
1
1
1
1
1
1
1
1
1
1
1
1
1
1
1
1
1
0.995518484
0.997755074
0.998984907
0.999627348
0.999851496
0.999966627
0.999991818
0.999997499
0.999999381
0.99999994
0.999999994
0.999999999
1
1
1
1
1
1
1
1
1
1
1
1
1
1
1
1
1
1
1
0.995909398
0.997975798
0.999095871
0.999674164
0.999871995
0.999972006
0.999993297
0.999997989
0.999999512
0.999999955
0.999999995
1
1
1
1
1
1
1
1
1
1
1
1
1
1
1
1
1
1
1
1
0.996268773
0.998176255
0.999195398
0.999715391
0.999889787
0.99997655
0.999994516
0.999998386
0.999999616
0.999999966
0.999999997
1
1
1
1
1
1
1
1
1
1
1
1
1
1
1
1
1
1
1
1
0.996598905
0.998358151
0.999284583
0.999751656
0.999905211
0.999980383
0.999995521
0.999998706
0.999999699
0.999999974
0.999999998
1
1
1
1
1
1
1
1
1
1
1
1
1
1
1
1
1
1
1
1
0.996901946
0.998523065
0.999364428
0.999783521
0.999918567
0.999983612
0.999996347
0.999998965
0.999999764
0.999999981
0.999999998
1
1
1
1
1
1
1
1
1
1
1
1
1
1
1
1
1
1
1
1
0.99717991
0.998672455
0.999435845
0.99981149
0.999930118
0.999986328
0.999997025
0.999999173
0.999999815
0.999999986
0.999999999
1
1
1
1
1
1
1
1
1
1
1
1
1
1
1
1
1
1
1
1
0.997434683
0.998807666
0.999499664
0.999836013
0.999940097
0.999988608
0.999997581
0.999999341
0.999999856
0.999999989
0.999999999
1
1
1
1
1
1
1
1
1
1
1
1
1
1
1
1
1
1
1
1
0.997668025
0.998929943
0.999556643
0.999857491
0.999948708
0.999990522
0.999998036
0.999999475
0.999999888
0.999999992
0.999999999
1
1
1
1
1
1
1
1
1
1
1
1
1
1
1
1
1
1
1
1
0.997881582
0.999040428
0.999607467
0.999876281
0.999956129
0.999992124
0.999998408
0.999999583
0.999999913
0.999999994
1
1
1
1
1
1
1
1
1
1
1
1
1
1
1
1
1
1
1
1
1
0.998076886
0.999140174
0.99965276
0.999892703
0.999962518
0.999993464
0.999998712
0.999999669
0.999999932
0.999999996
1
1
1
1
1
1
1
1
1
1
1
1
1
1
1
1
1
1
1
1
1
0.998255365
0.999230151
0.999693087
0.99990704
0.999968012
0.999994584
0.999998959
0.999999738
0.999999947
0.999999997
1
1
1
1
1
1
1
1
1
1
1
1
1
1
1
1
1
1
1
1
1
0.998418349
0.999311247
0.999728961
0.999919542
0.99997273
0.999995517
0.99999916
0.999999792
0.999999959
0.999999998
1
1
1
1
1
1
1
1
1
1
1
1
1
1
1
1
1
1
1
1
1
0.998567075
0.999384278
0.999760844
0.999930433
0.999976777
0.999996295
0.999999323
0.999999836
0.999999968
0.999999998
1
1
1
1
1
1
1
1
1
1
1
1
1
1
1
1
1
1
1
1
1
0.99870269
0.999449991
0.999789155
0.999939911
0.999980246
0.999996942
0.999999455
0.999999871
0.999999976
0.999999999
1
1
1
1
1
1
1
1
1
1
1
1
1
1
1
1
1
1
1
1
1
0.99882626
0.99950907
0.999814271
0.999948149
0.999983215
0.999997479
0.999999562
0.999999898
0.999999981
0.999999999
1
1
1
1
1
1
1
1
1
1
1
1
1
1
1
1
1
1
1
1
1
0.998938773
0.999562142
0.999836533
0.999955303
0.999985753
0.999997925
0.999999649
0.99999992
0.999999986
0.999999999
1
1
1
1
1
1
1
1
1
1
1
1
1
1
1
1
1
1
1
1
1
0.999041143
0.999609776
0.999856247
0.999961509
0.99998792
0.999998294
0.999999719
0.999999937
0.999999989
0.999999999
1
1
1
1
1
1
1
1
1
1
1
1
1
1
1
1
1
1
1
1
1
0.999134219
0.999652497
0.99987369
0.999966886
0.999989769
0.999998599
0.999999775
0.999999951
0.999999992
1
1
1
1
1
1
1
1
1
1
1
1
1
1
1
1
1
1
1
1
1
1
0.999218782
0.999690778
0.999889109
0.999971541
0.999991345
0.999998851
0.99999982
0.999999962
0.999999994
1
1
1
1
1
1
1
1
1
1
1
1
1
1
1
1
1
1
1
1
1
1
0.999295557
0.999725053
0.999902728
0.999975566
0.999992685
0.999999059
0.999999857
0.99999997
0.999999995
1
1
1
1
1
1
1
1
1
1
1
1
1
1
1
1
1
1
1
1
1
1
0.999365209
0.999755716
0.999914745
0.999979042
0.999993825
0.999999231
0.999999886
0.999999977
0.999999996
1
1
1
1
1
1
1
1
1
1
1
1
1
1
1
1
1
1
1
1
1
1
0.999428356
0.999783125
0.99992534
0.999982042
0.999994793
0.999999372
0.999999909
0.999999982
0.999999997
1
1
1
1
1
1
1
1
1
1
1
1
1
1
1
1
1
1
1
1
1
1
0.999485563
0.999807607
0.999934672
0.999984628
0.999995613
0.999999487
0.999999928
0.999999986
0.999999998
1
1
1
1
1
1
1
1
1
1
1
1
1
1
1
1
1
1
1
1
1
1
0.999537352
0.999829454
0.999942886
0.999986854
0.999996309
0.999999582
0.999999943
0.999999989
0.999999998
1
1
1
1
1
1
1
1
1
1
1
1
1
1
1
1
1
1
1
1
1
1
0.999584203
0.999848937
0.999950108
0.99998877
0.999996897
0.99999966
0.999999955
0.999999991
0.999999999
1
1
1
1
1
1
1
1
1
1
1
1
1
1
1
1
1
1
1
1
1
1
0.999626557
0.999866295
0.999956453
0.999990415
0.999997395
0.999999724
0.999999964
0.999999993
0.999999999
1
1
1
1
1
1
1
1
1
1
1
1
1
1
1
1
1
1
1
1
1
1
0.999664819
0.999881749
0.999962023
0.999991828
0.999997815
0.999999776
0.999999972
0.999999995
0.999999999
1
1
1
1
1
1
1
1
1
1
1
1
1
1
1
1
1
1
1
1
1
1
0.999699359
0.999895496
0.999966908
0.999993039
0.999998169
0.999999819
0.999999978
0.999999996
0.999999999
1
1
1
1
1
1
1
1
1
1
1
1
1
1
1
1
1
1
1
1
1
1
0.999730517
0.999907714
0.999971188
0.999994077
0.999998468
0.999999853
0.999999983
0.999999997
1
1
1
1
1
1
1
1
1
1
1
1
1
1
1
1
1
1
1
1
1
1
1
0.999758605
0.999918566
0.999974935
0.999994965
0.999998719
0.999999881
0.999999986
0.999999998
1
1
1
1
1
1
1
1
1
1
1
1
1
1
1
1
1
1
1
1
1
1
1
0.999783908
0.999928196
0.999978213
0.999995724
0.99999893
0.999999904
0.999999989
0.999999998
1
1
1
1
1
1
1
1
1
1
1
1
1
1
1
1
1
1
1
1
1
1
1
0.999806685
0.999936735
0.999981078
0.999996372
0.999999107
0.999999923
0.999999992
0.999999999
1
1
1
1
1
1
1
1
1
1
1
1
1
1
1
1
1
1
1
1
1
1
1
0.999827175
0.999944301
0.999983579
0.999996925
0.999999256
0.999999938
0.999999993
0.999999999
1
1
1
1
1
1
1
1
1
1
1
1
1
1
1
1
1
1
1
1
1
1
1
0.999845594
0.999950999
0.999985762
0.999997396
0.999999381
0.99999995
0.999999995
0.999999999
1
1
1
1
1
1
1
1
1
1
1
1
1
1
1
1
1
1
1
1
1
1
1
0.99986214
0.999956924
0.999987664
0.999997797
0.999999485
0.99999996
0.999999996
0.999999999
1
1
1
1
1
1
1
1
1
1
1
1
1
1
1
1
1
1
1
1
1
1
1
0.999876994
0.99996216
0.999989321
0.999998139
0.999999572
0.999999968
0.999999997
1
1
1
1
1
1
1
1
1
1
1
1
1
1
1
1
1
1
1
1
1
1
1
1
0.999890319
0.999966786
0.999990763
0.999998429
0.999999645
0.999999974
0.999999998
1
1
1
1
1
1
1
1
1
1
1
1
1
1
1
1
1
1
1
1
1
1
1
1
0.999902264
0.999970867
0.999992017
0.999998675
0.999999706
0.999999979
0.999999998
1
1
1
1
1
1
1
1
1
1
1
1
1
1
1
1
1
1
1
1
1
1
1
1
0.999912965
0.999974467
0.999993106
0.999998883
0.999999756
0.999999984
0.999999999
1
1
1
1
1
1
1
1
1
1
1
1
1
1
1
1
1
1
1
1
1
1
1
1
0.999922544
0.999977638
0.999994052
0.99999906
0.999999798
0.999999987
0.999999999
1
1
1
1
1
1
1
1
1
1
1
1
1
1
1
1
1
1
1
1
1
1
1
1
0.999931114
0.99998043
0.999994872
0.999999209
0.999999833
0.99999999
0.999999999
1
1
1
1
1
1
1
1
1
1
1
1
1
1
1
1
1
1
1
1
1
1
1
1
0.999938776
0.999982886
0.999995582
0.999999336
0.999999862
0.999999992
0.999999999
1
1
1
1
1
1
1
1
1
1
1
1
1
1
1
1
1
1
1
1
1
1
1
1
0.99994562
0.999985045
0.999996197
0.999999442
0.999999886
0.999999993
0.999999999
1
1
1
1
1
1
1
1
1
1
1
1
1
1
1
1
1
1
1
1
1
1
1
1
0.999951731
0.999986942
0.99999673
0.999999532
0.999999906
0.999999995
1
1
1
1
1
1
1
1
1
1
1
1
1
1
1
1
1
1
1
1
1
1
1
1
1
0.999957182
0.999988606
0.999997189
0.999999608
0.999999923
0.999999996
1
1
1
1
1
1
1
1
1
1
1
1
1
1
1
1
1
1
1
1
1
1
1
1
1
0.999962043
0.999990066
0.999997587
0.999999672
0.999999937
0.999999997
1
1
1
1
1
1
1
1
1
1
1
1
1
1
1
1
1
1
1
1
1
1
1
1
1
0.999966373
0.999991345
0.999997929
0.999999726
0.999999948
0.999999997
1
1
1
1
1
1
1
1
1
1
1
1
1
1
1
1
1
1
1
1
1
1
1
1
1
0.999970228
0.999992465
0.999998225
0.999999771
0.999999957
0.999999998
1
1
1
1
1
1
1
1
1
1
1
1
1
1
1
1
1
1
1
1
1
1
1
1
1
0.999973659
0.999993445
0.999998479
0.999999809
0.999999965
0.999999998
1
1
1
1
1
1
1
1
1
1
1
1
1
1
1
1
1
1
1
1
1
1
1
1
1
0.999976709
0.999994301
0.999998699
0.999999841
0.999999971
0.999999999
1
1
1
1
1
1
1
1
1
1
1
1
1
1
1
1
1
1
1
1
1
1
1
1
1
0.999979419
0.99999505
0.999998887
0.999999867
0.999999977
0.999999999
1
1
1
1
1
1
1
1
1
1
1
1
1
1
1
1
1
1
1
1
1
1
1
1
1
0.999981825
0.999995703
0.999999049
0.99999989
0.999999981
0.999999999
1
1
1
1
1
1
1
1
1
1
1
1
1
1
1
1
1
1
1
1
1
1
1
1
1
0.999983961
0.999996273
0.999999188
0.999999908
0.999999984
0.999999999
1
1
1
1
1
1
1
1
1
1
1
1
1
1
1
1
1
1
1
1
1
1
1
1
1
0.999985854
0.999996769
0.999999307
0.999999924
0.999999987
1
1
1
1
1
1
1
1
1
1
1
1
1
1
1
1
1
1
1
1
1
1
1
1
1
1
0.999987532
0.999997202
0.999999409
0.999999937
0.99999999
1
1
1
1
1
1
1
1
1
1
1
1
1
1
1
1
1
1
1
1
1
1
1
1
1
1
0.999989018
0.999997578
0.999999497
0.999999948
0.999999992
1
1
1
1
1
1
1
1
1
1
1
1
1
1
1
1
1
1
1
1
1
1
1
1
1
1
0.999990333
0.999997906
0.999999572
0.999999957
0.999999993
1
1
1
1
1
1
1
1
1
1
1
1
1
1
1
1
1
1
1
1
1
1
1
1
1
1
0.999991496
0.99999819
0.999999636
0.999999964
0.999999994
1
1
1
1
1
1
1
1
1
1
1
1
1
1
1
1
1
1
1
1
1
1
1
1
1
1
0.999992524
0.999998437
0.99999969
0.99999997
0.999999995
1
1
1
1
1
1
1
1
1
1
1
1
1
1
1
1
1
1
1
1
1
1
1
1
1
1
0.999993431
0.999998651
0.999999737
0.999999976
0.999999996
1
1
1
1
1
1
1
1
1
1
1
1
1
1
1
1
1
1
1
1
1
1
1
1
1
1
0.999994232
0.999998837
0.999999777
0.99999998
0.999999997
1
1
1
1
1
1
1
1
1
1
1
1
1
1
1
1
1
1
1
1
1
1
1
1
1
1
0.999994939
0.999998998
0.999999811
0.999999983
0.999999998
1
1
1
1
1
1
1
1
1
1
1
1
1
1
1
1
1
1
1
1
1
1
1
1
1
1
0.999995562
0.999999137
0.99999984
0.999999986
0.999999998
1
1
1
1
1
1
1
1
1
1
1
1
1
1
1
1
1
1
1
1
1
1
1
1
1
1
0.999996111
0.999999257
0.999999864
0.999999989
0.999999998
1
1
1
1
1
1
1
1
1
1
1
1
1
1
1
1
1
1
1
1
1
1
1
1
1
1
0.999996594
0.999999362
0.999999885
0.999999991
0.999999999
1
1
1
1
1
1
1
1
1
1
1
1
1
1
1
1
1
1
1
1
1
1
1
1
1
1
0.999997019
0.999999451
0.999999903
0.999999992
0.999999999
1
1
1
1
1
1
1
1
1
1
1
1
1
1
1
1
1
1
1
1
1
1
1
1
1
1
0.999997392
0.999999529
0.999999918
0.999999994
0.999999999
1
1
1
1
1
1
1
1
1
1
1
1
1
1
1
1
1
1
1
1
1
1
1
1
1
1
0.99999772
0.999999596
0.999999931
0.999999995
0.999999999
1
1
1
1
1
1
1
1
1
1
1
1
1
1
1
1
1
1
1
1
1
1
1
1
1
1
0.999998008
0.999999654
0.999999942
0.999999996
0.999999999
1
1
1
1
1
1
1
1
1
1
1
1
1
1
1
1
1
1
1
1
1
1
1
1
1
1
0.999998261
0.999999703
0.999999951
0.999999997
1
1
1
1
1
1
1
1
1
1
1
1
1
1
1
1
1
1
1
1
1
1
1
1
1
1
1
0.999998483
0.999999746
0.999999959
0.999999997
1
1
1
1
1
1
1
1
1
1
1
1
1
1
1
1
1
1
1
1
1
1
1
1
1
1
1
0.999998677
0.999999783
0.999999965
0.999999998
1
1
1
1
1
1
1
1
1
1
1
1
1
1
1
1
1
1
1
1
1
1
1
1
1
1
1
0.999998847
0.999999814
0.999999971
0.999999998
1
1
1
1
1
1
1
1
1
1
1
1
1
1
1
1
1
1
1
1
1
1
1
1
1
1
1
0.999998996
0.999999841
0.999999975
0.999999998
1
1
1
1
1
1
1
1
1
1
1
1
1
1
1
1
1
1
1
1
1
1
1
1
1
1
1
0.999999126
0.999999865
0.999999979
0.999999999
1
1
1
1
1
1
1
1
1
1
1
1
1
1
1
1
1
1
1
1
1
1
1
1
1
1
1
0.99999924
0.999999884
0.999999983
0.999999999
1
1
1
1
1
1
1
1
1
1
1
1
1
1
1
1
1
1
1
1
1
1
1
1
1
1
1
0.999999339
0.999999901
0.999999986
0.999999999
1
1
1
1
1
1
1
1
1
1
1
1
1
1
1
1
1
1
1
1
1
1
1
1
1
1
1
0.999999426
0.999999916
0.999999988
0.999999999
1
1
1
1
1
1
1
1
1
1
1
1
1
1
1
1
1
1
1
1
1
1
1
1
1
1
1
0.999999502
0.999999929
0.99999999
0.999999999
1
1
1
1
1
1
1
1
1
1
1
1
1
1
1
1
1
1
1
1
1
1
1
1
1
1
1
0.999999568
0.999999939
0.999999992
1
1
1
1
1
1
1
1
1
1
1
1
1
1
1
1
1
1
1
1
1
1
1
1
1
1
1
1
0.999999625
0.999999948
0.999999993
1
1
1
1
1
1
1
1
1
1
1
1
1
1
1
1
1
1
1
1
1
1
1
1
1
1
1
1
0.999999675
0.999999956
0.999999994
1
1
1
1
1
1
1
1
1
1
1
1
1
1
1
1
1
1
1
1
1
1
1
1
1
1
1
1
0.999999719
0.999999963
0.999999995
1
1
1
1
1
1
1
1
1
1
1
1
1
1
1
1
1
1
1
1
1
1
1
1
1
1
1
1
0.999999757
0.999999968
0.999999996
1
1
1
1
1
1
1
1
1
1
1
1
1
1
1
1
1
1
1
1
1
1
1
1
1
1
1
1
0.999999789
0.999999973
0.999999997
1
1
1
1
1
1
1
1
1
1
1
1
1
1
1
1
1
1
1
1
1
1
1
1
1
1
1
1
0.999999818
0.999999977
0.999999997
1
1
1
1
1
1
1
1
1
1
1
1
1
1
1
1
1
1
1
1
1
1
1
1
1
1
1
1
0.999999843
0.999999981
0.999999998
1
1
1
1
1
1
1
1
1
1
1
1
1
1
1
1
1
1
1
1
1
1
1
1
1
1
1
1
0.999999864
0.999999984
0.999999998
1
1
1
1
1
1
1
1
1
1
1
1
1
1
1
1
1
1
1
1
1
1
1
1
1
1
1
1
0.999999883
0.999999986
0.999999998
1
1
1
1
1
1
1
1
1
1
1
1
1
1
1
1
1
1
1
1
1
1
1
1
1
1
1
1
0.999999899
0.999999988
0.999999999
1
1
1
1
1
1
1
1
1
1
1
1
1
1
1
1
1
1
1
1
1
1
1
1
1
1
1
1
0.999999913
0.99999999
0.999999999
1
1
1
1
1
1
1
1
1
1
1
1
1
1
1
1
1
1
1
1
1
1
1
1
1
1
1
1
0.999999925
0.999999992
0.999999999
1
1
1
1
1
1
1
1
1
1
1
1
1
1
1
1
1
1
1
1
1
1
1
1
1
1
1
1
0.999999935
0.999999993
0.999999999
1
1
1
1
1
1
1
1
1
1
1
1
1
1
1
1
1
1
1
1
1
1
1
1
1
1
1
1
0.999999945
0.999999994
0.999999999
1
1
1
1
1
1
1
1
1
1
1
1
1
1
1
1
1
1
1
1
1
1
1
1
1
1
1
1
0.999999952
0.999999995
0.999999999
1
1
1
1
1
1
1
1
1
1
1
1
1
1
1
1
1
1
1
1
1
1
1
1
1
1
1
1
0.999999959
0.999999996
1
1
1
1
1
1
1
1
1
1
1
1
1
1
1
1
1
1
1
1
1
1
1
1
1
1
1
1
1
0.999999965
0.999999997
1
1
1
1
1
1
1
1
1
1
1
1
1
1
1
1
1
1
1
1
1
1
1
1
1
1
1
1
1
0.99999997
0.999999997
1
1
1
1
1
1
1
1
1
1
1
1
1
1
1
1
1
1
1
1
1
1
1
1
1
1
1
1
1
0.999999974
0.999999998
1
1
1
1
1
1
1
1
1
1
1
1
1
1
1
1
1
1
1
1
1
1
1
1
1
1
1
1
1
0.999999978
0.999999998
1
1
1
1
1
1
1
1
1
1
1
1
1
1
1
1
1
1
1
1
1
1
1
1
1
1
1
1
1
0.999999981
0.999999998
1
1
1
1
1
1
1
1
1
1
1
1
1
1
1
1
1
1
1
1
1
1
1
1
1
1
1
1
1
0.999999984
0.999999999
1
1
1
1
1
1
1
1
1
1
1
1
1
1
1
1
1
1
1
1
1
1
1
1
1
1
1
1
1
0.999999986
0.999999999
1
1
1
1
1
1
1
1
1
1
1
1
1
1
1
1
1
1
1
1
1
1
1
1
1
1
1
1
1
0.999999988
0.999999999
1
1
1
1
1
1
1
1
1
1
1
1
1
1
1
1
1
1
1
1
1
1
1
1
1
1
1
1
1
0.99999999
0.999999999
1
1
1
1
1
1
1
1
1
1
1
1
1
1
1
1
1
1
1
1
1
1
1
1
1
1
1
1
1
0.999999991
0.999999999
1
1
1
1
1
1
1
1
1
1
1
1
1
1
1
1
1
1
1
1
1
1
1
1
1
1
1
1
1
0.999999993
0.999999999
1
1
1
1
1
1
1
1
1
1
1
1
1
1
1
1
1
1
1
1
1
1
1
1
1
1
1
1
1
0.999999994
1
1
1
1
1
1
1
1
1
1
1
1
1
1
1
1
1
1
1
1
1
1
1
1
1
1
1
1
1
1
0.999999995
1
1
1
1
1
1
1
1
1
1
1
1
1
1
1
1
1
1
1
1
1
1
1
1
1
1
1
1
1
1
0.999999995
1
1
1
1
1
1
1
1
1
1
1
1
1
1
1
1
1
1
1
1
1
1
1
1
1
1
1
1
1
1
0.999999996
1
1
1
1
1
1
1
1
1
1
1
1
1
1
1
1
1
1
1
1
1
1
1
1
1
1
1
1
1
1
0.999999997
1
1
1
1
1
1
1
1
1
1
1
1
1
1
1
1
1
1
1
1
1
1
1
1
1
1
1
1
1
1
0.999999997
1
1
1
1
1
1
1
1
1
1
1
1
1
1
1
1
1
1
1
1
1
1
1
1
1
1
1
1
1
1
0.999999998
1
1
1
1
1
1
1
1
1
1
1
1
1
1
1
1
1
1
1
1
1
1
1
1
1
1
1
1
1
1
0.999999998
1
1
1
1
1
1
1
1
1
1
1
1
1
1
1
1
1
1
1
1
1
1
1
1
1
1
1
1
1
1
