0.0
0.001097204
0.001181914
0.00145706
0.00150269
0.001811436
0.001915265
0.002216253
0.002572616
0.003180229
0.003411828
0.003802518
0.004487822
0.005057435
0.005633777
0.006068238
0.007103072
0.008493477
0.009483337
0.010727633
0.01252221
0.016643619999999998
0.015110823
0.01991313
0.019021659
0.026393733000000003
0.024752734
0.031930497
0.031115759
0.038396879
0.039995833
0.004899185
0.00564486
0.006477528
0.007819958
0.008527534
0.013714134
0.011127824
0.01251198
0.01948919
0.01527682
0.017753636
0.027608115000000003
0.023264135
0.026284173
0.038859903
0.039301109
0.037113904
0.059228038
0.047028563
0.061728936
0.074141933
0.075131267
0.074753983
0.11047957300000001
0.095174335
0.004566819
0.005829227
0.007469602
0.009781442
0.012804287
0.016600868
0.02089417
0.022881031
0.033767092
0.043213779
0.034131293
0.038428539
0.043808325
0.086179446
0.053767542
0.068587225
0.06769106
0.113725044
0.099476326
0.10468327
0.103103075
0.165500996
0.13755361600000002
0.016493682
0.011240184
0.015030801
0.016590619
0.021366901
0.023897416
0.029405193
0.060687473
0.042952982
0.048109577
0.07018384
0.098788927
0.066181896
0.119207357
0.08209157
0.103857279
0.18037478199999998
0.122600352
0.118123718
0.177828443
0.163685719
0.008672928
0.009352198
0.011966468
0.013675766
0.019972115
0.036260039
0.025534645
0.031862114
0.034954279
0.055649633
0.049911844
0.055526884
0.061942577
0.09775371800000002
0.074611915
0.16797942300000002
0.090556178
0.125837959
0.124709255
0.130110271
0.121409594
0.26689978
0.185436697
0.017881618
0.022982486
0.029146618
0.049938170999999996
0.039564263
0.08908559399999999
0.055102385
0.060799613
0.088489336
0.079325919
0.181081549
0.0936195
0.178047905
0.163541149
0.12900783400000002
0.115395029
0.237427051
0.224131876
0.011431089
0.012406185
0.017954121
0.032006825
0.025637917
0.032224965
0.060864386000000006
0.053393671000000004
0.043258293
0.058620305
0.064063194
0.08509402399999999
0.170103365
0.080704616
0.092076028
0.14364472999999991
0.16863478299999998
0.121499929
0.102994627
0.257810928
0.100684073
0.019812039
0.027948181
0.034786058
0.038255591
0.046063792
0.060584998
0.065490372
0.117112943
0.132830823
0.079234478
0.086900767
0.150034717
0.295237633
0.109880023
0.087106311
0.151017435
0.11021458599999989
0.015052343
0.023842193
0.02992124
0.036846294
0.071047149
0.048018299
0.084646525
0.061142754
0.065290295
0.097672856
0.0754713870000001
0.125518777
0.079139883
0.2006002190000001
0.1069219549999999
0.0962331069999999
0.070213441
0.1735317189999999
0.076372303
0.020430868
0.037032616000000004
0.031565375
0.072820302
0.038424555
0.10061218499999999
0.065593282
0.078082927
0.060462637
0.08100132300000001
0.13142394999999998
0.112044638
0.0699968559999999
0.2302851329999999
0.0698068070000001
0.16932379099999997
0.128290664
0.100720817
0.0541597229999999
0.2269254590000001
0.087900878
0.015868177
0.017309457
0.02168381
0.04188472
0.032890197
0.039543172
0.046333443
0.06967021600000001
0.053299299
0.0587293680000001
0.081863042
0.108183767
0.063376729
0.1485433200000001
0.059800659
0.076993733
0.09534625399999999
0.09077312600000001
0.040095399
0.166216368
0.025785599
0.033907112
0.040228107
0.073294056
0.056135237
0.081954569
0.137973272
0.05612748
0.17992541299999998
0.0498539259999999
0.1708289089999999
0.08222238400000001
0.028552522
0.12607316799999999
0.1044417210000001
0.019186119
0.023762573
0.026401647
0.05891966
0.034629454
0.040508712
0.071423847
0.07708848600000001
0.0507439119999999
0.052872183
0.081950303
0.052113675
0.09836582099999999
0.048692432
0.140657266
0.040509593
0.085070914
0.071405289
0.0755155919999999
0.019592403
0.10066918800000019
0.00959558999999999
0.035072431
0.040417242
0.075400617
0.0797367139999999
0.049124702
0.0804361829999999
0.137752183
0.041428385
0.0321234020000001
0.078270089
0.1419118790000001
0.0688350870000001
0.0129729439999999
0.13519168700000006
0.005460935
0.020690321
0.025286541
0.035252965
0.039988242
0.082031234
0.09303275899999988
0.045064004
0.078549914
0.141099964
0.034601725
0.0248845099999999
0.12410030999999999
0.067827042
0.06317103900000001
0.00829857600000006
0.1336362370000001
0.04889908500000005
0.035189446
0.03925785
0.040738823
0.0824557570000001
0.0408435890000001
0.0746025010000001
0.08461486799999998
0.028392302
0.018847073
0.0648241609999998
0.05642334099999996
0.00513344100000002
0.04946512300000004
0.025049702999999958
0.017935277
0.021832947
0.026281139
0.030535114
0.034901449
0.038263109
0.0402319760000001
0.0406916859999999
0.040039453
0.0764917590000001
0.036596293
0.0692586359999999
0.0304451490000001
0.077435041
0.0229029470000001
0.0674795360000001
0.0139659950000001
0.0569692829999999
0.00755977800000007
0.0492143140000001
0.00307338800000001
0.04303831799999994
0.000774045000000001
0.030549364
0.034409436
0.037041276
0.08883481099999999
0.086279631
0.032432762
0.060521936
0.077169417
0.0181723859999999
0.10602534300000001
0.010131511
0.09140570999999992
0.05040818399999996
0.04034620900000009
0.00178215199999998
0.07465403599999988
0.02224451499999993
0.018828418
0.02262902
0.026780905
0.030412082
0.03373444
0.035629172
0.0358041370000001
0.033532903
0.028441156
0.025174434
0.021463486
0.0562478430000001
0.014189611
0.04633826
0.007199077
0.03752154500000014
0.00322727899999997
0.031769194999999924
0.00100153699999994
0.02737733200000006
0.000170613000000097
0.045659305
0.051846645
0.052865546
0.09956993299999989
0.042336935
0.08231251
0.075600831
0.0273327019999999
0.13238468300000023
0.020730438
0.04391882199999997
0.06696535899999995
0.03874938299999997
0.014724859000000045
0.06437304999999989
0.03874812899999993
0.0430325
0.04994357
0.0520038710000001
0.05216783
0.0503174459999998
0.039362899
0.0318047469999999
0.02483911100000009
0.019133854999999967
0.06992318399999982
0.04486498600000014
0.033166044000000075
0.014167897000000117
0.051808579999999896
0.012974684000000129
0.048416948
0.051978568999999905
0.0512092559999999
0.048415032
0.0432029779999999
0.0362687309999999
0.068002756
0.022359578999999928
0.01743013000000001
0.01600702300000004
0.040786878
0.028855848000000024
0.01314092599999992
0.04491934299999997
0.011948736000000048
0.02326292
0.049624082
0.051368274
0.0518427209999999
0.050221729000000104
0.046601696
0.040737882
0.033610429
0.02641891699999998
0.02048602200000008
0.016220913999999968
0.013922822999999957
0.013061951999999967
0.012344849000000033
0.02344756500000003
0.011104261000000018
0.051145000999999995
0.0486324969999999
0.030579565000000003
0.05211448300000002
0.0183192399999998
0.014620632000000045
0.053724638999999866
0.011049665000000044
0.020578015999999887
0.02846360899999999
0.025768868
0.0519787819999999
0.0505562370000001
0.049279105999999795
0.047162948999999996
0.041983832
0.039029876
0.035085091
0.027854277
0.02439229099999992
0.02131743900000002
0.03147186800000002
0.01638445700000005
0.04585009100000012
0.013098803000000029
0.034397711999999914
0.011154678999999959
0.020895102999999964
0.009653193999999973
0.03457426900000004
0.011035595999999927
0.026000274
0.050313526
0.049262332
0.045020328
0.042373854
0.035983508
0.031939478
0.02481427400000001
0.02152572100000007
0.0186817420000001
0.028277301999999983
0.014225047999999879
0.03780369099999994
0.011319064999999942
0.020765654999999963
0.018441716000000108
0.018192697999999896
0.008066935
0.020575043999999987
0.006828864000000041
0.025255382
0.047499693999999995
0.042538699000000096
0.0361945600000001
0.0328553329999999
0.02536527499999993
0.02193202199999996
0.01886640099999996
0.016278416999999948
0.01230717599999986
0.02154279800000001
0.009751861000000025
0.02597476000000009
0.00808482099999996
0.015789849000000022
0.006735140999999946
0.014631466999999945
0.012522643000000055
0.045108802
0.039471203999999996
0.0363208850000001
0.029290617999999997
0.01876155600000006
0.01594535000000009
0.03469411899999991
0.010133805000000051
0.007918104000000039
0.01564052000000004
0.031701497000000134
0.013250551999999914
0.005227620999999962
0.020184729000000005
0.004220695999999964
0.021399343
0.039983872000000004
0.036521924
0.0331637800000001
0.0294233
0.025934810000000003
0.02203332800000002
0.018879808
0.01584345400000002
0.01326594600000006
0.01118361900000008
0.019141862999999988
0.008114860000000059
0.015952170999999904
0.006183568999999939
0.013120129999999789
0.004863691000000059
0.010873637999999963
0.0038150440000000994
0.008699324999999921
0.0029646670000000857
0.0332315549999999
0.03506576300000014
0.01305852799999996
0.020869108999999948
0.006305466999999901
0.0046751520000000175
0.027008993000000158
0.01431173699999988
0.014734619999999926
0.002691585999999862
0.014117755999999876
0.007227662999999995
0.014734888
0.025967999999999998
0.022238935
0.01890741500000004
0.015427973999999949
0.01275696300000017
0.01028109899999985
0.00828626700000013
0.00674779000000003
0.013709423
0.004589603000000002
0.01117920499999991
0.003287009000000004
0.008877006999999928
0.0024078830000000516
0.007062753999999999
0.00174928500000004
0.00539515999999984
0.0012544800000000617
0.011255867
0.01575186699999998
0.00801108300000008
0.00631366799999989
0.011526330000000029
0.003297573999999969
0.0022774230000000032
0.007275244999999874
0.005678402000000022
0.001115957999999969
0.004246852000000074
0.002620042999999963
0.00774739700000004
0.023491812000000188
0.019921248000000058
0.00583649599999991
0.012511283000000145
0.00343710899999994
0.0021170889999999596
0.013311315000000155
0.0013840800000000048
0.005853049000000061
0.0039395380000000185
0.00835654099999994
0.0006047850000000519
0.00659164599999985
0.0033988689999999732
0.00497655399999997
0.00744727700000003
0.01434791399999991
0.00417829400000002
0.003067767000000107
0.008026780999999992
0.007901254999999933
0.001318788000000075
0.00967629800000003
0.0008124219999999793
0.004783920000000049
0.001996397999999959
0.0036063939999998497
0.0003137260000000146
0.003114966000000054
0.000189590999999933
0.00273373499999996
0.001901551999999976
0.007583713000000042
0.015138735999999934
0.000704369999999899
0.0004015790000000406
0.009830230000000051
0.0062006739999999035
0.0029117989999999355
0.00013390900000009845
0.0087716539999999
7.49290000000569e-05
0.001859120000000105
0.006974116000000084
0.009335230999999888
0.0004053820000000651
0.013127799000000166
0.00021815999999996692
0.005748768999999982
0.0045604290000000915
6.515699999998231e-05
0.002997012999999992
0.00260500900000005
0.000576534000000017
0.000708898999999929
0.00044629299999998705
0.0047938800000000325
0.0001856849999999353
0.0037871990000000215
8.98149999999376e-05
0.0027793240000000296
4.5226999999981e-05
0.0019907319999998866
2.22759999999322e-05
0.0013617990000000014
1.06779999999862e-05
0.000199221000000027
0.003469220000000052
0.00416315800000011
7.808099999995206e-05
0.00489843400000012
3.317699999993987e-05
0.002361394999999987
0.0005724810000000686
0.0016557030000000654
6.72199999995904e-06
0.0012560030000000584
2.9009999999996e-06
5.93580000000093e-05
0.01034881100000018
3.188900000006266e-05
0.004536853000000055
1.167800000001497e-05
0.0034152159999998287
0.0009187630000000451
0.0022169529999998033
1.94200000003253e-06
0.0014903529999997773
0.0010768150000000079
0.0061290390000000635
0.0028311469999999775
0.0021872010000000314
0.0038535659999999836
0.00422857800000032
0.002596905999999958
0.0012594389999999146
0.002051086000000149
0.0012038009999999497
1.80399999993863e-06
0.0021301540000000507
6.260000000590799e-07
0.0014576269999999603
1.8400000001418e-07
0.0009473049999998431
5.499999999881e-08
0.000593148000000099
1.500000001986e-08
0.0015868079999998806
0.004143065999999923
0.0018348579999998256
0.0020742230000000417
0.0008430809999999681
0.0014173840000000215
0.0006013010000001094
7.99999999579e-09
0.0010412930000000024
2.00000005446e-09
0.000639803999999966
9.9999997172e-10
0.000381536999999987
0.0
0.000874857999999978
0.0017364849999998986
0.001132289000000064
0.000506573999999982
0.0007482530000000316
0.0004273960000000803
0.000562130000000049
0.0004810910000000448
0.0
0.0008011219999998206
0.0003223680000000733
0.000342834999999986
0.000275885999999947
0.0004183610000000337
0.000176218999999977
0.0
0.000148553000000051
0.0
0.00011954799999991404
0.00027869199999996886
0.0
0.00777406600000008
0.020101001
0.006644274999999979
0.00937532899999993
0.00384949000000001
0.00549323899999999
0.00400215899999989
0.001284853000000029
0.0007914150000000174
0.0017931700000000084
0.001001505000000068
0.0011862209999998767
0.0002956189999999688
0.001439914000000097
0.000174872999999964
0.0007758230000000092
0.00011663200000011639
0.0004492480000000128
5.69080000000222e-05
0.0002670519999998784
3.1369999999975056e-05
0.012008672
0.00997785700000009
0.00720966499999998
0.00458825400000007
0.00227865100000002
0.000887379000000021
0.000247637999999939
0.000112300000000065
0.0017510629999999419
0.0006808940000000427
4.981000000015e-06
2.1952999999963508e-05
2.8499999993326e-07
0.0011948299999998686
4.99999996961e-09
0.00042602399999991364
0.0
0.000235296000000051
4.63019999999981e-05
0.00011095900000002115
0.0
5.360400000009596e-05
8.10959999999472e-05
0.00524280599999993
0.00659085000000003
0.0049152709999998895
0.002649455000000027
0.001944845999999888
0.0010337870000000078
0.002875069000000009
0.0004444949999999889
0.00033773800000003163
0.00025575300000013596
0.000803160999999997
0.00014398099999990443
0.0007425910000000707
7.88990000000211e-05
0.0002463129999998867
0.0002453879999999573
0.00011737400000011439
2.18419999999941e-05
5.71029999999472e-05
1.729800000005439e-05
0.0117301959999999
0.011087655
0.00991197499999996
0.00891639
0.00759203399999997
0.00616638999999997
0.00478102700000005
0.00373771999999994
0.00267510699999995
0.00173227600000003
0.00108540800000001
0.000619241999999964
0.000344366999999957
0.000154399999999999
6.52129999999529e-05
2.19310000000306e-05
8.95300000003374e-06
2.26199999997512e-06
4.929999999348e-07
1.0399999994526e-07
0.0005008619999999909
1.00000008274e-09
0.000293146999999938
0.0
0.000152926000000053
0.0
6.81059999999567e-05
0.0
3.11290000000186e-05
0.0
0.00336252500000001
0.0036600209999999604
0.0018512070000000738
0.00250407600000013
0.0010176139999999996
0.0002640480000000164
0.00019721200000000243
0.0003100990000000079
7.60100000000152e-05
0.0003387580000000496
3.9106000000011e-05
0.00023128900000002318
2.344200000004013e-05
6.678199999998738e-05
9.48400000000404e-06
3.039099999990751e-05
4.275399999986722e-05
0.00896282999999998
0.00792136100000007
0.00523567000000003
0.00898685600000004
0.00130275899999999
0.00042638099999992
9.46419999999781e-05
0.0011714370000000015
0.0005617999999999455
1.00000000002876e-06
0.0004610830000000287
6.41999999995146e-06
9.9999997172e-10
0.00038193599999980564
0.0
0.00023514200000007669
2.717200000001977e-05
9.82059999999895e-05
0.0
9.726199999993139e-05
2.00000005446e-09
0.00256135000000002
0.0011906540000000691
0.000814375000000034
0.0003784630000001063
0.00013657900000008124
9.760999999985916e-05
0.0003585189999999462
3.42749999999725e-05
1.64099999999667e-05
9.192300000004923e-05
0.00020281299999991287
3.6993999999901404e-05
3.42799999997201e-06
4.639600000000404e-05
1.49599999998973e-06
0.00931871499999992
0.00699713200000007
0.00441360099999999
0.002416839
0.000969361000000002
0.000289733000000014
5.70440000000616e-05
0.0007816889999999744
4.299999999402e-07
7.400000001656e-08
1.199999999368e-08
0.0003985950000000573
0.0
0.00013521400000005018
0.0
6.402700000007756e-05
7.88000000007116e-06
2.45229999999985e-05
0.0
9.980000000076041e-06
1.73580000000229e-05
0.000832875000000066
0.003123319999999927
0.000679936999999909
0.000434080000000004
0.0012244000000001254
0.0001739590000000571
0.00011460200000001949
0.0004182120000000289
5.228699999992873e-05
3.522200000005688e-05
9.11700000000293e-05
0.0002291960000000427
1.02809999998899e-05
0.0001307649999999776
4.32100000002933e-06
5.358600000004991e-05
2.63400000000136e-06
1.988799999996796e-05
6.8300000000132e-07
7.88200000012563e-06
2.5699999994799e-07
0.00933333600000008
0.008484351
0.00721967400000001
0.00614604799999996
0.00494531899999995
0.00369439300000007
0.00263646699999998
0.00191885899999999
0.00125955099999997
0.000713741999999962
0.000392344999999961
0.000194325000000051
9.29790000000486e-05
3.38140000000209e-05
1.1363000000042e-05
2.94499999997644e-06
9.9700000000258e-07
1.80999999988e-07
2.700000001354e-08
3.99999999789e-09
0.0001784799999999807
0.0
8.99770000000188e-05
0.0
4.03270000000067e-05
0.0
1.43369999999754e-05
0.0
5.49399999993927e-06
0.0
0.001737775000000051
0.00034981499999997556
0.00011558000000000373
6.428599999996895e-05
4.434600000002842e-05
4.504300000007788e-05
1.855800000005731e-05
1.7467000000159792e-05
1.751699999996692e-05
0.00857816599999994
0.00769020800000009
0.00643266100000006
0.00536870600000006
0.00423558300000004
0.00307091599999998
0.00212843899999993
0.001510856
0.000962487000000012
0.000520102000000078
0.000272966000000041
0.000128663000000029
5.83859999999659e-05
1.97170000000302e-05
6.10800000000467e-06
1.4440000000171e-06
4.590000000082e-07
7.299999993382e-08
9.99999993923e-09
9.9999997172e-10
0.000123569999999962
0.0
5.90790000000174e-05
0.0
2.51159999999917e-05
0.0
8.23799999993824e-06
0.0
2.96899999996381e-06
0.0
0.000104192000000003
0.0001137019999999378
0.0006146200000000104
3.195099999997452e-05
1.821399999990541e-05
0.00017882299999993922
6.54399999999722e-06
3.9259999999874395e-06
2.813400000012396e-05
0.0001037470000000426
8.0099999999472e-07
5.229199999989832e-05
2.6300000000035e-07
1.986099999995438e-05
2.6399999986104e-07
6.25099999995715e-06
2.399999998737e-08
2.1850000000434e-06
6.99999991305e-09
0.009635489
0.00346550399999989
0.001845965000000005
0.0009994490000000413
0.0007299539999998657
0.000181925000000138
0.00011609899999986952
5.30720000000429e-05
2.74089999999783e-05
3.6125999999914144e-05
1.486900000002845e-05
1.4285000000002771e-05
6.69799999997167e-06
6.6269999998702695e-06
3.17099999991299e-06
2.82930000000681e-05
1.257900000006802e-05
2.03800000009302e-06
1.14600000000742e-06
7.000500000009509e-05
1.9200000000996e-07
5.499999999881e-08
1.2044999999960561e-05
3.48399999994253e-06
3.99999999789e-09
1.14200000000953e-06
6.600000002077e-08
0.004030529
0.00207877199999995
0.00135586800000009
0.000267832999999995
5.42909999999841e-05
9.3606999999829e-05
8.800199999992044e-05
1.099999991094e-08
1.8463999999940323e-05
0.0
7.722399999998691e-05
0.0
2.7937000000033458e-05
0.0
2.540500000003389e-05
1.33999999996082e-06
3.04100000003693e-06
0.0
4.42199999994842e-06
0.0
0.00031751500000010114
8.959099999994444e-05
5.4670000000034407e-05
2.2288000000036928e-05
1.060100000005445e-05
1.069399999986676e-05
5.31699999994918e-06
5.1950000000688894e-06
2.18299999998894e-06
2.03100000006895e-06
2.22500000002235e-06
0.00650584200000004
0.00557937200000003
0.00442384900000004
0.00346457200000005
0.00257015700000007
0.00169315200000009
0.00107007400000003
0.000702295999999936
0.000407656000000034
0.000189315999999939
8.5792000000029e-05
3.46090000000743e-05
1.32860000000568e-05
3.54599999996541e-06
8.4799999999774e-07
1.5000000008758e-07
3.900000000723e-08
3.99999999789e-09
0.0
0.0
3.82620000000111e-05
0.0
1.54540000000258e-05
0.0
5.57000000001029e-06
0.0
1.41300000000566e-06
0.0
4.2000000000098e-07
0.0
6.0099999998897e-07
0.0001831659999999017
7.100000010141e-08
3.3999999926590004e-08
5.45199999990587e-06
3.124000000009895e-05
2.99999991515e-09
1.757199999996576e-05
1.00000008274e-09
4.280999999939359e-06
4.875000000126299e-06
1.03799999995324e-06
0.0
2.9999999995312e-07
1.200000010471e-08
0.00296260100000001
0.0031664990000001003
0.001577094000000061
0.0007107990000000399
0.0003295120000000875
0.00015902899999997735
0.00019934400000010122
3.6267000000034244e-05
1.64219999999604e-05
7.15400000006472e-06
2.99999999997524e-06
1.3450000000414498e-06
7.5900000007234e-07
4.7100000000189e-07
5.0099999993058e-07
6.7300000006209e-07
1.000000005025e-08
4.515200000010375e-05
2.469799999993414e-05
9.9999997172e-10
0.0
6.9349999999302e-06
2.41700000003231e-06
2.47799999997245e-06
0.0
1.52899999994461e-06
0.0
0.0053096600000001
0.00441122999999999
0.00336936099999996
0.00252035100000003
0.00179091099999995
0.00110123799999995
0.000651960000000007
0.00040496000000001
0.000220357000000004
9.18159999999668e-05
3.7484000000032e-05
1.35519999999723e-05
4.62100000009347e-06
1.04300000003388e-06
2.0800000000154e-07
3.000000003972e-08
6.00000005235e-09
0.0
0.0
0.0
1.65460000000062e-05
0.0
5.92500000007323e-06
0.0
1.90200000005358e-06
0.0
4.0099999998322e-07
0.0
1.0400000005628e-07
0.0
1.542699999990126e-05
9.554000000022711e-06
2.53800000005189e-06
9.680000000456e-07
2.07900000004368e-06
1.2500000001747e-07
8.000000006891e-08
2.3000000004547e-07
0.00477059400000002
0.00389842499999993
0.00292110000000001
0.00213324199999998
0.00148267800000002
0.00087950399999992
0.000503380000000053
0.000303929999999952
0.000160001999999992
6.30090000000028e-05
2.43680000000523e-05
8.32600000000294e-06
2.66999999998241e-06
5.5300000001424e-07
9.999999994736e-08
1.29999999654e-08
2.00000005446e-09
0.0
0.0
0.0
1.07010000000018e-05
0.0
3.5999999999925e-06
0.0
1.08900000006518e-06
0.0
2.0800000000154e-07
0.0
5.000000002919e-08
0.0
0.0
0.0
1.00499999999837e-06
8.56999999998553e-06
0.0
2.8750000000688003e-06
0.0
8.2000000001248e-07
9.9999997172e-10
1.4899999989382e-07
0.0
3.499999989831e-08
0.0
0.000697924000000016
0.0001956049999999319
7.087800000005194e-05
1.835600000010815e-05
5.314300000003321e-05
3.83300000006415e-06
2.38499999993813e-06
9.49699999985841e-06
4.4599999993178e-07
1.4100000000905e-07
1.8579999998547e-06
5.7000000053259997e-08
1.2900000001537e-07
1.199999999368e-08
1.9999999989473e-07
7.000000001867e-08
0.0
5.5600000004041e-07
5.4539999998493e-06
0.0
2.20299999975637e-06
0.0
4.590000000082e-07
5.4900000001634e-07
7.599999996e-08
0.0
1.69999999633e-08
0.0
0.00216728500000007
0.00150546100000004
0.000962413999999967
2.88270000000646e-05
3.03099999998668e-06
6.58609999999449e-05
3.589500000000801e-05
0.0
6.34500000007421e-06
5.23699999999128e-06
0.0
0.0
3.4999999998231e-07
2.8399999996154e-07
1.7299999999221e-07
0.0
1.1000000010864e-07
0.0
3.0400000006203e-07
8.700000009298e-08
1.04399999989457e-06
2.300000001565e-08
3.5300000011951005e-07
9.99999993922e-09
4.099999995067e-08
2.00000005446e-09
8.999999967510001e-09
2.400000009839e-08
0.00338725600000001
0.00262734399999998
0.00185494100000005
0.00125535100000007
0.000814592000000003
0.000431211999999959
0.000222000999999916
0.000122710000000081
5.83269999999692e-05
1.92209999999582e-05
6.27099999994662e-06
1.79599999994284e-06
4.7499999999978e-07
7.499999998828e-08
1.000000005025e-08
9.9999997172e-10
0.0
0.0
0.0
0.0
2.70999999996135e-06
0.0
7.4900000002209e-07
0.0
1.8799999990105e-07
0.0
2.600000004183e-08
0.0
5.99999994133e-09
0.0
2.30800000000642e-06
1.31500000000173e-06
4.8299999999557e-07
4.2700000002504e-07
1.1700000013271e-07
5.699999994224e-08
3.500000000934e-08
1.900000001775e-08
8.93339999999965e-05
4.56630000000846e-05
1.2444999999972099e-05
3.72899999989685e-06
2.0550000000563097e-06
6.0499999998687e-07
3.1999999994259e-07
1.680000000226e-07
8.600000001024e-08
2.200000004393e-08
4.4399999987732004e-07
4.99999996961e-09
1.0400000005628e-07
9.9999997172e-10
1.29999999654e-08
0.0
2.99999991515e-09
7.99999999579e-09
0.0
3.3300000001901e-07
0.0
7.499999998828e-08
0.0
8.99999996751e-09
0.0
9.9999997172e-10
0.0
0.00264964899999998
0.00198076700000005
0.00134189399999995
0.000860245000000037
0.000532204999999952
0.000259848999999979
0.000124198000000075
6.45529999999672e-05
2.85939999999929e-05
8.30700000009621e-06
2.40500000003863e-06
6.0900000009578e-07
1.4100000000905e-07
1.800000004604e-08
2.00000005446e-09
0.0
0.0
0.0
0.0
0.0
1.02800000001402e-06
0.0
2.4700000000877e-07
0.0
5.400000002709e-08
0.0
5.99999994133e-09
0.0
1.00000008274e-09
0.0
1.059999998887e-07
8.100000004063e-08
2.400000009839e-08
9.00000007853e-09
5.99999994133e-09
1.99999994344e-09
0.000707004000000011
0.000199857000000025
5.3850000000244e-06
3.4800000003887e-07
8.99999996751e-09
0.0
9.3300000003627e-07
0.0
0.0
0.0
6.569999999595e-07
0.0
1.3899999995459e-07
0.0
9.499999997775e-08
9.9999997172e-10
2.99999991515e-09
0.0
5.99999994133e-09
0.0
0.0
2.100000007221e-08
0.0
2.00000005446e-09
0.0
1.00000008274e-09
0.0
3.45899999998345e-06
1.06500000007782e-06
2.0499999997536e-07
9.300000003432e-08
4.1240000000497495e-06
1.2700000007193e-07
7.99999999579e-09
3.00000002618e-09
2.00000005446e-09
4.3499999990981997e-07
0.0
7.800000001446e-08
0.0
1.500000001986e-08
0.0
1.99999994344e-09
0.0
0.0
9.9999997172e-10
1.100000002197e-08
2.100000007221e-08
3.999999886869999e-09
9.9999997172e-10
9.9999997172e-10
0.0
0.00178759299999998
0.00126037800000001
0.000800695000000018
0.000470813999999931
0.000270402999999919
0.000116086000000015
4.9361000000081e-05
2.33029999999745e-05
9.25399999995857e-06
2.20099999992396e-06
5.2800000005515e-07
1.1000000010863e-07
2.099999996119e-08
2.00000005446e-09
0.0
0.0
0.0
0.0
0.0
0.0
2.2200000004968e-07
0.0
4.300000000512e-08
0.0
7.99999999579e-09
0.0
0.0
0.0
0.0
0.0
0.0
3.99999999789e-09
0.0
1.00000008274e-09
0.0
0.000381515000000054
3.58029999999454e-05
1.38800000004657e-06
6.100000005116e-08
1.24399999990033e-06
2.0099999997747e-07
0.0
8.99999996751e-09
1.6099999999852e-07
1.3199999993053e-07
0.0
0.0
3.99999999789e-09
3.00000002618e-09
1.00000008274e-09
0.0
0.0
0.0
0.0
0.0
0.0
0.0
3.400000003762e-08
5.00000008063e-09
2.00000005446e-09
1.12000000007662e-06
1.69999999633e-08
0.0
0.0
0.0
8.499999992751e-08
0.0
1.29999999654e-08
0.0
1.99999994344e-09
0.0
0.0
0.0
0.0
0.0
0.0
0.0
0.0
0.000247061000000048
4.91259999999549e-05
5.3699999991164e-07
1.800000004604e-08
9.9999997172e-10
6.400000007734e-08
0.0
0.0
0.0
4.499999994856e-08
0.0
7.00000002407e-09
0.0
4.00000010892e-09
0.0
0.0
0.0
0.0
0.0
0.0
0.0
0.00101056700000002
0.000655190999999999
0.000380396000000061
0.000197451999999987
0.00010217400000001
3.64480000000222e-05
1.31260000000299e-05
5.41300000000966e-06
1.84600000008306e-06
3.2999999999284e-07
6.099999994014e-08
1.000000005025e-08
9.9999997172e-10
0.0
0.0
0.0
0.0
0.0
0.0
0.0
2.499999995909e-08
0.0
3.99999999789e-09
0.0
9.9999997172e-10
0.0
0.0
0.0
0.0
0.0
0.0
3.500000000933e-08
3.9799999995704e-07
0.0
2.399999998737e-08
9.9999997172e-10
0.0
2.99999991516e-09
0.0
0.0
0.0
0.0
0.0
0.0
0.0
0.0001161130000000287
1.370300000003156e-05
4.22799999999501e-06
3.4599999998442e-07
8.999999989710999e-08
2.099999996119e-08
9.99999993923e-09
4.99999996961e-09
2.99999991516e-09
9.9999997172e-10
0.0
0.0
0.0
0.0
0.0
0.0
0.00074549200000007
0.000462326999999929
0.000256144000000069
0.000124414999999933
6.09779999999338e-05
1.97129999999213e-05
6.50599999996171e-06
2.49899999993364e-06
7.8800000002932e-07
1.2100000001958e-07
1.900000001775e-08
1.99999994344e-09
0.0
0.0
0.0
0.0
0.0
0.0
0.0
0.0
7.00000002407e-09
0.0
1.00000008274e-09
0.0
0.0
0.0
0.0
0.0
0.0
0.0
0.0
1.500000001986e-08
0.0
0.0
0.0
0.0
9.9999997172e-10
0.0
0.0
0.0
0.0
0.0
0.0
0.0
0.000637314
0.00038631499999997
0.000208984999999995
9.80950000000202e-05
4.67670000000586e-05
1.43719999999847e-05
4.53600000005494e-06
1.68099999997562e-06
5.1000000000911e-07
7.299999993382e-08
1.099999991094e-08
1.99999994344e-09
0.0
0.0
0.0
0.0
0.0
0.0
0.0
0.0
3.99999999789e-09
0.0
9.9999997172e-10
0.0
0.0
0.0
0.0
0.0
0.0
0.0
3.77799999995432e-06
4.2699999991402997e-07
7.099999987936e-08
2.899999995698e-08
5.00000008063e-09
0.0
0.0
9.9999997172e-10
3.00000002618e-09
0.0
0.0
0.0
0.0
0.0
0.0
0.0
0.0
1.500000001986e-08
0.0
9.9999997172e-10
0.0
0.0
0.0
0.0
0.0
0.0
8.84899999997746e-06
2.60799999995953e-06
9.1499999999023e-07
2.5999999997417e-07
3.30000000659e-08
2.41000000000823e-06
1.00000008274e-09
0.0
1.6200000008126e-07
0.0
0.0
3.99999999789e-09
0.0
0.0
0.0
1.99999994344e-09
0.0
0.0
0.0
0.0
0.0
0.0
0.0
0.0
0.0
0.000461491000000036
0.000266921000000031
0.000137547999999987
6.01719999999695e-05
2.71139999999948e-05
7.50699999996218e-06
2.16299999999947e-06
7.4400000005248e-07
2.0800000000154e-07
2.499999995909e-08
3.00000002618e-09
0.0
0.0
0.0
0.0
0.0
0.0
0.0
0.0
0.0
1.99999994344e-09
0.0
0.0
0.0
0.0
0.0
0.0
0.0
0.0
0.0
0.0
0.0
0.0
0.0
0.0
0.0
0.0
0.0
0.0
0.0
0.0
0.00039091400000002
0.000220724000000061
0.000110963999999991
4.68160000000051e-05
2.04990000000072e-05
5.37899999997205e-06
1.47899999991541e-06
4.9000000001964e-07
1.3100000006983e-07
1.500000001986e-08
1.00000008274e-09
9.9999997172e-10
0.0
0.0
0.0
0.0
0.0
0.0
0.0
0.0
9.9999997172e-10
0.0
0.0
0.0
0.0
0.0
0.0
0.0
0.0
0.0
2.198700000000111e-05
1.26499999986151e-06
2.9600000006624e-07
6.399999996631e-08
1.29999999654e-08
2.00000005446e-09
0.0
0.0
0.0
0.0
0.0
0.0
0.0
0.0
0.0
0.0
0.0
0.0
0.0
0.0
0.0
0.0
0.0
0.0
0.0
0.0
0.0
0.0
3.200000009418e-08
3.00000002618e-09
9.9999997172e-10
9.9999997172e-10
0.0
0.0
0.0
0.0
0.0
0.0
0.0
0.0
0.0
0.0
0.000277963999999908
0.000149390000000027
7.1417000000018e-05
2.79690000000166e-05
1.1550999999943e-05
2.71600000001371e-06
6.7800000003171e-07
2.0800000000154e-07
5.100000000091e-08
4.99999996961e-09
1.00000008274e-09
0.0
0.0
0.0
0.0
0.0
0.0
0.0
0.0
0.0
0.0
0.0
0.0
0.0
0.0
0.0
0.0
0.0
0.0
0.0
0.0
0.0
0.0
0.0
0.0
0.0
0.0
0.0
0.0
0.0
0.0
2.14779999999637e-05
7.29100000007588e-06
2.4899999995221e-07
4.500000005958e-08
7.00000002407e-09
2.00000005446e-09
0.0
0.0
0.0
0.0
0.0
0.0
0.0
0.0
0.0
1.99999994344e-09
0.0
0.0
0.0
7.00000002407e-09
0.0
0.0
0.0
0.0
0.0
0.0
0.0
0.0
0.0
0.0
0.0
0.0
0.0
0.0
0.0
0.0
0.0
0.0
0.0
0.0
0.0
0.0
0.0
1.11999999996559e-06
2.4700000000877e-07
6.899999993593e-08
1.499999990884e-08
9.9999997172e-10
2.529999999501e-07
0.0
0.0
9.00000007853e-09
0.0
0.0
9.9999997172e-10
0.0
0.0
0.0
0.0
0.0
0.0
0.0
0.0
0.0
0.0
0.0
0.0
0.0
1.25020000000253e-05
1.51400000003577e-06
9.9999997172e-10
0.0
9.99999993923e-09
0.0
0.0
0.0
0.0
0.0
0.0
0.0
0.0
0.0
0.0
0.0
0.0
0.0
0.0
0.0
0.0
0.0
0.0
0.0
2.83110000000031e-05
9.47800000006271e-06
6.4700000002027e-07
1.78899999991877e-06
1.00000008274e-09
0.0
0.0
2.00000005446e-09
0.0
0.0
0.0
0.0
0.0
0.0
0.0
0.0
0.0
0.0
0.0
0.0
0.0
5.3700000002266e-07
1.0699999997144e-07
2.700000001354e-08
4.99999996961e-09
0.0
1.1399999999551e-07
0.0
0.0
3.99999999789e-09
0.0
0.0
0.0
0.0
0.0
0.0
0.0
0.0
0.0
0.0
0.0
0.0
0.0
0.0
0.0
0.0
0.0
0.0
0.0
0.0
0.0
0.0
0.0
0.0
0.0
0.0
0.0
0.0
0.0
0.0
0.0
0.0
0.0
0.0
0.0
0.0
0.0
0.0
0.0
0.0
0.0
0.0
3.0500000003375e-07
1.7100000004878e-07
6.00000005235e-09
9.9999997172e-10
9.9999997172e-10
0.0
0.0
0.0
0.0
0.0
0.0
0.0
0.0
0.0
0.0
0.0
0.0
0.0
0.0
0.0
0.0
0.0
0.0
0.0
0.0
0.0
0.0
0.0
7.67749999999179e-05
3.42750000000835e-05
1.36189999999647e-05
4.02500000007411e-06
1.34000000007184e-06
2.0800000000154e-07
3.700000006379e-08
7.99999999579e-09
1.00000008274e-09
0.0
0.0
0.0
0.0
0.0
0.0
0.0
0.0
0.0
0.0
0.0
0.0
0.0
0.0
0.0
0.0
0.0
0.0
0.0
0.0
0.0
0.0
0.0
0.0
0.0
0.0
0.0
0.0
0.0
0.0
0.0
0.0
0.0
0.0
0.0
0.0
0.0
0.0
0.0
0.0
7.2600000000644e-07
0.0
0.0
9.9999997172e-10
0.0
0.0
0.0
0.0
0.0
0.0
0.0
0.0
0.0
0.0
0.0
0.0
0.0
0.0
5.17890000000243e-05
2.18469999999638e-05
8.21400000006189e-06
2.22599999999407e-06
6.9600000007775e-07
9.500000008877e-08
1.499999990884e-08
3.00000002618e-09
0.0
0.0
0.0
0.0
0.0
0.0
0.0
0.0
0.0
0.0
0.0
0.0
0.0
0.0
0.0
0.0
0.0
0.0
0.0
0.0
0.0
0.0
0.0
0.0
0.0
0.0
0.0
1.64499999999457e-06
1.219999999913e-07
0.0
0.0
1.00000008274e-09
0.0
0.0
0.0
0.0
0.0
0.0
0.0
0.0
0.0
0.0
0.0
0.0
5.199999997263e-08
7.99999999579e-09
2.00000005446e-09
0.0
0.0
1.000000005025e-08
0.0
0.0
0.0
0.0
0.0
0.0
0.0
0.0
0.0
0.0
0.0
0.0
0.0
0.0
0.0
0.0
0.0
0.0
0.0
0.0
0.0
0.0
0.0
0.0
0.0
0.0
0.0
0.0
0.0
0.0
0.0
0.0
0.0
0.0
0.0
0.0
0.0
2.80879999999817e-05
1.08519999999501e-05
3.7470000000539e-06
8.8799999997669e-07
2.5100000000666e-07
2.799999998526e-08
2.99999991515e-09
9.9999997172e-10
0.0
0.0
0.0
0.0
0.0
0.0
0.0
0.0
0.0
0.0
0.0
0.0
0.0
0.0
0.0
0.0
0.0
0.0
0.0
0.0
0.0
0.0
0.0
0.0
0.0
0.0
2.27769999999738e-05
8.5389999999741e-06
2.86500000001855e-06
6.4799999999199e-07
1.7700000010112e-07
1.899999990673e-08
3.00000002618e-09
1.00000008274e-09
0.0
0.0
0.0
0.0
0.0
0.0
0.0
0.0
0.0
0.0
0.0
0.0
0.0
0.0
0.0
0.0
0.0
0.0
0.0
0.0
0.0
0.0
0.0
0.0
0.0
0.0
0.0
0.0
0.0
0.0
0.0
0.0
0.0
0.0
0.0
1.000000005025e-08
9.9999997172e-10
0.0
0.0
0.0
1.00000008274e-09
0.0
0.0
0.0
0.0
0.0
0.0
0.0
0.0
0.0
0.0
0.0
0.0
0.0
0.0
0.0
0.0
0.0
0.0
0.0
3.4199999998652e-07
7.99999999579e-09
3.500000000934e-08
0.0
0.0
0.0
0.0
0.0
0.0
0.0
0.0
0.0
0.0
0.0
0.0
0.0
0.0
0.0
0.0
0.0
0.0
0.0
0.0
0.0
0.0
0.0
0.0
0.0
0.0
0.0
0.0
0.0
0.0
0.0
0.0
0.0
0.0
0.0
0.0
0.0
4.99999996961e-09
1.00000008274e-09
0.0
0.0
0.0
9.9999997172e-10
0.0
0.0
0.0
0.0
0.0
0.0
0.0
0.0
0.0
0.0
0.0
0.0
0.0
0.0
0.0
0.0
0.0
0.0
0.0
0.0
0.0
0.0
0.0
0.0
0.0
0.0
0.0
0.0
0.0
0.0
0.0
0.0
0.0
7.66200000001938e-06
2.45599999992852e-06
7.1000000001487e-07
1.2700000007193e-07
2.9000000068e-08
2.00000005446e-09
0.0
0.0
0.0
0.0
0.0
0.0
0.0
0.0
0.0
0.0
0.0
0.0
0.0
0.0
0.0
0.0
0.0
0.0
0.0
0.0
0.0
0.0
0.0
0.0
0.0
0.0
0.0
0.0
0.0
0.0
0.0
0.0
0.0
0.0
0.0
0.0
6.11100000003084e-06
1.89700000008397e-06
5.3300000002476e-07
9.000000000814e-08
1.999999998947e-08
2.00000005446e-09
9.9999997172e-10
0.0
0.0
0.0
0.0
0.0
0.0
0.0
0.0
0.0
0.0
0.0
0.0
0.0
0.0
0.0
0.0
0.0
0.0
0.0
0.0
0.0
0.0
0.0
0.0
0.0
0.0
0.0
0.0
0.0
0.0
0.0
0.0
0.0
0.0
6.399999996631e-08
0.0
0.0
0.0
0.0
0.0
0.0
0.0
0.0
0.0
0.0
0.0
0.0
0.0
0.0
0.0
0.0
0.0
0.0
9.9999997172e-10
0.0
0.0
0.0
0.0
0.0
0.0
0.0
0.0
0.0
0.0
0.0
0.0
0.0
0.0
0.0
0.0
0.0
0.0
0.0
0.0
0.0
0.0
0.0
0.0
0.0
0.0
0.0
0.0
0.0
0.0
0.0
0.0
0.0
0.0
0.0
0.0
3.05000000000444e-06
8.5599999999353e-07
2.1999999999522e-07
3.199999998316e-08
6.00000005235e-09
1.00000008274e-09
0.0
0.0
0.0
0.0
0.0
0.0
0.0
0.0
0.0
0.0
0.0
0.0
0.0
0.0
0.0
0.0
0.0
0.0
0.0
0.0
0.0
0.0
0.0
0.0
0.0
0.0
0.0
0.0
0.0
0.0
0.0
0.0
0.0
0.0
0.0
0.0
0.0
0.0
0.0
0.0
0.0
0.0
0.0
0.0
0.0
0.0
0.0
0.0
0.0
6.529999999616e-07
2.300000001565e-08
0.0
0.0
0.0
0.0
0.0
0.0
0.0
0.0
0.0
0.0
0.0
0.0
0.0
0.0
0.0
0.0
0.0
0.0
0.0
0.0
0.0
0.0
0.0
0.0
0.0
0.0
0.0
0.0
0.0
1.599999999158e-08
0.0
0.0
0.0
0.0
0.0
0.0
0.0
0.0
0.0
0.0
0.0
0.0
0.0
0.0
0.0
0.0
0.0
0.0
0.0
0.0
0.0
0.0
0.0
0.0
0.0
0.0
0.0
0.0
0.0
0.0
1.48599999993948e-06
3.7600000002414e-07
8.80000000647e-08
1.100000002197e-08
2.00000005446e-09
0.0
0.0
0.0
0.0
0.0
0.0
0.0
0.0
0.0
0.0
0.0
0.0
0.0
0.0
0.0
0.0
0.0
0.0
0.0
0.0
0.0
0.0
0.0
0.0
0.0
0.0
0.0
0.0
0.0
0.0
0.0
0.0
0.0
0.0
0.0
0.0
0.0
0.0
0.0
0.0
0.0
0.0
0.0
0.0
0.0
0.0
0.0
0.0
0.0
0.0
0.0
0.0
0.0
0.0
0.0
0.0
0.0
0.0
0.0
0.0
0.0
0.0
0.0
0.0
0.0
0.0
0.0
0.0
0.0
0.0
0.0
9.0699999999444e-07
2.1399999994287e-07
4.700000000302e-08
6.00000005235e-09
9.9999997172e-10
0.0
0.0
0.0
0.0
0.0
0.0
0.0
0.0
0.0
0.0
0.0
0.0
0.0
0.0
0.0
0.0
0.0
0.0
0.0
0.0
0.0
0.0
0.0
0.0
0.0
0.0
0.0
0.0
0.0
0.0
3.00000002618e-09
0.0
0.0
0.0
0.0
0.0
0.0
0.0
0.0
0.0
0.0
0.0
0.0
0.0
0.0
0.0
0.0
0.0
0.0
0.0
0.0
0.0
0.0
0.0
0.0
0.0
0.0
0.0
0.0
0.0
0.0
0.0
0.0
0.0
0.0
0.0
0.0
3.00000002618e-09
0.0
0.0
0.0
0.0
0.0
0.0
0.0
0.0
0.0
0.0
0.0
0.0
0.0
0.0
0.0
0.0
0.0
0.0
0.0
0.0
0.0
0.0
0.0
4.2500000008161e-07
8.900000003642e-08
1.799999993501e-08
9.9999997172e-10
0.0
0.0
0.0
0.0
0.0
0.0
0.0
0.0
0.0
0.0
0.0
0.0
0.0
0.0
0.0
0.0
0.0
0.0
0.0
0.0
0.0
0.0
0.0
0.0
0.0
0.0
0.0
0.0
0.0
0.0
0.0
0.0
0.0
0.0
0.0
0.0
0.0
0.0
0.0
0.0
0.0
0.0
0.0
0.0
0.0
0.0
0.0
0.0
0.0
0.0
0.0
0.0
0.0
0.0
0.0
0.0
0.0
0.0
0.0
0.0
4.899999994645e-08
9.9999997172e-10
0.0
0.0
0.0
0.0
0.0
0.0
0.0
0.0
0.0
0.0
0.0
0.0
0.0
0.0
0.0
0.0
0.0
0.0
0.0
0.0
0.0
0.0
0.0
0.0
0.0
0.0
0.0
0.0
0.0
0.0
0.0
0.0
0.0
0.0
0.0
0.0
0.0
0.0
0.0
0.0
0.0
0.0
0.0
0.0
0.0
0.0
1.939999999534e-07
3.700000006379e-08
5.99999994133e-09
9.9999997172e-10
0.0
0.0
0.0
0.0
0.0
0.0
0.0
0.0
0.0
0.0
0.0
0.0
0.0
0.0
0.0
0.0
0.0
0.0
0.0
0.0
0.0
0.0
0.0
0.0
0.0
0.0
0.0
0.0
0.0
0.0
0.0
1.4900000000484e-07
2.699999990252e-08
3.99999999789e-09
0.0
0.0
0.0
0.0
0.0
0.0
0.0
0.0
0.0
0.0
0.0
0.0
0.0
0.0
0.0
0.0
0.0
0.0
0.0
0.0
0.0
0.0
0.0
0.0
0.0
0.0
0.0
0.0
0.0
0.0
0.0
0.0
0.0
0.0
0.0
0.0
0.0
0.0
0.0
0.0
0.0
0.0
1.899999990673e-08
0.0
0.0
0.0
0.0
0.0
0.0
0.0
0.0
0.0
0.0
0.0
0.0
0.0
0.0
0.0
0.0
0.0
0.0
0.0
0.0
0.0
0.0
0.0
0.0
0.0
0.0
0.0
0.0
0.0
0.0
0.0
0.0
0.0
0.0
0.0
0.0
0.0
0.0
0.0
0.0
0.0
0.0
0.0
0.0
0.0
0.0
0.0
0.0
0.0
0.0
0.0
0.0
0.0
0.0
0.0
9.9999997172e-10
0.0
0.0
0.0
0.0
0.0
0.0
0.0
0.0
0.0
0.0
0.0
0.0
0.0
0.0
0.0
0.0
0.0
0.0
0.0
0.0
0.0
0.0
0.0
0.0
0.0
0.0
0.0
0.0
0.0
0.0
0.0
0.0
0.0
0.0
0.0
0.0
0.0
0.0
0.0
0.0
0.0
0.0
0.0
0.0
0.0
0.0
0.0
3.800000003551e-08
4.99999996961e-09
9.9999997172e-10
0.0
0.0
0.0
0.0
0.0
0.0
0.0
0.0
0.0
0.0
0.0
0.0
0.0
0.0
0.0
0.0
0.0
0.0
0.0
0.0
0.0
0.0
0.0
0.0
0.0
0.0
0.0
0.0
0.0
2.9000000068e-08
3.99999999789e-09
0.0
0.0
0.0
0.0
0.0
0.0
0.0
0.0
0.0
0.0
0.0
0.0
0.0
0.0
0.0
0.0
0.0
0.0
0.0
0.0
0.0
0.0
0.0
0.0
0.0
0.0
0.0
0.0
0.0
0.0
0.0
0.0
0.0
0.0
0.0
0.0
0.0
0.0
0.0
0.0
0.0
0.0
0.0
0.0
0.0
0.0
0.0
0.0
0.0
0.0
0.0
0.0
0.0
0.0
0.0
0.0
0.0
0.0
0.0
0.0
0.0
0.0
0.0
1.599999999158e-08
2.00000005446e-09
1.00000008274e-09
0.0
0.0
0.0
0.0
0.0
0.0
0.0
0.0
0.0
0.0
0.0
0.0
0.0
0.0
0.0
0.0
0.0
0.0
0.0
0.0
0.0
0.0
0.0
0.0
0.0
0.0
0.0
0.0
0.0
0.0
0.0
0.0
0.0
0.0
0.0
0.0
0.0
0.0
1.199999999368e-08
2.00000005446e-09
0.0
0.0
0.0
0.0
0.0
0.0
0.0
0.0
0.0
0.0
0.0
0.0
0.0
0.0
0.0
0.0
0.0
0.0
0.0
0.0
0.0
0.0
0.0
0.0
0.0
0.0
0.0
0.0
0.0
0.0
0.0
0.0
0.0
0.0
0.0
0.0
0.0
9.9999997172e-10
0.0
0.0
0.0
0.0
0.0
0.0
0.0
0.0
0.0
0.0
0.0
0.0
0.0
0.0
0.0
0.0
0.0
0.0
0.0
0.0
0.0
0.0
0.0
0.0
0.0
0.0
0.0
0.0
0.0
0.0
0.0
0.0
0.0
0.0
0.0
0.0
0.0
0.0
0.0
0.0
0.0
0.0
0.0
0.0
0.0
0.0
0.0
0.0
0.0
0.0
0.0
0.0
0.0
0.0
0.0
0.0
0.0
0.0
0.0
0.0
0.0
0.0
0.0
0.0
0.0
0.0
0.0
0.0
0.0
0.0
0.0
0.0
0.0
0.0
0.0
0.0
0.0
0.0
0.0
0.0
0.0
0.0
0.0
0.0
0.0
0.0
0.0
0.0
0.0
0.0
0.0
0.0
0.0
0.0
0.0
0.0
0.0
0.0
0.0
0.0
0.0
0.0
0.0
0.0
0.0
0.0
0.0
0.0
0.0
0.0
0.0
0.0
0.0
0.0
0.0
0.0
0.0
0.0
0.0
0.0
0.0
0.0
0.0
0.0
0.0
0.0
0.0
0.0
0.0
0.0
0.0
0.0
0.0
0.0
0.0
0.0
0.0
0.0
0.0
0.0
0.0
0.0
0.0
0.0
0.0
0.0
0.0
0.0
0.0
0.0
0.0
0.0
0.0
0.0
0.0
0.0
0.0
0.0
0.0
0.0
0.0
0.0
0.0
2.00000005446e-09
0.0
0.0
0.0
0.0
0.0
0.0
0.0
0.0
0.0
0.0
0.0
0.0
0.0
0.0
0.0
0.0
0.0
0.0
0.0
0.0
0.0
0.0
0.0
0.0
0.0
0.0
0.0
0.0
0.0
0.0
0.0
0.0
0.0
0.0
0.0
0.0
0.0
0.0
0.0
0.0
0.0
0.0
0.0
0.0
0.0
0.0
0.0
0.0
0.0
0.0
0.0
0.0
0.0
0.0
0.0
0.0
0.0
0.0
0.0
0.0
0.0
0.0
0.0
0.0
0.0
0.0
0.0
0.0
0.0
0.0
0.0
0.0
0.0
0.0
0.0
0.0
0.0
0.0
0.0
0.0
0.0
0.0
0.0
0.0
0.0
0.0
0.0
0.0
0.0
0.0
0.0
0.0
0.0
0.0
0.0
0.0
0.0
0.0
0.0
0.0
0.0
0.0
0.0
0.0
0.0
0.0
0.0
0.0
0.0
0.0
0.0
0.0
0.0
0.0
0.0
0.0
0.0
0.0
0.0
0.0
0.0
0.0
0.0
0.0
0.0
0.0
0.0
0.0
0.0
0.0
0.0
0.0
0.0
0.0
0.0
0.0
0.0
0.0
0.0
0.0
0.0
0.0
0.0
0.0
0.0
0.0
0.0
0.0
0.0
0.0
0.0
0.0
0.0
0.0
0.0
0.0
0.0
0.0
0.0
0.0
0.0
0.0
0.0
0.0
0.0
0.0
0.0
0.0
0.0
0.0
0.0
0.0
0.0
0.0
0.0
0.0
0.0
0.0
0.0
0.0
0.0
0.0
0.0
0.0
0.0
0.0
0.0
0.0
0.0
0.0
0.0
0.0
0.0
0.0
0.0
0.0
0.0
0.0
0.0
0.0
0.0
0.0
0.0
0.0
0.0
0.0
0.0
0.0
0.0
0.0
0.0
0.0
0.0
0.0
