0.0
3.657346666666667e-05
7.597060000000001e-05
0.00012453926666666668
0.00017462893333333333
0.00023501013333333332
0.0002988523
0.0003727274
0.00045848126666666667
0.0005644889
0.0006782165
0.0008049671
0.0009545611666666666
0.0011231423333333333
0.0013109349
0.0015132095
0.0017499785666666666
0.0020330944666666667
0.0023492057
0.0027067934666666666
0.0031242004666666664
0.0036789877999999997
0.0041826819
0.004846452899999999
0.0054805081999999995
0.0063602992999999995
0.007185390433333333
0.008249740333333333
0.0092869323
0.010566828266666667
0.0119000227
0.012063328866666667
0.012251490866666668
0.012467408466666668
0.012728073733333334
0.013012324866666668
0.013469462666666668
0.013840390133333335
0.014257456133333336
0.014907095800000002
0.015416323133333337
0.016008111000000002
0.016928381500000002
0.01770385266666667
0.018579991766666668
0.019875321866666667
0.021185358833333334
0.022422488966666668
0.0243967569
0.025964375666666668
0.028022006866666668
0.030493404633333335
0.0329977802
0.03548957963333333
0.039172232066666667
0.0423447099
0.0424969372
0.04269124476666667
0.0429402315
0.04326627956666667
0.043693089133333335
0.044246451400000004
0.04494292373333334
0.045705624766666675
0.046831194500000006
0.04827165380000001
0.04940936356666668
0.050690314866666676
0.05215059236666668
0.05502324056666668
0.05681549196666668
0.059101732800000015
0.06135810146666668
0.06514893626666668
0.06846481380000001
0.07195425613333334
0.07539102530000001
0.08090772516666668
0.08549284570000001
0.08604263510000001
0.08641730790000002
0.08691833460000002
0.08747135523333335
0.08818358526666668
0.08898016580000001
0.0899603389
0.09198325466666667
0.09341502073333334
0.09501867330000001
0.09735813463333334
0.10065109886666668
0.10285716206666667
0.10683074063333334
0.1095671263
0.1130290356
0.11904152833333333
0.12312820673333333
0.127065664
0.13299327876666667
0.1384494694
0.138738567
0.13905030693333334
0.13944918920000002
0.13990504806666668
0.14057078523333336
0.14177945320000002
0.14263060803333336
0.14369267850000003
0.14485782113333337
0.14671280890000005
0.14837653703333337
0.1502274331666667
0.15229218573333336
0.15555064300000004
0.15803770683333337
0.16363702093333338
0.16665556020000005
0.17085015883333338
0.17500713400000004
0.17934414303333338
0.18339112950000006
0.1922877888333334
0.19846901206666673
0.19906506600000007
0.19983114886666672
0.20080270280000007
0.20246730850000005
0.20378611726666673
0.20675563706666672
0.20859238323333337
0.21061903700000004
0.21356868153333336
0.21621287883333337
0.22224893046666672
0.22536958046666672
0.23130451063333338
0.23675588226666672
0.24105614340000006
0.24490264436666673
0.2528168794000001
0.26028794193333343
0.26066897823333346
0.26108251773333346
0.2616809884333335
0.26274788260000015
0.26360247983333346
0.26467664533333346
0.26670545820000013
0.26848524723333345
0.26992719033333346
0.27188120050000014
0.27401664030000017
0.27685310776666683
0.2825232199333335
0.28521337380000017
0.2882825747333335
0.2930707324000002
0.29869189183333356
0.3027418894666669
0.30617504370000026
0.31476874130000027
0.3181248770666669
0.3187852783666669
0.31971688440000023
0.3208764196666669
0.3221516060333336
0.32368706576666695
0.3257065657000003
0.3278895781000003
0.33179334286666695
0.33622103696666694
0.3388621862333336
0.3417588784666669
0.34676003570000025
0.3566012901333336
0.3602639575666669
0.3631675012666669
0.36820141576666693
0.3718752353000003
0.3723769800666669
0.3731717198333336
0.37416909450000024
0.37539730430000023
0.3777655426000002
0.3793661525666669
0.38218770340000024
0.3842257952000002
0.38640213836666687
0.3896579002333335
0.39217361313333354
0.39635757236666685
0.39899556846666684
0.4056822424333335
0.4092463076000002
0.41245407783333354
0.4147945258666669
0.4205789165000002
0.42312465993333354
0.42380568886666686
0.4250401094000002
0.42609228856666687
0.42851963196666687
0.4298004504666669
0.4331541899666669
0.43534063270000023
0.43794339693333356
0.4399588181666669
0.4426588622666669
0.4470396606000002
0.4507744818666669
0.45310771040000025
0.46078388150000027
0.4631107750666669
0.4687549014333336
0.47303125690000025
0.47638861746666694
0.47819394156666695
0.48575812353333364
0.48868815280000033
0.4892170920333337
0.4897940739333337
0.49051686760000035
0.49191302493333366
0.4930093648333337
0.49432747056666704
0.495871918666667
0.4981942592000004
0.49997090250000037
0.5019285481000004
0.5046573161666671
0.5082634417333337
0.510375999366667
0.515327443366667
0.517320798666667
0.5198872564333337
0.5230654649000004
0.526091235766667
0.527427749066667
0.532968294666667
0.5338278146333336
0.5349580517000003
0.5362989886000004
0.5387421238000003
0.5406132983666669
0.5433451173333336
0.5479442264000003
0.5498151424000003
0.555812656166667
0.5574744537000003
0.5631687506666669
0.5659094968000002
0.5668612475333336
0.5710636864666669
0.5745450771666669
0.5751846144666669
0.5759767002333336
0.5768567551333336
0.5788207438000003
0.5799750589333336
0.5813253493333336
0.5837061442333336
0.5862757604333335
0.5879672241666668
0.5897296302666668
0.5924613070333334
0.5941984295333335
0.5974772902333335
0.5991003713000002
0.6037889468333335
0.6051392666000002
0.6079749637333335
0.6103551400333335
0.6128723264333334
0.6135254065333334
0.6168810461333334
0.6172008991333334
0.6183699801666668
0.6197172215666668
0.6222305754666667
0.6248884659333334
0.626525956
0.6292071621
0.6337989015333334
0.6351798477
0.6362506277666667
0.6388596307333334
0.6435900267000001
0.6458845296000001
0.6463169610666668
0.6508233506333335
0.6510053818000002
0.6516950591666669
0.652537943866667
0.6537130427000003
0.6550459841000003
0.657780358566667
0.6608814505333336
0.6623835840000003
0.665001914466667
0.6697052466000003
0.6708586374333336
0.6716881211000003
0.6758247981000003
0.6780856995000003
0.6801914008000003
0.6804680200000003
0.6849225612333336
0.6865525307333337
0.687725512266667
0.689034107266667
0.6903920680333338
0.6931405932666671
0.6945020462333338
0.6969887962666671
0.6998092918666671
0.7007557019333337
0.7013839377000004
0.703544743066667
0.7054255211000003
0.7055966358000003
0.7072454732333336
0.7080804633333336
0.7086783059000002
0.7094060708000003
0.710282108766667
0.7112999459000003
0.7124633275333336
0.7137387645000003
0.715079830366667
0.7164362199000003
0.7177708683333336
0.7203205936333336
0.7215404700666669
0.7238490912666669
0.7248639295666669
0.7274450976000002
0.7282085291666669
0.7304578470333336
0.7309233802000003
0.7328223563000003
0.7330743489000002
0.7347148260333336
0.7348172723000003
0.7362518829000003
0.7362776844000003
0.7372959965333337
0.7384429777333337
0.7396776869333337
0.7426388473000004
0.7455148350000004
0.746595927066667
0.7486133249333337
0.7511856388333337
0.7517913850333336
0.7553255631333337
0.755663280166667
0.7587101371666669
0.760390409966667
0.7617352836000003
0.761794688666667
0.7642831565333337
0.765024640366667
0.7656522543000003
0.766406554966667
0.7672992518000004
0.768312987866667
0.7694374692000003
0.770625108266667
0.7718185795000003
0.7729363429333337
0.773884381466667
0.7747235292666671
0.7754389788000005
0.7773139069000005
0.7777868939333338
0.7793315026000004
0.7795714718333338
0.7808221900000004
0.7809297659666671
0.7819887391333338
0.7820221237000005
0.7829347014333338
0.7829403885333338
0.7844623653666671
0.7861905868666671
0.7879527717333338
0.7912717695000004
0.7926830006666671
0.7954267510000004
0.7979467787000004
0.7988578687666671
0.8032706915333337
0.8039617061333337
0.8054256668666671
0.8076578455000004
0.8089494916000004
0.8094403202333338
0.8115860885666671
0.8128776928666671
0.8143121095333338
0.8159768952000004
0.8177103575666671
0.8194492852333337
0.8211265334333337
0.8224386300666671
0.8234987883000003
0.824326758666667
0.8249645538333337
0.8272953266333337
0.8287908261666671
0.8298963609666671
0.8303686242000005
0.8320955768666671
0.8325280663333338
0.8341419646000005
0.8358745835666671
0.8375815587666671
0.839195393166667
0.8406354924333337
0.8418444501333336
0.844111208666667
0.844856527966667
0.8454375323000003
0.8459710997333336
0.8473306623333337
0.8482925239333337
0.8487305548000004
0.8502278662333337
0.8506261574333337
0.8514015881000003
0.853055724166667
0.854767999966667
0.856496090666667
0.8581701483000004
0.859723538166667
0.861081467566667
0.8622018152000004
0.863082445766667
0.863765313166667
0.8643060103000004
0.8647701044000005
0.8652055028000004
0.8656169977666671
0.8663985832666671
0.8667687253000004
0.8684735586666671
0.8700946419000004
0.8711139607333337
0.872851110166667
0.8734617515000004
0.8739491059000004
0.8757399272000004
0.8761082493666671
0.8767941832333338
0.8777429702000005
0.8786019324666672
0.8803345585333339
0.8820197664333339
0.8836624033000006
0.8852345016000006
0.8866339626666673
0.8879349585333339
0.8891044615666672
0.8900329374666672
0.8908460138333338
0.8915565951333339
0.8926056574000005
0.8931518059666672
0.8946801423333339
0.8951167691000006
0.8962633595000006
0.8966351821333339
0.8973316855666673
0.8976534587000007
0.898805934333334
0.899173787533334
0.900040463333334
0.9017175808666673
0.9033596586000007
0.9048603362000007
0.9062727980000007
0.9074722482666674
0.9085368975333341
0.9093640400000008
0.9100815640333342
0.9107042887666675
0.9116468655000008
0.9121210337666675
0.9133811568000009
0.9137584589666675
0.9144506474666675
0.9150653713333342
0.9156717946000009
0.9159406924333342
0.9166265272333342
0.9168541560333342
0.9176960021000009
0.9192793252333342
0.9206972818666675
0.9219037672000009
0.9229989449666676
0.9238444541333343
0.9245755215333342
0.9252044015666675
0.9257470154666675
0.9261572546666674
0.9268753479333341
0.9272004099666675
0.9280662353000009
0.9283357293333342
0.9288620576333342
0.9290865623333342
0.9295742779000009
0.9299916993333343
0.9314953260666676
0.9328110328666677
0.9340217290333344
0.9349980829666676
0.9356234681666676
0.9361549798333343
0.9373114504666676
0.9376492439666676
0.9379131807666676
0.9384345314333343
0.9394912480000011
0.9399329330666677
0.9401071871000011
0.9407800114000011
0.9409207012666678
0.9416340127000011
0.9429668084333345
0.9441842059000012
0.9452896652333346
0.9462704419000012
0.9471349355666678
0.9478693798333345
0.9484987067666678
0.9490268219000011
0.9494690201000011
0.9498418074000011
0.9504798695000011
0.9507503648333344
0.9512821038666678
0.9514882228333345
0.9519255605000011
0.9520876835333344
0.9524501381333343
0.9525773062666677
0.9528672837666677
0.9529661060000011
0.9540738245000011
0.9552426832666678
0.9556779675333344
0.9563736045000011
0.9565837867333344
0.9567396251333344
0.9576399249000012
0.9581169828000011
0.9586081368000011
0.9586978563333345
0.9591684482000011
0.9594093703000012
0.9599005332333345
0.9607661332333345
0.9615074310666678
0.9621376782333345
0.9626519440333345
0.9630771761333345
0.9634198794333345
0.9636960883333345
0.9639210146666679
0.9643779954333346
0.9645309822000012
0.9649036223666679
0.9650131893333346
0.9653090895666679
0.9653893523333346
0.9656247774666679
0.9656830869666678
0.9658629256333345
0.9659047416333345
0.9662799372000012
0.9668049994333345
0.9670720355333345
0.9672824911333345
0.9676667021333345
0.9677766212666679
0.9678525353666678
0.9680950435333345
0.9682843236000012
0.9683215222000011
0.9684630839333345
0.9685504187000011
0.9688086652666678
0.9695917256666677
0.9702557672666677
0.9704503171333344
0.9708673599000011
0.970981930200001
0.9710524998333343
0.9714962103333343
0.9715423463333344
0.9717374479666677
0.971868765900001
0.9721473172666677
0.9721674767666677
0.9723871983000011
0.9725004939333344
0.9726663790666678
0.9729146216333344
0.9733928854333345
0.9735321619000011
0.9736344208000012
0.9739019801666678
0.9741653553333345
0.9742093149333345
0.9745318582000012
0.9745589389333346
0.9747184029333346
0.9747849495333346
0.9749051626666679
0.9749156202000012
0.9750194524000012
0.9750257721000012
0.9751168966000012
0.9751802816666679
0.9754330721000013
0.9759376966333346
0.9759611756333346
0.9759745616000013
0.9763022359333347
0.976508925066668
0.9766059850333346
0.9766104486666679
0.9769028371333346
0.976905334766668
0.9769673054333347
0.977199775966668
0.9775109503333346
0.977524463066668
0.977962056366668
0.977969328366668
0.9781609540000012
0.9783129683000013
0.9783151402000012
0.9784150406333345
0.9785018742666678
0.9785210920666678
0.9785447220333345
0.9785595984666678
0.9787193944666679
0.9787255839666679
0.9788518239333346
0.9788548177666679
0.9789474619000013
0.9789489694666679
0.9790153272000012
0.9790160697333345
0.9790614630333345
0.9790618189666679
0.9790684596666679
0.9791841003333346
0.9793228722666679
0.9793254749666679
0.9794887561000012
0.9794898620000012
0.9795685751666678
0.9795876578666678
0.9796428479666678
0.9796430720333344
0.9796849388000011
0.9796850355000011
0.979687014100001
0.9800319744666677
0.9800330374333344
0.9801842658666677
0.9801846551333344
0.9802984956666677
0.980329121100001
0.9804030195333343
0.9804030842666677
0.980452762700001
0.9804886565333344
0.9806929578333344
0.9807873294000011
0.9808602361000012
0.9809886883000012
0.9811296409000012
0.9812162044333346
0.9812581857333346
0.9813265552666679
0.9813666819666679
0.9813667421000012
0.9814377472333345
0.9814377681000012
0.9814863556666679
0.9814863618000012
0.9815179386333345
0.9815179404666678
0.9815377120666678
0.9815377125666679
0.9815906061666679
0.9817287083666679
0.9817898703000012
0.9818590110666678
0.9818871137666678
0.9819343599000011
0.9819544032666678
0.9819544035333345
0.9819891133000012
0.9819891133666678
0.9820104401666678
0.9820104402000012
0.9820231581000012
0.9820231581000012
0.9820523200333345
0.9821102028666678
0.9821479458333345
0.9821648316333346
0.9821897734000012
0.9822040199333346
0.9822227576000013
0.982238793966668
0.982238793966668
0.9822654980333346
0.9822762436333347
0.982287671466668
0.9822968676666679
0.9823108130333346
0.9823166870000012
0.9823166870000012
0.9823216387666679
0.9823216387666679
0.9823256237000012
0.9823349134333346
0.9823349134333346
0.9825940489666679
0.9832640823333346
0.9834855581666679
0.9837980691333346
0.9839263854666679
0.9841094934333345
0.9842428987333345
0.9842857271666678
0.9843121076666679
0.9843718800000012
0.9844052635000012
0.9844448042000012
0.9844546581666679
0.9845026553000013
0.9845084844000013
0.9845343451666679
0.9845382329000013
0.9845532078333347
0.984555104766668
0.9845640065000013
0.984565052166668
0.9849653412333347
0.985297936466668
0.9855382586333347
0.9856912004333347
0.985767155466668
0.9857967347666681
0.985804989366668
0.9858087327000014
0.985867101466668
0.9858897979333346
0.985889963966668
0.9858906957333347
0.9858907052333347
0.9859305329000013
0.985930533066668
0.985944733866668
0.985944733866668
0.9859525770666681
0.9859541204666681
0.9859578191000015
0.9859578191000015
0.9859596059000014
0.9859623091000014
0.9861370693000013
0.9863567643000013
0.986520606666668
0.9866089218333346
0.9866737500333346
0.9867082096000013
0.9868040452333346
0.9868188617333347
0.986830119666668
0.986838644766668
0.9868654168000014
0.986870216166668
0.9868949692000014
0.9868975991666681
0.9869058096000014
0.9869139892000014
0.986917901666668
0.9869186297333347
0.986920533166668
0.9869211097666679
0.9873121163000013
0.9876817048000013
0.9880121039666679
0.9883093169666679
0.9885623847666679
0.9887679311000013
0.988927298666668
0.9890518893333347
0.989141059566668
0.9891988021000013
0.989234982366668
0.989255623766668
0.989267102666668
0.9892722493333346
0.9892744231000012
0.9892751541333346
0.9892754525666679
0.989275527966668
0.9892755444000013
0.9892755478666679
0.989292243266668
0.9892922433000013
0.989302014866668
0.989302014866668
0.9893071124000014
0.9893071124000014
0.9893093826000013
0.9893093826000013
0.9893104202333347
0.9893104202333347
0.9894225044000013
0.9895445051000014
0.9896062120000013
0.9896896812000013
0.989723601666668
0.989732403266668
0.9897389770000014
0.9897493136333347
0.9897518473000014
0.9897631392333348
0.9897644427666682
0.9897721524000015
0.9897729338000015
0.9897751598666682
0.9897754760000015
0.9897764890333348
0.9897779141666682
0.9900766751666682
0.9903407205333349
0.9905152428666683
0.9908148047333349
0.990858230033335
0.990872442733335
0.9908755974666683
0.9909146453666683
0.990933372033335
0.9909334053666683
0.9909487748000017
0.9909489888000016
0.9909489888333349
0.9909617200333349
0.9909617200333349
0.9909695581000016
0.990970463833335
0.9909737373666683
0.9909737373666683
0.990976979433335
0.9909769795000016
0.991062357833335
0.9911020463000016
0.991129192133335
0.9911418075666683
0.9911463602000016
0.9911496138666682
0.9911615645000016
0.9911627070000016
0.9911632540000016
0.9911663181000016
0.9911730785333349
0.9911743116666683
0.9911744259333349
0.9911759724666682
0.9911760223333349
0.9914866461666683
0.9917198839000015
0.9918670039333348
0.9919475652333348
0.9919798772666681
0.9919895350333348
0.9919914365000014
0.9920174928000014
0.9920175071333347
0.9920175096000013
0.9920175100000014
0.9920307965000014
0.9920307965000014
0.9920353036333347
0.9920353036333347
0.992037437866668
0.9920377005333346
0.992038517966668
0.992038517966668
0.9920388506333346
0.9920394292333347
0.9920671917333347
0.9921713024000014
0.9921939669666681
0.9922084363000014
0.9922492496333348
0.9922550482666682
0.9922588683333349
0.9922728087333349
0.9922745516333349
0.9922757257000016
0.9922787647000015
0.9922864045666682
0.9922867472666682
0.9922911061000016
0.992291250133335
0.992293036333335
0.992293124133335
0.9922937870666684
0.992293809833335
0.9922940725666684
0.9922940811333351
0.9926051923333351
0.9928880040333351
0.9931286598333351
0.9933335281000018
0.9934983720666685
0.9936215185000018
0.9937094007333351
0.9937733627000018
0.9938153477333351
0.9938391391333351
0.9938522173000017
0.9938586948000018
0.9938617941000017
0.9938629212333351
0.9938633000000018
0.9938633981666685
0.9938634314000018
0.9938634374333352
0.9938634383333351
0.9938634384666685
0.9938693878000018
0.9938693878000018
0.9938723870333351
0.9938723870333351
0.9938737312666684
0.9938737312666684
0.9938742091666685
0.9938742091666685
0.9938743923000017
0.9938743923000017
0.993932318133335
0.9939439786333351
0.9939478313000017
0.9939499741666684
0.9939514523666684
0.9939529538000017
0.9939535724000017
0.993954154633335
0.993954738533335
0.9942406774000017
0.9944970176666683
0.9947114397000016
0.9948903965666683
0.9950315826666684
0.995133946533335
0.9952048945000016
0.9952552563666682
0.9952873392666682
0.9953046760000016
0.9953137748666683
0.995318063633335
0.995320009833335
0.9953206670666683
0.9953208706666683
0.9953209188000016
0.9953209341000017
0.995320936533335
0.9953209368666683
0.9953209369000017
0.9953250559000016
0.9953250559000016
0.9953270252000016
0.9953270252000016
0.9953278624000016
0.9953278624000016
0.9953281370000016
0.9953281370000016
0.9953282359666682
0.9953282359666682
0.9953317090333349
0.9953354991000015
0.9953559864333349
0.9953570514666682
0.9953576586000016
0.9953636193666683
0.9953638375000016
0.9953639683666682
0.9953649061666682
0.9953683644000015
0.9953683911000015
0.9953701341666682
0.9953701429333348
0.9953708049666682
0.9953708137666681
0.9953710221333348
0.9953710229333348
0.9953710957666682
0.9953710960000015
0.9956922789666682
0.9958077957666682
0.9958693279333349
0.9959026429000016
0.9959269747000016
0.9959330388666683
0.995936908833335
0.9959386779000017
0.995939591533335
0.995940795733335
0.9959412913666684
0.9959417675333351
0.9959419908000018
0.9959422117000017
0.9959423174000017
0.9959432605000017
0.9959436798000018
0.995943747733335
0.9959437859333351
0.9959461194333351
0.9959461258333351
0.9959461276666685
0.9959465291666685
0.9959466453000018
0.9959466454333351
0.9959466835000018
0.9959466857000018
0.9960810366666685
0.9961503290666684
0.9961955246666685
0.9962044524333351
0.9962062621333351
0.9962093823666685
0.9962123157666685
0.9962123161333352
0.9962129316000018
0.9962129316000018
0.9962155057333352
0.9962155057333352
0.9962164369666685
0.9962164369666685
0.9962172838000019
0.9962173284666686
0.9962174298333352
0.9962174298333352
0.9962175772333351
0.9962175772333351
0.9962281610666684
0.9962311474333351
0.9962329697666684
0.9962337127000017
0.9962340660666684
0.996234422533335
0.9962345997666684
0.9962347729333351
0.9962348457000018
0.9962349134000018
0.9962349875666685
0.9964518489666685
0.9966378280333351
0.9967852896666685
0.9969007754000018
0.9969864473000017
0.9970428857000018
0.9970785548333351
0.9971019647000018
0.9971155532333351
0.9971218637666684
0.9971247235000018
0.9971258771333351
0.9971263200000018
0.9971264382000018
0.9971264664666685
0.9971264714666684
0.9971264727666684
0.9971264729000018
0.9971264729000018
0.9971264729000018
0.9971277483000017
0.9971277483000017
0.997128263433335
0.997128263433335
0.9971284491000018
0.9971284491000018
0.9971284962000018
0.9971284962000018
0.9971285102000018
0.9971285102000018
0.9971285302333351
0.9971346357666685
0.9971346381333351
0.9971346392666685
0.9971348210000018
0.9971358623333352
0.9971358624333352
0.9971364481666685
0.9971364482000018
0.9971365909000018
0.9971367534000019
0.9971367880000018
0.9971367880000018
0.9971367980000019
0.9971367984000019
0.9972355517666686
0.9973411017333352
0.9973936715333352
0.9974173648333352
0.9974283485666685
0.9974336495333351
0.9974402943333351
0.9974415032333351
0.9974420506333351
0.9974422891000018
0.9974423891000017
0.9974424339333351
0.9974424592333351
0.997442474933335
0.9974424916333351
0.9974425140666684
0.9974425144000018
0.9974440194666684
0.997444842733335
0.9974448427666683
0.9974448427666683
0.997445073933335
0.9974451545000017
0.9974452371000017
0.9974452371000017
0.9974452880666683
0.9974452880666683
0.997622276733335
0.997769317733335
0.9978816297666683
0.9979656414666683
0.9980253385000016
0.998062046433335
0.998083778433335
0.9980972771000016
0.998104622333335
0.9981076828666683
0.998108932333335
0.9981093840666683
0.9981095381000016
0.9981095728666682
0.9981095798000016
0.9981095808000016
0.9981095810000016
0.9981095810000016
0.9981095810000016
0.9981095810000016
0.9981101325333349
0.9981101325333349
0.9981103300333349
0.9981103300333349
0.998110393433335
0.998110393433335
0.9981104068000016
0.9981104068000016
0.9981104102666682
0.9981104102666682
0.9981109245000016
0.9981112429666683
0.9981113275666683
0.998111359833335
0.998111429133335
0.9981114333000016
0.9981114359666683
0.9981114436333349
0.9982704634333349
0.9984004109333349
0.9984977809333349
0.9985688890000015
0.9986183116000015
0.9986476284000014
0.9986644077333348
0.9986745387333348
0.9986798721333348
0.9986819724333348
0.9986827847000015
0.9986830622333348
0.9986831512333348
0.9986831696666681
0.9986831730000014
0.9986831734333348
0.9986831735000015
0.9986831735000015
0.9986831735000015
0.9986831735000015
0.9986835302000014
0.9986835302000014
0.9986836502000015
0.9986836502000015
0.9986836865000015
0.9986836865000015
0.9986836934333349
0.9986836934333349
0.9986836951000015
0.9986836951000015
0.9986836951000015
0.9986836951000015
0.9986837286000015
0.9986840142666682
0.9986840142666682
0.9986841101000016
0.9986841101000016
0.998684137433335
0.9986841374666683
0.9986841424333349
0.9986841424333349
0.9986841436000016
0.9986841436000016
0.9987074077333349
0.9987139279000016
0.9987162905000015
0.9987169023666682
0.9987186738000016
0.9987188015666683
0.9987188810666683
0.9987191976333349
0.9987192125000016
0.9987192172000016
0.9987192791333349
0.998719281033335
0.998719285333335
0.998719285733335
0.9987192924000017
0.998719294733335
0.998719294733335
0.9987193132666683
0.9987194950666682
0.9987194950666682
0.9987195685000015
0.9987195685000015
0.9987195838000016
0.9987196021000015
0.9987196046333349
0.9987196046333349
0.9987196052000016
0.9987196052000016
0.9987918480333349
0.9988420300666682
0.9988741105333349
0.9988750714333349
0.9988751724666682
0.9988773678333349
0.9988785643333349
0.9988785643333349
0.9988787758333348
0.9988789504000015
0.9988789504000015
0.9988789504000015
0.9988789620666682
0.9988789715333348
0.9988789773000015
0.9988789773000015
0.9988789809666682
0.9988789809666682
0.9988789911000014
0.9988789940000015
0.9988790288000015
0.9988790295666681
0.9988790413333347
0.9988790416666681
0.9988790430333347
0.9988790431000014
0.9988790434000014
0.9988790442000014
0.9989919527333347
0.9990795308666681
0.9991413622333348
0.9991832072666682
0.9992103603333349
0.9992247340666682
0.9992321341000016
0.9992362244333349
0.9992381686666683
0.9992388093666683
0.9992390184000016
0.9992390782666682
0.9992390941000016
0.9992390966000015
0.9992390969333349
0.9992390969666682
0.9992390969666682
0.9992390969666682
0.9992390969666682
0.9992390969666682
0.9992391873000016
0.9992391873000016
0.9992392122666682
0.9992392122666682
0.9992392185333349
0.9992392185333349
0.9992392194000015
0.9992392194000015
0.9992392196000015
0.9992392196000015
0.9992392965333349
0.9992393403666682
0.9992393564666682
0.9992393707000015
0.9992393746000015
0.9992393765000015
0.9992393776666681
0.9992393783000015
0.9992423561000016
0.9992438782000016
0.999244293033335
0.9992444173333349
0.9992444858333349
0.9992445060000016
0.9992445166666682
0.9992445222666683
0.999244525133335
0.9992445258666682
0.9992445406666682
0.9992445408333349
0.9992445443000015
0.9992445443333349
0.9992445447666682
0.9992445447666682
0.9992445448666682
0.9992445451333349
0.9992445451333349
0.999244556233335
0.999244556233335
0.999244558733335
0.999244558733335
0.999244559033335
0.999244559033335
0.9992445590666683
0.9992445590666683
0.9993328807000017
0.9993989062666684
0.9994436360666684
0.9994723109000018
0.9994900510666684
0.9994987127000018
0.9995028526333352
0.9995050044000018
0.9995059575333352
0.9995062344333352
0.9995063146000018
0.9995063349000018
0.9995063396000018
0.9995063402000018
0.9995063402666685
0.9995063402666685
0.9995063402666685
0.9995063402666685
0.9995063402666685
0.9995063402666685
0.9995063745333351
0.9995063745333351
0.9995063827666685
0.9995063827666685
0.9995063845666685
0.9995063845666685
0.9995063847666685
0.9995063847666685
0.9995063848000019
0.9995063848000019
0.9995063883333352
0.9995063910333352
0.9995063918333351
0.9995063921333351
0.9995063923333352
0.9995063924000018
0.9995299592000019
0.9995366211000019
0.9995368006000018
0.9995368122000018
0.9995368125000018
0.9995368125000018
0.9995368436000018
0.9995368436000018
0.9995368436000018
0.9995368436000018
0.9995368655000019
0.9995368655000019
0.9995368701333353
0.9995368701333353
0.999536873300002
0.9995368733333353
0.9995368734333353
0.9995368734333353
0.9995368736333353
0.9995368736333353
0.9995368736333353
0.9995368743333353
0.9995368743333353
0.9995368744000019
0.9995368744000019
0.9995368744333353
0.9995368744333353
0.9995369897333353
0.9995370252333353
0.9995370320666687
0.9995370351666687
0.9995371726333354
0.9995371768666688
0.9995371771333355
0.9995371772333355
0.9995371773000021
0.9995371918000021
0.9995371918000021
0.9995371944000021
0.9995371944000021
0.9995371949000021
0.9995371949000021
0.9995371949666688
0.9995371949666688
0.9995371949666688
0.9995371950000022
0.9995371953666689
0.9995371960666688
0.9995371962000021
0.9995371962333355
0.9995371962666688
0.9995371962666688
0.9995967827000022
0.9996387953000022
0.9996654851333355
0.9996811789333355
0.9996901923666689
0.9996940619000022
0.9996957072666689
0.9996964840333356
0.9996967925000022
0.9996968658666688
0.9996968834666689
0.9996968871333355
0.9996968878333354
0.9996968879000021
0.9996968879000021
0.9996968879000021
0.9996968879000021
0.9996968879000021
0.9996968879000021
0.9996968879000021
0.999696895300002
0.999696895300002
0.9996968967333354
0.9996968967333354
0.9996968970000021
0.9996968970000021
0.9996968970000021
0.9996968970000021
0.9996968970000021
0.9996968970000021
0.9996968970000021
0.9996968971333354
0.9996968971333354
0.9996968971666688
0.9996968971666688
0.9997096143333354
0.9997108077666688
0.9997108540333355
0.9997108560666689
0.9997108975333355
0.9997109042333355
0.9997109042333355
0.9997109045333356
0.9997109099000022
0.9997109143000023
0.9997109143000023
0.9997109143000023
0.9997109144333356
0.9997109145333356
0.9997109145666689
0.9997109145666689
0.9997109145666689
0.9997109145666689
0.9997109145666689
0.9997109145666689
0.9997109145666689
0.9997109145666689
0.9997109157000023
0.9997109158666689
0.9997109159333356
0.9997109532666689
0.9997109538333356
0.9997109538333356
0.9997109538333356
0.9997109538333356
0.999710956666669
0.999710956666669
0.9997109571000024
0.9997109571000024
0.999710957166669
0.999710957166669
0.999710957166669
0.999710957166669
0.999710957166669
0.999710957166669
0.999710957166669
0.999710957166669
0.999710957166669
0.9997191925333357
0.9997208300666691
0.9997208479666692
0.9997208485666692
0.9997208486000025
0.9997208507333358
0.9997208507333358
0.9997208507333358
0.9997208507333358
0.9997208522333358
0.9997208522333358
0.9997208524666692
0.9997208524666692
0.9997208526000025
0.9997208526000025
0.9997208526000025
0.9997208526000025
0.9997208526000025
0.9997208526000025
0.9997208526000025
0.9997208526000025
0.9997545381666693
0.9997763778666693
0.9997890577333359
0.9997956394666693
0.9997990452666693
0.9998002602000027
0.999800697733336
0.9998008781666694
0.9998009397000027
0.9998009507000027
0.999800952733336
0.9998009530666694
0.9998009531000027
0.9998009531000027
0.9998009531000027
0.9998009531000027
0.9998009531000027
0.9998009531000027
0.9998009531000027
0.9998009531000027
0.999800953933336
0.999800953933336
0.9998009540666694
0.9998009540666694
0.9998009541000027
0.9998009541000027
0.9998009541000027
0.9998009541000027
0.9998009541000027
0.9998009541000027
0.9998009541000027
0.9998009552666693
0.999800968533336
0.999800968533336
0.999800969333336
0.9998009693666693
0.9998009693666693
0.9998009694666693
0.9998009694666693
0.9998009694666693
0.9998009694666693
0.9998009694666693
0.9998009694666693
0.9998009694666693
0.9998009694666693
0.9998048399000027
0.9998052966666694
0.9998054376000027
0.999805449133336
0.999805452133336
0.999805452833336
0.9998054531666694
0.999805453333336
0.999805453433336
0.9998054534666694
0.9998054534666694
0.9998054534666694
0.9998054534666694
0.9998054534666694
0.9998054534666694
0.9998054534666694
0.9998303032000028
0.9998457141000028
0.9998542522333361
0.9998583994000028
0.9998604320000027
0.9998610891000027
0.9998613059666693
0.9998613892666693
0.999861415533336
0.9998614195666693
0.9998614202000027
0.9998614202666694
0.9998614202666694
0.9998614202666694
0.9998614202666694
0.9998614202666694
0.9998614202666694
0.9998614202666694
0.9998614202666694
0.9998614202666694
0.9998614205000027
0.9998614205000027
0.999861420533336
0.999861420533336
0.999861420533336
0.999861420533336
0.999861420533336
0.999861420533336
0.999861420533336
0.999861420533336
0.999861420533336
0.9998614210333361
0.9998614210333361
0.9998614210333361
0.9998614210333361
0.9998614210333361
0.9998614210666694
0.9998614210666694
0.9998614210666694
0.9998614210666694
0.9998614210666694
0.9998614210666694
0.9998614210666694
0.9998614210666694
0.9998826648666694
0.9998955420333361
0.9999025082000027
0.999905778033336
0.999907336933336
0.9999078160000027
0.9999079672000026
0.9999080232333359
0.9999080402333359
0.9999080426666692
0.9999080430333359
0.9999080431000026
0.9999080431000026
0.9999080431000026
0.9999080431000026
0.9999080431000026
0.9999080431000026
0.9999080431000026
0.9999080431000026
0.9999080431000026
0.9999080432333359
0.9999080432333359
0.9999080432666693
0.9999080432666693
0.9999080432666693
0.9999080432666693
0.9999080432666693
0.9999080432666693
0.9999080432666693
0.9999080432666693
0.9999081692000026
0.9999081834333359
0.9999081858000025
0.9999081867666691
0.9999081869333358
0.9999081869333358
0.9999081869333358
0.9999081869666692
0.9999081870666692
0.9999081870666692
0.9999081870666692
0.9999081870666692
0.9999081870666692
0.9999081870666692
0.9999081870666692
0.9999081870666692
0.9999081870666692
0.9999081875666692
0.9999081875666692
0.9999081876000026
0.9999081876000026
0.9999081876000026
0.9999081876000026
0.9999081876000026
0.9999081876000026
0.9999081876000026
0.9999084825666692
0.9999085695000025
0.9999086000000025
0.9999086086666692
0.9999086097666692
0.9999086901000025
0.9999086901333358
0.9999086901333358
0.9999086955333358
0.9999086955333358
0.9999086955333358
0.9999086956666692
0.9999086956666692
0.9999086956666692
0.9999086956666692
0.9999086957333359
0.9999086957333359
0.9999086957333359
0.9999086957333359
0.9999086957333359
0.9999086957333359
0.9999086957333359
0.9999086957333359
0.9999086957333359
0.9999086957333359
0.9999240787666692
0.9999329761333359
0.9999375610666692
0.9999395668000025
0.9999404706000025
0.9999407208333357
0.9999407929333357
0.9999408177333358
0.9999408246666691
0.9999408255000024
0.9999408256000024
0.9999408256000024
0.9999408256000024
0.9999408256000024
0.9999408256000024
0.9999408256000024
0.9999408256000024
0.9999408256000024
0.9999408256000024
0.9999408256000024
0.9999408256666691
0.9999408256666691
0.9999408256666691
0.9999408256666691
0.9999408256666691
0.9999408256666691
0.9999408256666691
0.9999408256666691
0.9999408256666691
0.9999408256666691
0.9999408256666691
0.9999408256666691
0.9999408256666691
0.9999408256666691
0.9999408256666691
0.9999408256666691
0.9999408256666691
0.9999408256666691
0.9999408256666691
0.9999408256666691
0.9999408256666691
0.9999538561333358
0.9999612136000025
0.9999649124000024
0.9999664729333357
0.9999671562333358
0.9999673355333357
0.9999673848333357
0.999967401166669
0.9999674055333357
0.9999674060333358
0.9999674060666691
0.9999674061000025
0.9999674061000025
0.9999674061000025
0.9999674061000025
0.9999674061000025
0.9999674061000025
0.9999674061000025
0.9999674061000025
0.9999674061000025
0.9999674061333358
0.9999674061333358
0.9999674061333358
0.9999674061333358
0.9999674061333358
0.9999674061333358
0.9999674061333358
0.9999674061333358
0.9999674061333358
0.9999674061333358
0.9999681390333358
0.9999681812000025
0.9999681910666692
0.9999681932000025
0.9999681936333359
0.9999681937000026
0.9999681937000026
0.9999681937000026
0.9999681937000026
0.9999681937000026
0.9999681937000026
0.9999681937000026
0.9999681937000026
0.9999681937000026
0.9999681937000026
0.9999681937000026
0.9999681937000026
0.9999681937000026
0.9999681937000026
0.9999681937000026
0.9999681937000026
0.9999681937000026
0.9999681937000026
0.9999681937000026
0.9999681937000026
0.9999681937000026
0.9999681937000026
0.9999681937000026
0.9999681947666692
0.9999681948666692
0.9999681949000025
0.9999681949333359
0.9999681949333359
0.9999681949333359
0.9999681949333359
0.9999681949333359
0.9999681949333359
0.9999681949333359
0.9999681949333359
0.9999681949333359
0.9999681949333359
0.9999681949333359
0.9999774604000026
0.9999824400666693
0.9999848206333359
0.9999857529333359
0.9999861379666692
0.9999862285000026
0.9999862511000026
0.999986258033336
0.999986259733336
0.9999862599000027
0.999986259933336
0.999986259933336
0.999986259933336
0.999986259933336
0.999986259933336
0.999986259933336
0.999986259933336
0.999986259933336
0.999986259933336
0.999986259933336
0.999986259933336
0.999986259933336
0.999986259933336
0.999986259933336
0.999986259933336
0.999986259933336
0.999986259933336
0.999986259933336
0.999986259933336
0.999986259933336
0.999986259933336
0.999986259933336
0.999986259933336
0.999986259933336
0.999986259933336
0.999986259933336
0.999986259933336
0.999986259933336
0.999986259933336
0.999986259933336
0.999986259933336
0.9999869758666693
0.9999872189000026
0.9999872272000027
0.9999872287000027
0.999987228933336
0.9999872290000027
0.9999872290000027
0.9999872290000027
0.9999872290000027
0.9999872290000027
0.9999872290000027
0.9999872290000027
0.9999872290000027
0.9999872290000027
0.9999872290000027
0.9999872290666694
0.9999872290666694
0.9999872290666694
0.9999872290666694
0.9999872293000027
0.9999872293000027
0.9999872293000027
0.9999872293000027
0.9999872293000027
0.9999872293000027
0.9999872293000027
0.9999872293000027
0.9999872293000027
0.9999872293000027
0.9999872293000027
0.9999872293000027
0.9999872293000027
0.9999872293000027
0.9999872293000027
0.9999872293000027
0.9999872293000027
0.9999872293000027
0.9999872293000027
0.9999872293000027
0.9999872293000027
0.9999872293000027
0.9999872293000027
0.9999872293000027
0.999987266633336
0.9999872748666694
0.9999872771666694
0.9999872776666694
0.9999872777000027
0.9999872861333361
0.9999872861333361
0.9999872861333361
0.9999872864333361
0.9999872864333361
0.9999872864333361
0.9999872864666695
0.9999872864666695
0.9999872864666695
0.9999872864666695
0.9999872864666695
0.9999872864666695
0.9999872864666695
0.9999872864666695
0.9999872864666695
0.9999872864666695
0.9999872864666695
0.9999872864666695
0.9999872864666695
0.9999872864666695
0.9999877032000027
0.9999877536666694
0.9999877537000027
0.9999877537000027
0.9999877540333361
0.9999877540333361
0.9999877540333361
0.9999877540333361
0.9999877540333361
0.9999877540333361
0.9999877540333361
0.9999877540333361
0.9999877540333361
0.9999877540333361
0.9999877540333361
0.9999877540333361
0.9999877540333361
0.9999877540333361
0.9999877540333361
0.9999877540333361
0.9999877540333361
0.9999877540333361
0.9999877540333361
0.9999877540333361
0.9999886977333361
0.9999890136666695
0.9999890352333362
0.9999890948666695
0.9999890949000029
0.9999890949000029
0.9999890949000029
0.9999890949666695
0.9999890949666695
0.9999890949666695
0.9999890949666695
0.9999890949666695
0.9999890949666695
0.9999890949666695
0.9999890949666695
0.9999890949666695
0.9999890949666695
0.9999890949666695
0.9999890949666695
0.9999890949666695
0.9999890949666695
0.9999891128666696
0.9999891164333362
0.9999891173333362
0.9999891175000029
0.9999891175000029
0.9999891213000028
0.9999891213000028
0.9999891213000028
0.9999891214333362
0.9999891214333362
0.9999891214333362
0.9999891214333362
0.9999891214333362
0.9999891214333362
0.9999891214333362
0.9999891214333362
0.9999891214333362
0.9999891214333362
0.9999891214333362
0.9999891214333362
0.9999891214333362
0.9999891214333362
0.9999891214333362
0.9999891214333362
0.9999891214333362
0.9999891214333362
0.9999891214333362
0.9999891214333362
0.9999891214333362
0.9999891214333362
0.9999891214333362
0.9999891214333362
0.9999891214333362
0.9999891214333362
0.9999891214333362
0.9999891214333362
0.9999891214333362
0.9999891214333362
0.9999891214333362
0.9999891214333362
0.9999891214333362
0.9999891214333362
0.9999891214333362
0.9999891214333362
0.9999891214333362
0.9999891214333362
0.9999891214333362
0.9999891214333362
0.9999891214333362
0.9999891214333362
0.9999891214333362
0.9999891316000028
0.9999891373000028
0.9999891375000028
0.9999891375333362
0.9999891375666695
0.9999891375666695
0.9999891375666695
0.9999891375666695
0.9999891375666695
0.9999891375666695
0.9999891375666695
0.9999891375666695
0.9999891375666695
0.9999891375666695
0.9999891375666695
0.9999891375666695
0.9999891375666695
0.9999891375666695
0.9999891375666695
0.9999891375666695
0.9999891375666695
0.9999891375666695
0.9999891375666695
0.9999891375666695
0.9999891375666695
0.9999891375666695
0.9999891375666695
0.9999891375666695
0.9999916967333362
0.9999928392333363
0.999993293200003
0.9999934273666696
0.9999934720333363
0.9999934789666697
0.999993480200003
0.9999934804666697
0.999993480500003
0.999993480500003
0.999993480500003
0.999993480500003
0.999993480500003
0.999993480500003
0.999993480500003
0.999993480500003
0.999993480500003
0.999993480500003
0.999993480500003
0.999993480500003
0.999993480500003
0.999993480500003
0.999993480500003
0.999993480500003
0.999993480500003
0.999993480500003
0.999993480500003
0.999993480500003
0.999993480500003
0.999993480500003
0.999993480500003
0.999993480500003
0.999993480500003
0.999993480500003
0.999993480500003
0.999993480500003
0.999993480500003
0.999993480500003
0.999993480500003
0.999993480500003
0.999993480500003
0.999993480500003
0.999993480500003
0.999993480500003
0.999993480500003
0.999993480500003
0.999993480500003
0.999993480500003
0.999993480500003
0.999993504700003
0.999993504700003
0.999993504700003
0.9999935047333364
0.9999935047333364
0.9999935047333364
0.9999935047333364
0.9999935047333364
0.9999935047333364
0.9999935047333364
0.9999935047333364
0.9999935047333364
0.9999935047333364
0.9999935047333364
0.9999935047333364
0.9999935047333364
0.9999935047333364
0.9999935047333364
0.9999952310333363
0.9999959592666696
0.9999962330666696
0.9999963072666697
0.9999963304666697
0.9999963336333364
0.9999963341333364
0.9999963342333364
0.9999963342333364
0.9999963342333364
0.9999963342333364
0.9999963342333364
0.9999963342333364
0.9999963342333364
0.9999963342333364
0.9999963342333364
0.9999963342333364
0.9999963342333364
0.9999963342333364
0.9999963342333364
0.9999963342333364
0.9999963342333364
0.9999963342333364
0.9999963342333364
0.9999963342333364
0.9999963342333364
0.9999963342333364
0.9999963342333364
0.9999963342333364
0.9999963342333364
0.9999963342333364
0.9999963342333364
0.9999963342333364
0.9999963342333364
0.9999963342333364
0.9999963890666698
0.9999963931333364
0.9999963931333364
0.9999963931333364
0.9999963931666698
0.9999963931666698
0.9999963931666698
0.9999963931666698
0.9999963931666698
0.9999963931666698
0.9999963931666698
0.9999963931666698
0.9999963931666698
0.9999963931666698
0.9999963931666698
0.9999963931666698
0.9999963931666698
0.9999963949000031
0.9999963951666698
0.9999963952333365
0.9999963952333365
0.9999963952333365
0.9999963955666699
0.9999963955666699
0.9999963955666699
0.9999963955666699
0.9999963955666699
0.9999963955666699
0.9999963955666699
0.9999963955666699
0.9999963955666699
0.9999963955666699
0.9999963955666699
0.9999963955666699
0.9999963955666699
0.9999963955666699
0.9999963955666699
0.9999963955666699
0.9999963955666699
0.9999963955666699
0.9999963955666699
0.9999963955666699
0.9999963955666699
0.9999963955666699
0.9999963955666699
0.9999963955666699
0.9999963955666699
0.9999963955666699
0.9999963955666699
0.9999963955666699
0.9999963955666699
0.9999963955666699
0.9999963955666699
0.9999963955666699
0.9999963955666699
0.9999963955666699
0.9999963955666699
0.9999963955666699
0.9999963955666699
0.9999963955666699
0.9999973318333365
0.9999976935666698
0.9999978184666698
0.9999978480666698
0.9999978564333365
0.9999978573666698
0.9999978574666698
0.9999978575000031
0.9999978575000031
0.9999978575000031
0.9999978575000031
0.9999978575000031
0.9999978575000031
0.9999978575000031
0.9999978575000031
0.9999978575000031
0.9999978575000031
0.9999978575000031
0.9999978575000031
0.9999978575000031
0.9999978575000031
0.9999978575000031
0.9999978575000031
0.9999978575000031
0.9999978575000031
0.9999978575000031
0.9999978575000031
0.9999978575000031
0.9999978575000031
0.9999978575000031
0.9999978575000031
0.9999978575000031
0.9999978575000031
0.9999978575000031
0.9999986167333365
0.9999989013666698
0.9999989968666698
0.9999990184666698
0.9999990243666699
0.9999990250000031
0.9999990251000032
0.9999990251333365
0.9999990251333365
0.9999990251333365
0.9999990251333365
0.9999990251333365
0.9999990251333365
0.9999990251333365
0.9999990251333365
0.9999990251333365
0.9999990251333365
0.9999990251333365
0.9999990251333365
0.9999990251333365
0.9999990251333365
0.9999990251333365
0.9999990251333365
0.9999990251333365
0.9999990251333365
0.9999990251333365
0.9999990251333365
0.9999990251333365
0.9999990251333365
0.9999990251333365
0.9999990251333365
0.9999990251333365
0.9999990251333365
0.9999990251333365
0.9999990251333365
0.9999990251333365
0.9999990251333365
0.9999990251333365
0.9999990251333365
0.9999990251333365
0.9999990251333365
0.9999990251333365
0.9999990251333365
0.9999990254666699
0.9999990255000032
0.9999990255000032
0.9999990255000032
0.9999990255000032
0.9999990255333365
0.9999990255333365
0.9999990255333365
0.9999990255333365
0.9999990255333365
0.9999990255333365
0.9999990255333365
0.9999990255333365
0.9999990255333365
0.9999990255333365
0.9999990255333365
0.9999990255333365
0.9999990255333365
0.9999990255333365
0.9999990255333365
0.9999990255333365
0.9999990255333365
0.9999990255333365
0.9999990255333365
0.9999990255333365
0.9999990369333366
0.9999990372000033
0.9999990383666699
0.9999990383666699
0.9999990383666699
0.9999990383666699
0.9999990383666699
0.9999990383666699
0.9999990383666699
0.9999990383666699
0.9999990383666699
0.9999990383666699
0.9999990383666699
0.9999990383666699
0.9999990383666699
0.9999990383666699
0.9999990383666699
0.9999990383666699
0.9999990383666699
0.9999990383666699
0.9999990383666699
0.9999990383666699
0.9999990383666699
0.9999990383666699
0.9999990383666699
0.9999990383666699
0.9999990383666699
0.9999990383666699
0.9999990383666699
0.9999990383666699
0.9999990383666699
0.9999990383666699
0.9999990383666699
0.9999990383666699
0.9999990383666699
0.9999990383666699
0.9999990383666699
0.9999990383666699
0.9999990383666699
0.9999990383666699
0.9999990385333366
0.9999990385666699
0.9999990385666699
0.9999990385666699
0.9999990385666699
0.9999990386000033
0.9999990386000033
0.9999990386000033
0.9999990386000033
0.9999990386000033
0.9999990386000033
0.9999990386000033
0.9999990386000033
0.9999990386000033
0.9999990386000033
0.9999990386000033
0.9999990386000033
0.9999990386000033
0.9999990386000033
0.9999990386000033
0.9999990386000033
0.9999990386000033
0.9999990386000033
0.9999990386000033
0.9999990386000033
0.9999990386000033
0.9999990386000033
0.9999990386000033
0.9999990386000033
0.9999990386000033
0.9999990386000033
0.9999990386000033
0.9999990386000033
0.9999990386000033
0.9999990386000033
0.9999990386000033
0.9999990386000033
0.9999990386000033
0.9999990386000033
0.9999992940000033
0.99999937586667
0.9999993995333366
0.99999940376667
0.9999994047333366
0.9999994048000033
0.9999994048000033
0.9999994048000033
0.9999994048000033
0.9999994048000033
0.9999994048000033
0.9999994048000033
0.9999994048000033
0.9999994048000033
0.9999994048000033
0.9999994048000033
0.9999994048000033
0.9999994048000033
0.9999994048000033
0.9999994048000033
0.9999994048000033
0.9999994048000033
0.9999994048000033
0.9999994048000033
0.9999994048000033
0.9999994048000033
0.9999994048000033
0.9999994048000033
0.9999994048000033
0.9999994048000033
0.9999994048000033
0.9999994048000033
0.9999994048000033
0.9999994048000033
0.9999994048000033
0.9999994048000033
0.9999994048000033
0.9999994048000033
0.9999994048000033
0.9999994048000033
0.9999994048000033
0.9999994048000033
0.9999996085000032
0.9999996717333366
0.9999996895000033
0.9999996925000033
0.9999996931666699
0.9999996932333366
0.9999996932666699
0.9999996932666699
0.9999996932666699
0.9999996932666699
0.9999996932666699
0.9999996932666699
0.9999996932666699
0.9999996932666699
0.9999996932666699
0.9999996932666699
0.9999996932666699
0.9999996932666699
0.9999996932666699
0.9999996932666699
0.9999996932666699
0.9999996932666699
0.9999996932666699
0.9999996932666699
0.9999996932666699
0.9999996932666699
0.9999996932666699
0.9999996932666699
0.9999996932666699
0.9999996932666699
0.9999996932666699
0.9999996932666699
0.9999996932666699
0.9999996932666699
0.9999996932666699
0.9999996932666699
0.9999996932666699
0.9999996932666699
0.9999996932666699
0.9999996932666699
0.9999996932666699
0.9999996954000032
0.9999996954000032
0.9999996954000032
0.9999996954000032
0.9999996954000032
0.9999996954000032
0.9999996954000032
0.9999996954000032
0.9999996954000032
0.9999996954000032
0.9999996954000032
0.9999996954000032
0.9999996954000032
0.9999996954000032
0.9999996954000032
0.9999996954000032
0.9999996954000032
0.9999996954000032
0.9999996954000032
0.9999996954333366
0.9999996954333366
0.9999996954333366
0.9999996954333366
0.9999996954333366
0.9999996954333366
0.9999996954333366
0.9999996954333366
0.9999996954333366
0.9999996954333366
0.9999996954333366
0.9999996954333366
0.9999996954333366
0.9999996954333366
0.9999996954333366
0.9999996954333366
0.9999996954333366
0.9999996954333366
0.9999996954333366
0.9999996954333366
0.9999996954333366
0.9999996954333366
0.9999996954333366
0.9999996954333366
0.9999996954333366
0.9999996954333366
0.9999996954333366
0.9999996954333366
0.9999996954333366
0.9999996954333366
0.9999996954333366
0.9999996954333366
0.9999996954333366
0.9999996954333366
0.9999996954333366
0.9999996954333366
0.9999996954333366
0.9999997971000032
0.9999998256333366
0.9999998329666699
0.9999998340333366
0.9999998342333366
0.9999998342666699
0.9999998342666699
0.9999998342666699
0.9999998342666699
0.9999998342666699
0.9999998342666699
0.9999998342666699
0.9999998342666699
0.9999998342666699
0.9999998342666699
0.9999998342666699
0.9999998342666699
0.9999998342666699
0.9999998342666699
0.9999998342666699
0.9999998342666699
0.9999998342666699
0.9999998342666699
0.9999998342666699
0.9999998342666699
0.9999998342666699
0.9999998342666699
0.9999998342666699
0.9999998342666699
0.9999998342666699
0.9999998342666699
0.9999998342666699
0.9999998342666699
0.9999998342666699
0.9999998342666699
0.9999998342666699
0.9999998342666699
0.9999998342666699
0.9999998342666699
0.9999998342666699
0.9999998342666699
0.9999998342666699
0.9999998342666699
0.9999998342666699
0.9999998342666699
0.9999998342666699
0.9999998342666699
0.9999998342666699
0.9999998342666699
0.9999998342666699
0.9999998342666699
0.9999998342666699
0.9999998342666699
0.9999998342666699
0.9999998342666699
0.9999998560333366
0.9999998568000033
0.9999998568000033
0.9999998568000033
0.9999998568000033
0.9999998568000033
0.9999998568000033
0.9999998568000033
0.9999998568000033
0.9999998568000033
0.9999998568000033
0.9999998568000033
0.9999998568000033
0.9999998568000033
0.9999998568000033
0.9999998568000033
0.9999998568000033
0.9999998568000033
0.9999998568000033
0.9999998568000033
0.9999998568000033
0.9999998568000033
0.9999998568000033
0.9999998568000033
0.9999998568000033
0.9999998568000033
0.9999998568000033
0.9999998568000033
0.9999998568000033
0.9999998568000033
0.9999998568000033
0.9999998573333366
0.9999998573333366
0.9999998573333366
0.9999998573333366
0.9999998573333366
0.9999998573333366
0.9999998573333366
0.9999998573333366
0.9999998573333366
0.9999998573333366
0.9999998573333366
0.9999998573333366
0.9999998573333366
0.9999998573333366
0.9999998573333366
0.9999998573333366
0.9999998573333366
0.9999998573333366
0.9999998573333366
0.9999998573333366
0.9999998573333366
0.9999998573333366
0.9999998573333366
0.9999998573333366
0.9999998573333366
0.9999998573333366
0.9999998573333366
0.9999998573333366
0.9999998573333366
0.9999998573333366
0.9999998573333366
0.99999990686667
0.9999999194000033
0.9999999223333367
0.9999999227000034
0.99999992276667
0.99999992276667
0.99999992276667
0.99999992276667
0.99999992276667
0.99999992276667
0.99999992276667
0.99999992276667
0.99999992276667
0.99999992276667
0.99999992276667
0.99999992276667
0.99999992276667
0.99999992276667
0.99999992276667
0.99999992276667
0.99999992276667
0.99999992276667
0.99999992276667
0.99999992276667
0.99999992276667
0.99999992276667
0.99999992276667
0.99999992276667
0.99999992276667
0.99999992276667
0.99999992276667
0.99999992276667
0.99999992276667
0.99999992276667
0.99999992276667
0.99999992276667
0.99999992276667
0.99999992276667
0.99999992276667
0.99999992276667
0.99999992276667
0.99999992276667
0.99999992276667
0.99999992276667
0.99999992276667
0.99999992276667
0.99999992276667
0.99999992276667
0.99999992276667
0.99999992276667
0.99999992276667
0.99999992276667
0.99999992276667
0.99999992276667
0.99999992276667
0.99999992276667
0.99999992276667
0.99999992276667
0.99999992276667
0.99999992276667
0.99999992276667
0.99999992276667
0.99999992276667
0.99999992276667
0.99999992276667
0.99999992276667
0.99999992276667
0.99999992276667
0.99999992276667
0.99999992276667
0.99999992276667
0.99999992276667
0.99999992276667
0.99999992276667
0.99999992276667
0.99999992276667
0.9999999530000033
0.9999999601333367
0.9999999617000034
0.9999999619000034
0.9999999619333367
0.9999999619333367
0.9999999619333367
0.9999999619333367
0.9999999619333367
0.9999999619333367
0.9999999619333367
0.9999999619333367
0.9999999619333367
0.9999999619333367
0.9999999619333367
0.9999999619333367
0.9999999619333367
0.9999999619333367
0.9999999619333367
0.9999999619333367
0.9999999619333367
0.9999999619333367
0.9999999619333367
0.9999999619333367
0.9999999619333367
0.9999999619333367
0.9999999619333367
0.9999999619333367
0.9999999619333367
0.9999999619333367
0.9999999619333367
0.9999999619333367
0.9999999619333367
0.9999999619333367
0.9999999619333367
0.9999999620333367
0.9999999620333367
0.9999999620333367
0.9999999620333367
0.9999999620333367
0.9999999620333367
0.9999999620333367
0.9999999620333367
0.9999999620333367
0.9999999620333367
0.9999999620333367
0.9999999620333367
0.9999999620333367
0.9999999620333367
0.9999999620333367
0.9999999620333367
0.9999999620333367
0.9999999620333367
0.9999999620333367
0.9999999620333367
0.9999999620333367
0.9999999620333367
0.9999999620333367
0.9999999620333367
0.9999999620333367
0.9999999620333367
0.9999999620333367
0.9999999620333367
0.9999999620333367
0.9999999620333367
0.9999999620333367
0.9999999620333367
0.9999999620333367
0.9999999620333367
0.9999999620333367
0.9999999620333367
0.9999999620333367
0.9999999621333368
0.9999999621333368
0.9999999621333368
0.9999999621333368
0.9999999621333368
0.9999999621333368
0.9999999621333368
0.9999999621333368
0.9999999621333368
0.9999999621333368
0.9999999621333368
0.9999999621333368
0.9999999621333368
0.9999999621333368
0.9999999621333368
0.9999999621333368
0.9999999621333368
0.9999999621333368
0.9999999621333368
0.9999999621333368
0.9999999621333368
0.9999999621333368
0.9999999621333368
0.9999999621333368
0.9999999763000034
0.9999999792666701
0.9999999798666701
0.9999999799000034
0.9999999799000034
0.9999999799000034
0.9999999799000034
0.9999999799000034
0.9999999799000034
0.9999999799000034
0.9999999799000034
0.9999999799000034
0.9999999799000034
0.9999999799000034
0.9999999799000034
0.9999999799000034
0.9999999799000034
0.9999999799000034
0.9999999799000034
0.9999999799000034
0.9999999799000034
0.9999999799000034
0.9999999799000034
0.9999999799000034
0.9999999799000034
0.9999999799000034
0.9999999799000034
0.9999999799000034
0.9999999799000034
0.9999999799000034
0.9999999799000034
0.9999999799000034
0.9999999799000034
0.9999999799000034
0.9999999799000034
0.9999999799000034
0.9999999799000034
0.9999999799000034
0.9999999799000034
0.9999999799000034
0.9999999799000034
0.9999999799000034
0.9999999799000034
0.9999999799000034
0.9999999799000034
0.9999999799000034
0.9999999799000034
0.9999999799000034
0.9999999799000034
0.9999999799000034
0.9999999799000034
0.9999999799000034
0.9999999799000034
0.9999999799000034
0.9999999799000034
0.9999999799000034
0.9999999799000034
0.9999999799000034
0.9999999799000034
0.9999999799000034
0.9999999799000034
0.9999999799000034
0.9999999799000034
0.9999999799000034
0.9999999815333368
0.9999999815666701
0.9999999815666701
0.9999999815666701
0.9999999815666701
0.9999999815666701
0.9999999815666701
0.9999999815666701
0.9999999815666701
0.9999999815666701
0.9999999815666701
0.9999999815666701
0.9999999815666701
0.9999999815666701
0.9999999815666701
0.9999999815666701
0.9999999815666701
0.9999999815666701
0.9999999815666701
0.9999999815666701
0.9999999815666701
0.9999999815666701
0.9999999815666701
0.9999999815666701
0.9999999815666701
0.9999999815666701
0.9999999815666701
0.9999999815666701
0.9999999815666701
0.9999999815666701
0.9999999815666701
0.9999999815666701
0.9999999815666701
0.9999999815666701
0.9999999815666701
0.9999999815666701
0.9999999815666701
0.9999999815666701
0.9999999815666701
0.9999999815666701
0.9999999815666701
0.9999999815666701
0.9999999815666701
0.9999999815666701
0.9999999815666701
0.9999999815666701
0.9999999815666701
0.9999999815666701
0.9999999880333368
0.9999999892666701
0.9999999894666701
0.9999999895000035
0.9999999895000035
0.9999999895000035
0.9999999895000035
0.9999999895000035
0.9999999895000035
0.9999999895000035
0.9999999895000035
0.9999999895000035
0.9999999895000035
0.9999999895000035
0.9999999895000035
0.9999999895000035
0.9999999895000035
0.9999999895000035
0.9999999895000035
0.9999999895000035
0.9999999895000035
0.9999999895000035
0.9999999895000035
0.9999999895000035
0.9999999895000035
0.9999999895000035
0.9999999895000035
0.9999999895000035
0.9999999895000035
0.9999999895000035
0.9999999895000035
0.9999999895000035
0.9999999895000035
0.9999999895000035
0.9999999895000035
0.9999999944666701
0.9999999953666701
0.9999999955000034
0.9999999955000034
0.9999999955000034
0.9999999955000034
0.9999999955000034
0.9999999955000034
0.9999999955000034
0.9999999955000034
0.9999999955000034
0.9999999955000034
0.9999999955000034
0.9999999955000034
0.9999999955000034
0.9999999955000034
0.9999999955000034
0.9999999955000034
0.9999999955000034
0.9999999955000034
0.9999999955000034
0.9999999955000034
0.9999999955000034
0.9999999955000034
0.9999999955000034
0.9999999955000034
0.9999999955000034
0.9999999955000034
0.9999999955000034
0.9999999955000034
0.9999999955000034
0.9999999955000034
0.9999999955000034
0.9999999955000034
0.9999999955000034
0.9999999955000034
0.9999999955000034
0.9999999955000034
0.9999999955000034
0.9999999955000034
0.9999999955000034
0.9999999955000034
0.9999999955000034
0.9999999955000034
0.9999999955000034
0.9999999961333367
0.9999999961333367
0.9999999961333367
0.9999999961333367
0.9999999961333367
0.9999999961333367
0.9999999961333367
0.9999999961333367
0.9999999961333367
0.9999999961333367
0.9999999961333367
0.9999999961333367
0.9999999961333367
0.9999999961333367
0.9999999961333367
0.9999999961333367
0.9999999961333367
0.9999999961333367
0.9999999961333367
0.9999999961333367
0.9999999961333367
0.9999999961333367
0.9999999961333367
0.9999999961333367
0.9999999961333367
0.9999999961333367
0.9999999961333367
0.9999999961333367
0.9999999961333367
0.9999999961333367
0.9999999961333367
0.9999999961333367
0.9999999961333367
0.9999999961333367
0.9999999961333367
0.9999999961333367
0.9999999961333367
0.9999999961333367
0.9999999961333367
0.9999999961333367
0.9999999961333367
0.9999999961333367
0.9999999961333367
0.9999999961333367
0.9999999961333367
0.9999999961333367
0.9999999961333367
0.9999999961333367
0.9999999961333367
0.9999999961333367
0.9999999961333367
0.9999999961333367
0.9999999961333367
0.9999999961333367
0.9999999961333367
0.9999999961333367
0.99999999616667
0.99999999616667
0.99999999616667
0.99999999616667
0.99999999616667
0.99999999616667
0.99999999616667
0.99999999616667
0.99999999616667
0.99999999616667
0.99999999616667
0.99999999616667
0.99999999616667
0.99999999616667
0.99999999616667
0.99999999616667
0.99999999616667
0.99999999616667
0.99999999616667
0.99999999616667
0.99999999616667
0.99999999616667
0.99999999616667
0.99999999616667
0.99999999616667
0.99999999616667
0.99999999616667
0.99999999616667
0.99999999616667
0.99999999616667
0.99999999616667
0.99999999616667
0.99999999616667
0.99999999616667
0.99999999616667
0.99999999616667
0.99999999616667
0.99999999616667
0.99999999616667
0.99999999616667
0.99999999616667
0.99999999616667
0.99999999616667
0.99999999616667
0.99999999616667
0.99999999616667
0.99999999616667
0.99999999616667
0.9999999974333367
0.9999999976000034
0.9999999976333367
0.9999999976333367
0.9999999976333367
0.9999999976333367
0.9999999976333367
0.9999999976333367
0.9999999976333367
0.9999999976333367
0.9999999976333367
0.9999999976333367
0.9999999976333367
0.9999999976333367
0.9999999976333367
0.9999999976333367
0.9999999976333367
0.9999999976333367
0.9999999976333367
0.9999999976333367
0.9999999976333367
0.9999999976333367
0.9999999976333367
0.9999999976333367
0.9999999976333367
0.9999999976333367
0.9999999976333367
0.9999999976333367
0.9999999976333367
0.9999999976333367
0.9999999976333367
0.9999999976333367
0.9999999986000033
0.9999999987333367
0.9999999987333367
0.9999999987333367
0.9999999987333367
0.9999999987333367
0.9999999987333367
0.9999999987333367
0.9999999987333367
0.9999999987333367
0.9999999987333367
0.9999999987333367
0.9999999987333367
0.9999999987333367
0.9999999987333367
0.9999999987333367
0.9999999987333367
0.9999999987333367
0.9999999987333367
0.9999999987333367
0.9999999987333367
0.9999999987333367
0.9999999987333367
0.9999999987333367
0.9999999987333367
0.9999999987333367
0.9999999987333367
0.9999999987333367
0.9999999987333367
0.9999999987333367
0.9999999987333367
0.9999999987333367
0.9999999987333367
0.9999999987333367
0.9999999987333367
0.9999999987333367
0.9999999987333367
0.9999999987333367
0.9999999987333367
0.9999999987333367
0.9999999987333367
0.9999999987333367
0.9999999987333367
0.9999999987333367
0.9999999987333367
0.9999999987333367
0.9999999987333367
0.9999999987333367
0.9999999987333367
0.9999999987333367
0.9999999987333367
0.9999999987333367
0.9999999987333367
0.9999999987333367
0.9999999987333367
0.9999999987333367
0.9999999987333367
0.9999999987333367
0.9999999987333367
0.9999999987333367
0.9999999987333367
0.9999999987333367
0.9999999987333367
0.9999999987333367
0.9999999987333367
0.99999999926667
0.9999999993333367
0.9999999993666701
0.9999999993666701
0.9999999993666701
0.9999999993666701
0.9999999993666701
0.9999999993666701
0.9999999993666701
0.9999999993666701
0.9999999993666701
0.9999999993666701
0.9999999993666701
0.9999999993666701
0.9999999993666701
0.9999999993666701
0.9999999993666701
0.9999999993666701
0.9999999993666701
0.9999999993666701
0.9999999993666701
0.9999999993666701
0.9999999993666701
0.9999999993666701
0.9999999993666701
0.9999999993666701
0.9999999993666701
0.9999999993666701
0.9999999993666701
0.9999999993666701
0.9999999993666701
0.9999999993666701
0.9999999993666701
0.9999999993666701
0.9999999993666701
0.9999999993666701
0.9999999993666701
0.9999999993666701
0.9999999993666701
0.9999999993666701
0.9999999993666701
0.9999999997666701
0.9999999998333368
0.9999999998333368
0.9999999998333368
0.9999999998333368
0.9999999998333368
0.9999999998333368
0.9999999998333368
0.9999999998333368
0.9999999998333368
0.9999999998333368
0.9999999998333368
0.9999999998333368
0.9999999998333368
0.9999999998333368
0.9999999998333368
0.9999999998333368
0.9999999998333368
0.9999999998333368
0.9999999998333368
0.9999999998333368
0.9999999998333368
0.9999999998333368
0.9999999998333368
0.9999999998333368
0.9999999998333368
0.9999999998333368
0.9999999998333368
0.9999999998333368
0.9999999998333368
0.9999999998333368
0.9999999998333368
0.9999999998333368
0.9999999998333368
0.9999999998333368
0.9999999998333368
0.9999999998333368
0.9999999998333368
0.9999999998333368
0.9999999998666701
0.9999999998666701
0.9999999998666701
0.9999999998666701
0.9999999998666701
0.9999999998666701
0.9999999998666701
0.9999999998666701
0.9999999998666701
0.9999999998666701
0.9999999998666701
0.9999999998666701
0.9999999998666701
0.9999999998666701
0.9999999998666701
0.9999999998666701
0.9999999998666701
0.9999999998666701
0.9999999998666701
0.9999999998666701
0.9999999998666701
0.9999999998666701
0.9999999998666701
0.9999999998666701
0.9999999998666701
0.9999999998666701
0.9999999998666701
0.9999999998666701
0.9999999998666701
0.9999999998666701
0.9999999998666701
0.9999999998666701
0.9999999998666701
0.9999999998666701
0.9999999998666701
0.9999999998666701
0.9999999998666701
0.9999999998666701
0.9999999998666701
0.9999999998666701
0.9999999998666701
0.9999999998666701
0.9999999998666701
0.9999999998666701
0.9999999998666701
0.9999999998666701
0.9999999998666701
0.9999999998666701
0.9999999998666701
0.9999999998666701
0.9999999998666701
0.9999999998666701
0.9999999998666701
0.9999999998666701
0.9999999998666701
0.9999999998666701
0.9999999998666701
0.9999999998666701
0.9999999998666701
0.9999999998666701
0.9999999998666701
0.9999999998666701
0.9999999998666701
0.9999999998666701
0.9999999998666701
0.9999999998666701
0.9999999998666701
0.9999999998666701
0.9999999998666701
0.9999999998666701
0.9999999998666701
0.9999999998666701
0.9999999998666701
0.9999999998666701
0.9999999998666701
0.9999999998666701
0.9999999998666701
0.9999999998666701
0.9999999998666701
0.9999999998666701
0.9999999998666701
0.9999999998666701
0.9999999998666701
0.9999999998666701
0.9999999998666701
0.9999999998666701
0.9999999998666701
0.9999999998666701
0.9999999998666701
0.9999999998666701
0.9999999998666701
0.9999999998666701
0.9999999998666701
0.9999999998666701
0.9999999998666701
0.9999999998666701
0.9999999998666701
0.9999999998666701
0.9999999998666701
0.9999999998666701
0.9999999998666701
0.9999999998666701
0.9999999998666701
0.9999999998666701
0.9999999998666701
0.9999999998666701
0.9999999998666701
0.9999999998666701
0.9999999998666701
0.9999999998666701
0.9999999998666701
0.9999999998666701
0.9999999998666701
0.9999999998666701
0.9999999998666701
0.9999999998666701
0.9999999998666701
0.9999999998666701
0.9999999998666701
0.9999999998666701
0.9999999998666701
0.9999999998666701
0.9999999998666701
0.9999999998666701
0.9999999998666701
0.9999999998666701
0.9999999998666701
0.9999999998666701
0.9999999998666701
0.9999999998666701
0.9999999998666701
0.9999999998666701
0.9999999998666701
0.9999999998666701
0.9999999998666701
0.9999999998666701
0.9999999998666701
0.9999999998666701
0.9999999998666701
0.9999999998666701
0.9999999998666701
0.9999999998666701
0.9999999998666701
0.9999999998666701
0.9999999998666701
0.9999999998666701
0.9999999998666701
0.9999999998666701
0.9999999998666701
0.9999999998666701
0.9999999998666701
0.9999999998666701
0.9999999998666701
0.9999999998666701
0.9999999998666701
0.9999999998666701
0.9999999998666701
0.9999999998666701
0.9999999998666701
0.9999999998666701
0.9999999998666701
0.9999999998666701
0.9999999998666701
0.9999999998666701
0.9999999999333368
0.9999999999333368
0.9999999999333368
0.9999999999333368
0.9999999999333368
0.9999999999333368
0.9999999999333368
0.9999999999333368
0.9999999999333368
0.9999999999333368
0.9999999999333368
0.9999999999333368
0.9999999999333368
0.9999999999333368
0.9999999999333368
0.9999999999333368
0.9999999999333368
0.9999999999333368
0.9999999999333368
0.9999999999333368
0.9999999999333368
0.9999999999333368
0.9999999999333368
0.9999999999333368
0.9999999999333368
0.9999999999333368
0.9999999999333368
0.9999999999333368
0.9999999999333368
0.9999999999333368
0.9999999999333368
0.9999999999333368
0.9999999999333368
0.9999999999333368
0.9999999999333368
0.9999999999333368
0.9999999999333368
0.9999999999333368
0.9999999999333368
0.9999999999333368
0.9999999999333368
0.9999999999333368
0.9999999999333368
0.9999999999333368
0.9999999999333368
0.9999999999333368
0.9999999999333368
0.9999999999333368
0.9999999999333368
0.9999999999333368
0.9999999999333368
0.9999999999333368
0.9999999999333368
0.9999999999333368
0.9999999999333368
0.9999999999333368
0.9999999999333368
0.9999999999333368
0.9999999999333368
0.9999999999333368
0.9999999999333368
0.9999999999333368
0.9999999999333368
0.9999999999333368
0.9999999999333368
0.9999999999333368
0.9999999999333368
0.9999999999333368
0.9999999999333368
0.9999999999333368
0.9999999999333368
0.9999999999333368
0.9999999999333368
0.9999999999333368
0.9999999999333368
0.9999999999333368
0.9999999999333368
0.9999999999333368
0.9999999999333368
0.9999999999333368
0.9999999999333368
0.9999999999333368
0.9999999999333368
0.9999999999333368
0.9999999999333368
0.9999999999333368
0.9999999999333368
0.9999999999333368
0.9999999999333368
0.9999999999333368
0.9999999999333368
0.9999999999333368
0.9999999999333368
0.9999999999333368
0.9999999999333368
0.9999999999333368
0.9999999999333368
0.9999999999333368
0.9999999999333368
0.9999999999333368
0.9999999999333368
0.9999999999333368
0.9999999999333368
0.9999999999333368
0.9999999999333368
0.9999999999333368
0.9999999999333368
0.9999999999333368
0.9999999999333368
0.9999999999333368
0.9999999999333368
0.9999999999333368
0.9999999999333368
0.9999999999333368
0.9999999999333368
0.9999999999333368
0.9999999999333368
0.9999999999333368
0.9999999999333368
0.9999999999333368
0.9999999999333368
0.9999999999333368
0.9999999999333368
0.9999999999333368
0.9999999999333368
0.9999999999333368
0.9999999999333368
0.9999999999333368
0.9999999999333368
0.9999999999333368
0.9999999999333368
0.9999999999333368
0.9999999999333368
0.9999999999333368
0.9999999999333368
0.9999999999333368
0.9999999999333368
0.9999999999333368
0.9999999999333368
0.9999999999333368
0.9999999999333368
0.9999999999333368
0.9999999999333368
0.9999999999333368
0.9999999999333368
0.9999999999333368
0.9999999999333368
0.9999999999333368
0.9999999999333368
0.9999999999333368
0.9999999999333368
0.9999999999333368
0.9999999999333368
0.9999999999333368
0.9999999999333368
0.9999999999333368
0.9999999999333368
0.9999999999333368
0.9999999999333368
0.9999999999333368
0.9999999999333368
0.9999999999333368
0.9999999999333368
0.9999999999333368
0.9999999999333368
0.9999999999333368
0.9999999999333368
0.9999999999333368
0.9999999999333368
0.9999999999333368
0.9999999999333368
0.9999999999333368
0.9999999999333368
0.9999999999333368
0.9999999999333368
0.9999999999333368
0.9999999999333368
0.9999999999333368
0.9999999999333368
0.9999999999333368
0.9999999999333368
0.9999999999333368
0.9999999999333368
0.9999999999333368
0.9999999999333368
0.9999999999333368
0.9999999999333368
0.9999999999333368
0.9999999999333368
0.9999999999333368
0.9999999999333368
0.9999999999333368
0.9999999999333368
0.9999999999333368
0.9999999999333368
0.9999999999333368
0.9999999999333368
0.9999999999333368
0.9999999999333368
0.9999999999333368
0.9999999999333368
0.9999999999333368
0.9999999999333368
0.9999999999333368
0.9999999999333368
0.9999999999333368
0.9999999999333368
0.9999999999333368
0.9999999999333368
0.9999999999333368
0.9999999999333368
0.9999999999333368
0.9999999999333368
0.9999999999333368
0.9999999999333368
