0.0
4.2114e-06
4.284366666666667e-06
4.006066666666666e-06
4.083166666666667e-06
4.589133333333334e-06
4.654499999999999e-06
4.471533333333334e-06
4.569666666666667e-06
4.5161e-06
4.781566666666667e-06
4.801533333333333e-06
5.013133333333334e-06
4.983666666666667e-06
5.2942333333333335e-06
5.310166666666666e-06
5.5026000000000005e-06
5.436233333333333e-06
5.437566666666667e-06
5.703066666666666e-06
5.786133333333334e-06
1.823513333333333e-05
5.919766666666667e-06
1.8848900000000002e-05
6.202266666666667e-06
1.8433566666666666e-05
6.4782e-06
1.8917966666666664e-05
6.509733333333334e-06
2.0479533333333333e-05
6.924333333333333e-06
1.3878533333333333e-05
1.3461899999999999e-05
1.3744533333333334e-05
1.3648866666666666e-05
1.4345866666666666e-05
3.54282e-05
1.4997466666666667e-05
1.4968600000000001e-05
3.6172933333333334e-05
1.5859333333333332e-05
1.6377733333333334e-05
3.897376666666667e-05
1.6316433333333335e-05
1.701976666666667e-05
3.97458e-05
4.6277766666666666e-05
1.77087e-05
7.068633333333333e-05
1.8514133333333333e-05
4.74043e-05
4.338823333333333e-05
4.867856666666666e-05
1.951796666666667e-05
7.694523333333333e-05
2.0666733333333333e-05
2.1341466666666665e-05
2.0775166666666667e-05
2.3045499999999998e-05
2.2930366666666666e-05
2.3900833333333333e-05
2.4947166666666667e-05
2.6176400000000002e-05
2.6356266666666667e-05
6.54659e-05
5.91559e-05
2.7184433333333334e-05
2.8272166666666667e-05
2.8703866666666665e-05
0.00014858756666666668
2.9453966666666666e-05
7.670666666666666e-05
3.075723333333333e-05
0.00011289413333333333
7.332976666666666e-05
7.841536666666667e-05
3.25013e-05
0.00012104286666666665
8.945136666666667e-05
6.985526666666667e-05
3.14759e-05
3.202403333333333e-05
3.343683333333333e-05
3.486326666666667e-05
3.49209e-05
3.680853333333334e-05
0.0001333596
3.8028566666666664e-05
3.947096666666666e-05
8.951263333333333e-05
0.00014689386666666667
4.115476666666666e-05
0.0002141393
4.29409e-05
0.0001052285
0.0002167701
0.0001080312
4.544553333333333e-05
0.00016899930000000002
0.00010745076666666666
3.6945433333333334e-05
3.760943333333334e-05
4.1249966666666666e-05
4.046673333333334e-05
4.294516666666666e-05
9.359806666666666e-05
4.474036666666667e-05
4.6817199999999996e-05
4.721236666666667e-05
0.00010782256666666667
4.8837333333333334e-05
5.0612566666666664e-05
5.13985e-05
0.00019779846666666666
5.280286666666666e-05
0.0002553266
5.5059500000000004e-05
0.0002207266666666667
0.00013439136666666668
0.00013744459999999998
5.8335866666666665e-05
0.00037370066666666667
0.00013110850000000001
5.040233333333333e-05
5.2417400000000004e-05
5.457146666666667e-05
0.00012697836666666665
5.756116666666667e-05
0.00020361306666666668
5.95998e-05
6.168983333333334e-05
0.00013875063333333333
6.43882e-05
0.00030925003333333334
6.7104e-05
0.00033279500000000004
0.0002376785
0.00016658113333333334
7.11575e-05
0.00033957040000000006
0.0002643798
5.348256666666667e-05
5.442913333333334e-05
5.8365799999999996e-05
0.00013126576666666666
6.184533333333334e-05
6.434903333333333e-05
0.00013326426666666666
0.0001554001
6.784733333333334e-05
7.030523333333333e-05
7.269416666666667e-05
0.00017816116666666666
0.00035067683333333334
7.59e-05
7.906396666666667e-05
0.0002860418
0.0002929105
0.00019537056666666666
8.389563333333334e-05
0.0005263087
8.816823333333334e-05
6.725686666666668e-05
7.122073333333333e-05
7.406516666666666e-05
7.44284e-05
7.806270000000001e-05
8.0943e-05
8.361646666666666e-05
0.0002972853333333333
0.0003042344
8.732716666666667e-05
9.09282e-05
0.00032150209999999997
0.0006679591666666668
0.00022374559999999998
9.653573333333333e-05
0.0003472238666666667
0.0002233686
7.115046666666668e-05
7.754826666666666e-05
8.053563333333333e-05
8.371190000000001e-05
0.00018267296666666665
8.819876666666666e-05
0.00019481959999999998
9.150276666666667e-05
9.444716666666667e-05
0.0002087899
9.865859999999999e-05
0.00036506736666666665
0.00010268533333333333
0.0004733591
0.0002368005666666667
0.00025164193333333335
0.00010906323333333334
0.0005228798
0.00027969133333333336
8.5845e-05
0.0001876217
8.978203333333333e-05
0.0003122334333333333
9.328123333333333e-05
0.0003153064333333333
0.00023184063333333334
0.0002209315666666667
0.00010197426666666668
0.0002536242666666667
0.00035279386666666666
0.0003988788333333333
0.00010988310000000001
0.0008115248333333334
0.0001143238
0.0005591576000000001
0.00040799306666666665
0.0004558048666666667
0.00012146396666666666
0.0008884662666666667
0.00026799223333333333
8.621800000000001e-05
8.770566666666667e-05
9.456173333333333e-05
0.00019589176666666666
9.89521e-05
0.00010276526666666666
0.0001070638
0.0002417682
0.00011089036666666666
0.00011234736666666667
0.00026447
0.00024400446666666668
0.00012098973333333332
0.0005947263333333333
0.00012583213333333334
0.0002981892000000003
0.00027603016666666666
0.0004833421
0.00013372393333333334
0.0007968219666666664
0.0001401117
0.00010803813333333333
0.000112156
0.0002608726666666667
0.0001226122
0.00028480983333333335
0.00041189369999999995
0.0001319674
0.0007912653000000001
0.0001371988
0.0008298099999999997
0.0005201959
0.00014582926666666666
0.0006735049
0.0007009502333333334
0.00010403413333333333
0.00011174316666666666
0.00011081546666666667
0.00023259746666666668
0.0001170326
0.0001214456
0.0002582694
0.00027193230000000006
0.0001308503
0.00013275910000000001
0.0002968299666666667
0.0001388033
0.0005032920333333334
0.00014280546666666668
0.0006696946
0.0001484126
0.0005317906666666664
0.00031359756666666665
0.000547900966666667
0.00015776666666666666
0.000738709233333333
0.00016509003333333333
0.00012592793333333332
0.00013062643333333333
0.0002706928666666667
0.00028489509999999967
0.00014277839999999998
0.000310822
0.0006901170000000001
0.00015349333333333334
0.0001594624
0.0005602538666666666
0.0009220878666666671
0.0005770670333333334
0.00016952290000000033
0.0012051723666666662
0.00017728206666666667
0.0001200796
0.00012854693333333333
0.00013471689999999998
0.0001396909
0.0003005068
0.000519448666666667
0.00015266089999999968
0.0003275308
0.0009601242666666672
0.00016402063333333333
0.00017033736666666665
0.0010189086666666665
0.0006041200333333337
0.0006083684333333333
0.00018108516666666668
0.001459118933333334
0.000645942299999999
0.00014339233333333332
0.00014863153333333334
0.00014979889999999999
0.0003149332
0.00016239753333333366
0.00034301266666666666
0.0005868483333333334
0.00017437736666666665
0.00018102683333333334
0.0006196109333333337
0.0006377452333333337
0.00019244113333333334
0.0006607614000000004
0.00043175809999999995
0.00013561053333333332
0.00013578913333333334
0.00014492396666666667
0.00014672656666666665
0.00015194723333333335
0.0001574411
0.00016352993333333332
0.00016541796666666667
0.00016914433333333333
0.00034455403333333333
0.00017197933333333332
0.00035999436666666663
0.0001793834
0.0006150562666666664
0.00018455356666666667
0.0006349887333333336
0.00019152063333333335
0.0006491859999999993
0.00019871693333333332
0.0006679289333333326
0.00020357863333333366
0.0006913647999999994
0.00021251153333333333
0.00015491613333333334
0.00016037476666666667
0.00016611250000000036
0.0005633228
0.000596446666666667
0.0001813978
0.0003747288
0.0006233525666666667
0.00019453986666666666
0.0011138785
0.00020180856666666668
0.0011503134
0.000683287033333333
0.000695108866666666
0.00021448616666666667
0.0012120381999999998
0.0007337087000000004
0.00015065956666666667
0.00015111263333333333
0.000160827
0.00016298176666666668
0.00016866829999999999
0.00017463883333333332
0.00018122339999999967
0.00018735086666666666
0.00019064456666666665
0.00019562266666666667
0.00019862720000000033
0.0006667534666666669
0.000204327
0.0006878581666666663
0.00021188116666666633
0.0007035188
0.00021969589999999966
0.0007233980000000006
0.000225152433333333
0.0007475063666666666
0.00023475176666666633
0.00035882403333333305
0.00039225193333333334
0.00041014646666666664
0.000880094799999999
0.000458075133333332
0.0009384994333333333
0.0009543014999999997
0.0004896668333333337
0.001964851933333333
0.0005051196999999996
0.0010134013000000007
0.0012827608999999983
0.001040348966666666
0.0005320408000000003
0.0015947102999999989
0.0010800969000000005
0.00034536936666666664
0.00038468433333333337
0.00040322156666666666
0.0004214267333333333
0.0004396081
0.00047021443333333373
0.00048778596666666703
0.0005023298666666663
0.0005180282333333326
0.0015580445999999997
0.0010565822666666678
0.0010716320666666658
0.0005454229666666673
0.0016419208999999986
0.000560981766666668
0.00037500509999999963
0.00040978053333333306
0.00042837853333333364
0.000446966866666667
0.000464472566666667
0.00047844103333333335
0.0009899681666666674
0.0005114595999999997
0.0005276165333333337
0.0005347492999999997
0.0010792246999999995
0.0010975626
0.0005559558666666663
0.0016843657666666667
0.0005719708999999994
0.00018041490000000033
0.0003853394
0.0004015244333333326
0.0004207557333333334
0.00043965309999999936
0.0004585216333333336
0.0004763028333333343
0.0004905362666666673
0.0005088009666666666
0.0005240224333333334
0.0005403882666666673
0.0005563022333333334
0.0005630050000000006
0.0005691305333333334
0.0011567016999999996
0.0005853028666666677
0.0004365081000000003
0.00045555926666666734
0.0005066340666666663
0.001043806400000001
0.0005400283666666673
0.0005562909999999998
0.002009866766666667
0.0005847725999999998
0.0011767691666666664
0.0015105478999999991
0.00020525156666666668
0.0004171545333333333
0.00044700616666666664
0.00045565046666666635
0.0004663302666666666
0.0004855473999999996
0.0004937572333333337
0.0005036390333333333
0.0005181551333333336
0.0005284575000000004
0.0005365934666666663
0.000846236666666667
0.0005519525333333331
0.0014225666999999993
0.000568387133333333
0.0011980334999999993
0.0005843347666666669
0.0009029901000000013
0.0005972059333333317
0.0018386690666666672
0.0009167775666666674
0.00021198580000000034
0.00044243300000000027
0.0004543131
0.00047396370000000066
0.00048204966666666666
0.0005018941333333333
0.0005119359999999993
0.0005268199666666663
0.0005372753333333327
0.0005455816666666669
0.000859775833333334
0.0005612786999999996
0.0014484818333333324
0.000578030333333333
0.0008984089333333327
0.0011843714666666674
0.000917488333333333
0.0006075076000000013
0.0015490987333333314
0.0006238565333333337
0.00022234156666666634
0.0004650150333333333
0.00048491089999999995
0.0005046664333333334
0.0005131765333333344
0.0005304230000000004
0.0005384151333333326
0.000548935933333334
0.0005573251333333327
0.0005731728333333324
0.0008967437333333327
0.0005900346000000001
0.0015091852666666683
0.0006063923666666663
0.0009332495333333337
0.000619723099999999
0.0012647491666666667
0.000958507500000001
0.00047363139999999994
0.0004937997666666663
0.0005021742
0.0005224658666666667
0.0005481105666666666
0.0005587270333333341
0.0014638639333333333
0.0005833146999999997
0.000600369766666667
0.0009276144333333347
0.0024880581666666657
0.0009467218333333342
0.0006304559666666654
0.0019248126666666662
0.0006469438666666677
0.0002429165666666667
0.0004950296333333333
0.0005061589333333333
0.0005146234000000003
0.0005262783666666667
0.000535002
0.000545275033333333
0.0005525944
0.0005607784333333334
0.0005713833666666656
0.0005799040999999997
0.0009031783000000004
0.000595986100000001
0.0009245531999999998
0.000612987433333333
0.0009424606666666679
0.0006294504333333319
0.0009613392666666667
0.000642944966666667
0.0009805741666666684
0.000659265666666665
0.000515579866666667
0.0008513753333333336
0.000570822699999999
0.0008979447333333337
0.0006063088333333326
0.0006234079000000004
0.0022289560000000033
0.0012942772999999979
0.0012910599333333327
0.0006535647000000007
0.0026248838999999987
0.0016557761666666667
0.00026342563333333333
0.0005355391999999997
0.0005472619333333347
0.000556169866666666
0.0005665390333333337
0.000574039800000001
0.0005823828999999993
0.0005930156666666676
0.0006016261999999994
0.0009274572999999997
0.000617858766666666
0.0009485660666666652
0.0006348964666666669
0.0009667715333333326
0.0006513545666666666
0.0009853077333333337
0.0006649178333333341
0.001003474133333334
0.0006810541666666666
0.0002721831999999997
0.0005651732333333338
0.0005917025666666677
0.0006023777999999997
0.0009372270666666685
0.000627450533333333
0.000644578400000001
0.0009766599000000003
0.0009950813000000006
0.0006747846
0.0010127812333333337
0.0010289505
0.00028393856666666765
0.0008877301000000013
0.0009041570000000017
0.000603450333333333
0.0009348999666666652
0.0006226940666666665
0.0006389709000000003
0.001293503900000002
0.0006559195999999996
0.0009874079999999993
0.0010066860000000001
0.0013273504999999997
0.0006857505
0.002032460800000001
0.0010094788666666658
0.00029304226666666735
0.0005965419666666657
0.0009240355333333337
0.0006128411000000007
0.0006234416999999994
0.0009569822000000013
0.0009569146333333344
0.0006484968999999997
0.0013085449666666675
0.000665457766666667
0.0009958119
0.00102024
0.0010136079666666672
0.0006953094666666666
0.0013753978
0.0007109857333333333
0.0006233544999999996
0.0006338911000000004
0.000964688999999999
0.001625008366666664
0.0006588665333333343
0.0006756888333333334
0.0016481122333333344
0.0013356032000000008
0.0010216291333333333
0.0007052483333333334
0.0030235917
0.0007206393666666667
0.0006313656666666667
0.000969976933333333
0.0013107610999999993
0.0006670415
0.001992717233333333
0.0006838917666666666
0.001678510033333333
0.0013524259666666697
0.0007135110333333333
0.001727943966666666
0.0017228145999999983
0.00032005200000000036
0.0006506247333333338
0.000659383466666666
0.000977797099999999
0.0006758257666666667
0.0009975246999999984
0.0006926345000000001
0.001015907733333333
0.0007087013666666667
0.0010328070000000006
0.0007221593666666668
0.0010473813666666654
0.0007372460666666668
0.0003305110666666667
0.0010027766000000003
0.0009848445333333323
0.0006859788333333334
0.0013429128000000017
0.0007025239999999999
0.0010222253666666676
0.0010632542666666666
0.0010385918333333328
0.0007314938999999999
0.0014032362999999992
0.0007461470333333333
0.0003391852333333333
0.0019932520333333296
0.0006945838666666666
0.0013430097000000025
0.0007109802000000001
0.001709867833333334
0.0010621809000000001
0.0013718105666666656
0.0007396346666666667
0.001740720333333335
0.0010244421666666668
0.001321849933333334
0.000997265266666667
0.0010032434333333332
0.0016587463333333347
0.002348011833333334
0.0013121606666666656
0.0010073063000000009
0.0020052497333333343
0.001699160099999999
0.0003553233666666667
0.0010153769333333348
0.0007267048333333333
0.0010329587
0.0007418712666666667
0.001048032399999999
0.0007546435666666667
0.0010597647333333306
0.0007683012000000001
0.0010203802333333322
0.0023167733666666634
0.0020558711999999995
0.0016502936333333315
0.0010224703333333314
0.0023535901999999936
0.0010216834666666656
0.00037111053333333335
0.0010373091999999983
0.0007567596666666667
0.0010512946666666684
0.000769013
0.0010615345000000035
0.0007817593
0.000660154133333335
0.002339405133333331
0.0013209046666666704
0.0010378929666666652
0.0020106909666666676
0.0013521301666666642
0.001006261600000004
0.0013883305999999988
0.0007822142666666665
0.0026442060999999966
0.0013696038666666645
0.000659952633333332
0.0010496685999999986
0.0016532140999999977
0.0010463204333333346
0.00039667033333333333
0.001057098933333334
0.0008041509999999999
0.0013411814000000002
0.0019221764333333352
0.0004068190666666667
0.00032098833333333297
0.0009675105666666646
0.0006651440333333327
0.0009793403
0.0006729824333333324
0.0013358281666666669
0.0009678168999999998
0.0006807664333333334
0.0006801475333333339
0.000937659266666667
0.0013394568333333326
0.0009166115666666648
0.0006749567666666673
0.0021478258999999998
0.0006700442000000003
0.0014862027666666697
0.0009868073000000009
0.0010848005666666675
0.0006566398666666654
0.002058542499999996
0.0009896266666666697
0.00030973836666666767
0.00031422616666666633
0.000323014833333333
0.000328453333333334
0.0003353837333333333
0.00034232483333333335
0.0003493741
0.0003527298333333333
0.0006451977000000013
0.001047689699999999
0.0003629006666666667
0.0007238151000000001
0.00037053490000000004
0.0015890928999999956
0.00037742016666666663
0.0009659141666666643
0.0003847663333333333
0.0013123324333333317
0.0006829411000000007
0.0009697603999999971
0.00039937396666666665
0.0013124173666666664
0.000574995366666668
0.00032671923333333166
0.0006651386333333308
0.0006707992000000001
0.0006784037
0.0006807630333333333
0.0006844568333333333
0.0012940200666666675
0.000684588633333334
0.000684121433333332
0.0006826643
0.0012520910999999993
0.000678204099999999
0.0018544183333333362
0.0006725607000000013
0.0008949119999999974
0.0018800674000000012
0.0008860192000000021
0.0006577069999999976
0.0015500671999999949
0.0009183735666666674
0.00031063016666666636
0.00031364240000000067
0.000314892333333333
0.00031821883333333164
0.0003232903333333333
0.0003264644666666667
0.00032839023333333466
0.000331862799999999
0.00033453366666666667
0.0003385009
0.0003415085333333333
0.00034511636666666667
0.0003481284333333333
0.0003517826
0.00035502859999999995
0.0003585820666666667
0.0003614136666666667
0.0003647808
0.0003685441
0.0003718889
0.0005930018000000027
0.00037839696666666666
0.0005987596666666663
0.0003852110666666667
0.0006066676666666674
0.0003921355
0.0006118679333333316
0.00039882919999999997
0.0006138464999999993
0.00040551460000000004
0.000333256933333333
0.0006765437
0.0006834112666666667
0.0009888535000000017
0.0009887481000000011
0.0006872354333333346
0.0010486801999999998
0.0009873808000000037
0.0006789287666666663
0.0015471609666666626
0.0006722629333333343
0.0018029222333333283
0.0009690036000000018
0.0012136680333333326
0.0006555194666666683
0.0014958140666666614
0.0011591519000000016
0.00031824093333333197
0.00032145063333333465
0.0003291197000000003
0.0006553544333333346
0.0003407588333333333
0.0003470154
0.00035326553333333335
0.0006473284000000024
0.0006715555000000001
0.00036565910000000004
0.0006279779666666672
0.000719995
0.00037829726666666665
0.001810209033333335
0.00038454203333333336
0.0007533585999999983
0.0009531662000000007
0.0007783242666666658
0.00039708703333333334
0.0022128710333333334
0.0007214952666666647
0.0006809459666666667
0.0006872884999999999
0.0006891841333333333
0.0006912592666666666
0.0006892972000000017
0.0006877288000000004
0.0015692715000000038
0.000679325266666668
0.0006717278999999998
0.001180894766666671
0.0029026151333333334
0.0008511229333333311
0.0006531900333333307
0.0016335262000000033
0.0006423135666666666
0.0003192619000000006
0.0003239315666666666
0.0003309951666666663
0.0003362192666666667
0.0003421759666666667
0.0003480434333333334
0.00035384800000000003
0.0006168543666666694
0.0003655666333333333
0.00036861619999999996
0.00037151906666666666
0.0015034213999999997
0.0003771613
0.000928551500000001
0.0003828049666666667
0.0012495718666666637
0.000641929066666668
0.0009241040333333336
0.00039420443333333335
0.001238317799999996
0.000519572166666665
0.00034257579999999997
0.0009708184666666691
0.0006904272666666667
0.0006918775666666666
0.0009777272333333334
0.0006927475333333333
0.0006922062000000004
0.0009734077999999963
0.0006892011666666647
0.0006869296666666677
0.0009681156000000019
0.0008618694333333309
0.0006768782
0.0011363676666666656
0.0006680964666666666
0.0008431058333333336
0.000940935633333334
0.0008304026666666666
0.0006474251333333347
0.0010955763333333332
0.0006353491999999996
0.00031833433333333303
0.0003210004999999997
0.0003227433333333327
0.0003256747000000003
0.00032932616666666567
0.0003321083333333343
0.00033423513333333336
0.00033720036666666666
0.0003397353333333333
0.00034277373333333334
0.00034543176666666667
0.0003482252666666667
0.00035095486666666666
0.0003535585
0.00035636556666666664
0.00035907603333333333
0.00036164996666666665
0.00036453829999999997
0.00036721313333333333
0.0003698715333333333
0.0005464035000000034
0.00037503346666666667
0.0005495431666666664
0.0003800499
0.0005549255333333339
0.0003850504
0.0005575845333333343
0.00039024303333333335
0.0005572436333333344
0.00039449713333333336
0.0009568777000000001
0.00088867873333333
0.0008306508000000003
0.000800331766666665
0.0015322856
0.001445442399999998
0.0007410625999999977
0.0021741297333333345
0.0016627845666666665
0.0003195182333333343
0.00032204466666666735
0.00032392359999999966
0.00032669566666666735
0.00032985479999999933
0.00033247943333333433
0.0003346432666666667
0.0003374111
0.0003398706666666666
0.00034257683333333336
0.0003450893333333333
0.0003475888333333333
0.00035019176666666664
0.00035242886666666666
0.00035505769999999995
0.000357464
0.0003599185333333333
0.0003626126
0.0003649048333333333
0.0003673060333333333
0.0005293750333333344
0.000371962
0.0005316736333333342
0.00037633066666666666
0.0005361815333333326
0.0003806409
0.0005380311999999983
0.00038526816666666666
0.0005370209333333334
0.0003886802
0.00034697326666666665
0.0006946754333333333
0.0009600201333333341
0.0006934787333333334
0.0006918268333333366
0.0009514828666666671
0.0006871786333333317
0.0006836353999999993
0.0009420403333333347
0.0008281698666666647
0.0006705775333333332
0.001077109100000004
0.000659573566666663
0.0008041275000000004
0.0009059646333333353
0.000788987933333334
0.0006347594999999986
0.001026644166666667
0.0006203200666666677
0.0006466745333333336
0.000635992933333331
0.0006245153666666661
0.0006100249666666694
0.0009080631333333336
0.0005578186999999993
0.0008084352999999999
0.0005217964666666661
0.0005049157666666654
0.001850925700000007
0.0010051431999999973
0.0009756069000000073
0.0004759693999999997
0.0016202220666666591
0.000462855533333332
0.0003475544
0.0006930119666666667
0.0006854758333333347
0.0006813431666666654
0.0008114159333333347
0.0006668594666666657
0.0006547763333333341
0.000784882799999998
0.0007685878333333317
0.0006278804999999998
0.0007490745000000031
0.000794699666666669
0.00032664623333333295
0.0003310884333333337
0.0003332811666666657
0.00033991086666666667
0.0003439869
0.0006407668666666674
0.0006203778333333324
0.0003562384
0.0006123415333333397
0.00035961106666667
0.0009471052666666667
0.00036319636666666663
0.0016367163666666771
0.0003662301
0.000785046500000003
0.0008637375333333346
0.0006720390000000069
0.0003725558
0.0015483823666666667
0.0006340110000000006
0.0005906516000000033
0.0008802500333333304
0.0010863782
0.000814212533333334
0.0007800073333333274
0.0009171828000000044
0.0011709603666666647
0.0012043947333333323
0.0007138513666666663
0.0016579907333333357
0.001066019366666668
0.00031914933333333334
0.00032119789999999934
0.00032339133333333367
0.00032561929999999997
0.0003272900999999994
0.00032937843333333267
0.0003315635333333343
0.00033367563333333333
0.0003358292
0.0003375039
0.00033951019999999666
0.0003410904
0.0003432324
0.00034435766666666664
0.00034637816666667
0.0003478355999999967
0.0003498485333333333
0.0003518811333333367
0.0003530076
0.00035458303333333333
0.000476239633333336
0.00035761266666666663
0.00047617676666666893
0.00035997016666666667
0.00047810659999999663
0.00036214793333333
0.000477704766666669
0.00036496283333333336
0.00047496343333333396
0.00036585729999999666
0.0003442915333333333
0.0011468083999999973
0.0006778656666666644
0.0006723816999999973
0.0008935735999999929
0.0010647271666666689
0.0006545832666666677
0.001144450566666669
0.0006401516000000002
0.000743318366666668
0.0012003807000000003
0.0007247431999999999
0.0006089053666666667
0.0009195468999999969
0.00074542106666667
0.00032395653333333233
0.000642457966666667
0.0006332922
0.0006196393999999978
0.0006028269333333308
0.0005836587999999982
0.0007465173000000017
0.0005437810999999994
0.0005226940666666653
0.0005028884000000003
0.0004835763000000007
0.000637289766666671
0.000457546333333331
0.00045021743333333367
0.0011367225333333288
0.00048593446666666737
0.0006727982666666667
0.001042476133333332
0.0011754912000000062
0.0006471049666666636
0.0006314808666666693
0.0013011104000000024
0.0013579501666666658
0.0009259850999999996
0.0005980404999999993
0.0019006416999999944
0.000578948366666666
0.00031584766666666703
0.000317539833333334
0.00031986180000000033
0.00032168466666666635
0.0003223832666666667
0.0003240740666666667
0.00032620166666666635
0.00032783930000000104
0.0003297318333333353
0.00033071260000000133
0.000332337000000001
0.000333294199999997
0.00033507506666666335
0.00033547326666666665
0.00033704376666666665
0.0003378608
0.00033952443333333337
0.00034106963333333667
0.0003414315
0.00034243366666666334
0.00044044163333333436
0.0003443337
0.0004389693
0.00034534716666666666
0.000439295066666663
0.0003461095333333333
0.00043756570000000035
0.0003476751999999967
0.0004338704000000014
0.0003469651
0.0008601902999999993
0.0012425737333333312
0.0007871156333333357
0.0007496592666666662
0.0014137095666666617
0.0006778455999999993
0.0009722900333333316
0.0010967042666666662
0.000313352433333334
0.0003148585
0.000317220266666666
0.0003188318666666653
0.0003190584000000013
0.0003205424333333337
0.000322621333333332
0.0003240152666666664
0.00032576340000000097
0.000326401633333336
0.0003278260333333336
0.00032847453333333397
0.00033006309999999967
0.00033010856666666836
0.0003314458999999973
0.000331946800000001
0.0003334239333333367
0.00033471743333333
0.0003347082
0.00033542336666666665
0.0004227396000000043
0.00033675813333333335
0.00042061776666666866
0.00033711353333333333
0.00042019323333333564
0.00033718603333333333
0.000417856633333337
0.0003381309
0.00041373563333333536
0.00033665826666666335
0.00033132753333333265
0.000655289566666665
0.000838263700000001
0.0007223823333333373
0.000632710699999998
0.0008892675000000014
0.000614892299999999
0.000683564566666665
0.0007771638333333349
0.0006618780999999979
0.0005772327666666686
0.0008146330999999989
0.0005559293333333347
0.0003164685
0.0006041294666666659
0.0005843093666666687
0.000841881433333336
0.0006864593666666659
0.0005179848999999977
0.0007559543999999994
0.0009289509333333356
0.0004730568333333293
0.000451929933333332
0.0009687924333333316
0.000566060600000003
0.0006589088000000023
0.00041543486666666764
0.0014232954666666662
0.0006232457000000008
0.00032360743333333564
0.0008175682999999969
0.0009512484666666653
0.000622820433333334
0.0009702614999999987
0.0006038039666666643
0.000662612000000003
0.0010302059333333357
0.0006399326999999973
0.000563991866666665
0.0007792807666666607
0.0006467673333333273
0.00031032513333333333
0.0003115033666666657
0.0005863666333333314
0.00031614189999999996
0.0003172010333333327
0.000478693733333335
0.00048719360000000234
0.00032038166666666936
0.00043959359999999533
0.0006733703000000017
0.00032003769999999765
0.000319126633333333
0.0005298051666666674
0.0007840637
0.00042994413333333035
0.0003176139999999993
0.001268237366666665
0.00031472026666666433
0.00048191443333333396
0.0007571603000000001
0.001219296966666657
0.0007159812666666654
0.001043954099999996
0.0009488039333333385
0.0007140670666666679
0.0006376380333333356
0.0010219270000000004
0.0008716278333333325
0.000302815366666668
0.000303744899999999
0.0003061316666666647
0.00030709030000000134
0.000305984
0.00030683143333333236
0.000308693133333334
0.000309348533333335
0.00031062173333333104
0.00031027293333333336
0.0003110776666666667
0.0003108330666666677
0.000311815266666667
0.0003108684666666657
0.00031149420000000267
0.0003110855666666653
0.0003119745666666693
0.0003125038666666653
0.00031145203333333337
0.00031132846666666433
0.000371248633333336
0.00031101346666666534
0.0003674092333333343
0.00030950193333333364
0.000364981999999999
0.000307631733333332
0.0003610561333333297
0.00030678703333333337
0.00035583746666666767
0.00030324263333333365
0.0007149844333333319
0.0006530559333333349
0.0006199607666666683
0.0008373455000000049
0.0007834274999999963
0.0005593558333333343
0.0008471022666666624
0.0007772598333333323
0.00030351913333333366
0.0005877089666666669
0.0005653708666666626
0.000540842966666666
0.0005288774999999986
0.000504022599999998
0.0004919892666666667
0.0004784932333333327
0.00046623286666666803
0.0004426587666666667
0.00048071073333333766
0.00041948739999999967
0.0008648401666666697
0.0003978489333333337
0.0004350100999999994
0.0003793204333333337
0.0005926915333333374
0.0003775593000000006
0.000296814133333334
0.0007684731666666614
0.0005713971666666654
0.000605583300000001
0.0006817484666666689
0.000580269199999998
0.000525625199999998
0.0006821570999999989
0.0005004663999999994
0.00029353883333333266
0.00029407983333333467
0.0002964097
0.00029692983333333336
0.00029502310000000263
0.00029544526666666436
0.000297111766666669
0.00029728296666666767
0.0002982167666666663
0.0002972598999999983
0.00029764899999999966
0.00029685170000000034
0.00029741996666666766
0.00029588173333333265
0.0002960389999999997
0.000295072766666667
0.000295561233333334
0.0002955914333333347
0.00029392080000000264
0.000293274233333333
0.00033871179999999865
0.00029193319999999765
0.0003339229666666663
0.00028930279999999834
0.0003303856333333337
0.00028628089999999833
0.00032559350000000234
0.00028434553333333364
0.00031977926666666804
0.00027963536666666765
0.0007122523333333299
0.0012609055333333305
0.0007185570333333302
0.0006119292666666665
0.0009023365000000004
0.0005656212666666644
0.000291249233333335
0.0002891861999999987
0.00029019746666666767
0.000289324966666667
0.000287878366666668
0.00028780760000000064
0.00044574293333332995
0.0002866600666666663
0.0005281310000000021
0.00028381446666666903
0.000644891699999998
0.00028199170000000234
0.0008723294333333332
0.000278848499999999
0.0005088174666666705
0.0003342745666666667
0.00046240440000000136
0.00027286333333333596
0.0007347719666666697
0.00040204979999999667
0.0002735579000000023
0.0005686386000000003
0.0006344137333333389
0.0005417611333333369
0.0004976688666666673
0.000621412200000001
0.00047090953333333766
0.0002828185666666686
0.000540677066666669
0.0005136746666666673
0.0005005818333333283
0.0005722518333333373
0.0006413257999999994
0.000460599133333328
0.0004460367333333363
0.000432872966666668
0.0006948105000000055
0.00040767716666666463
0.0004273000000000005
0.0003829745999999967
0.0005547258666666683
0.0004333167666666656
0.00037932446666666414
0.00034016913333333095
0.0005018487999999971
0.00032916056666666444
0.0004258586333333351
0.001208116466666661
0.0005443479333333371
0.0005013238000000015
0.000715041033333334
0.0005206408333333336
0.0002768545333333297
0.0002768270666666663
0.00027897566666666604
0.00027885666666666763
0.00027590989999999696
0.0002757161333333334
0.00027703380000000037
0.00027651673333333165
0.000276930833333333
0.0002751630999999977
0.00027495013333333297
0.00027341289999999934
0.00027337316666666467
0.00027107586666666635
0.00027056806666666904
0.0002688645666666637
0.0002687682999999997
0.00026809710000000135
0.00026563863333333164
0.0002642906666666667
0.00029307536666666557
0.00026157926666666733
0.00028715320000000105
0.00025751443333333165
0.000282296766666664
0.0002530364999999997
0.0002764882666666672
0.00024968396666666566
0.0002699753333333352
0.00024359313333333432
0.0004454927000000053
0.0007469336333333319
0.0005458438333333373
0.0009803455333333344
0.0007952633333333327
0.00027221230000000035
0.000269766966666666
0.000267270433333333
0.00026511066666666435
0.0006667846333333283
0.0004202529666666713
0.00025856109999999866
0.00036546659999999733
0.0002929122666666673
0.0006814447666666723
0.000251211200000001
0.000246740633333331
0.0003996431999999993
0.0005824372999999975
0.0003043460666666646
0.00023809969999999766
0.0006773311333333293
0.00023165073333333668
0.0002538327000000007
0.0004717627666666648
0.0005526805666666711
0.00047785409999999667
0.0002566313333333347
0.00048400980000000334
0.000469872766666668
0.0005174195666666694
0.0005784446666666703
0.00042712310000000037
0.0004117062000000023
0.00039778799999999896
0.0005935116999999935
0.00037127279999999997
0.0003780784333333359
0.00034542480000000135
0.0004738817999999977
0.00037310496666666736
0.00032868676666666745
0.000300743133333333
0.0004201421333333347
0.0002844724999999994
0.00022087446666666866
0.0005141939000000001
0.0004124097333333337
0.000258194500000001
0.00025366133333333264
0.00025092619999999763
0.00024801360000000037
0.000244523166666666
0.00035177616666666564
0.00023920543333333366
0.00023614503333333465
0.00023422006666666835
0.0005239583666666693
0.00023038980000000069
0.000686411266666668
0.00022522296666666798
0.0004107035666666667
0.00024974073333333316
0.00037495573333333747
0.000215196299999998
0.0005419759666666674
0.0002943550000000017
0.00038320143333333206
0.0006396499666666704
0.0002507355999999997
0.000250013666666667
0.0002517800999999987
0.000250886300000001
0.00024688626666666833
0.0002459533333333337
0.00024674493333333534
0.000245424866666666
0.0002451718333333317
0.000242548133333335
0.00024161656666666533
0.00023929480000000068
0.00023851790000000168
0.00023547340000000067
0.00023419760000000035
0.000231731333333333
0.000230935766666666
0.00022946966666666702
0.00022625143333333532
0.00022416493333333366
0.00023843876666667106
0.00022002373333333366
0.0002315287000000018
0.00021456713333333199
0.00022552806666666908
0.000208716800000001
0.00021886910000000029
0.000203967066666666
0.0002117938666666651
0.00019674736666666466
0.00019112060000000167
0.000374831066666666
0.0005038825333333327
0.00039261366666666734
0.00041146943333333365
0.000440483299999998
0.00033461006666666307
0.0004033242333333389
0.0003080493666666663
0.00043186940000000315
0.00031876316666666935
0.000290290933333326
0.000262348933333334
0.000531218433333336
0.00024118276666666632
0.000383088666666668
0.0004884931999999953
0.0004316900666666717
0.00047186686666666653
0.0003063813666666674
0.00044975016666666236
0.00038680866666666793
0.0002532462000000013
0.0007342815333333289
0.00023334343333333284
0.00039536426666666465
0.000379271166666665
0.00035499320000000143
0.0002020773666666678
0.0004119646666666681
0.00027953133333333816
0.00023655833333333668
0.00023552926666666767
0.00023706276666666634
0.000235829300000001
0.00023145073333333065
0.000230197166666668
0.00023071783333333432
0.00022905946666666635
0.000228500666666668
0.000225553900000001
0.000224313933333331
0.00022169489999999866
0.000220597833333332
0.00021729646666666466
0.0002157027000000017
0.00021295699999999867
0.0002118629
0.0002100752333333327
0.00020660463333333298
0.000204243299999999
0.0002137656333333329
0.00019957686666666568
0.0002065733333333339
0.00019365696666666667
0.0002002399999999998
0.00018737043333333367
0.00019335860000000042
0.00018214840000000033
0.0001861647999999995
0.00017465643333333498
0.00021109506666666666
0.000549733066666665
0.0003759660999999987
0.00035965169999999634
0.00040262536666666837
0.00031697560000000237
0.0004988129666666653
0.00029012043333333335
0.0003851058999999973
0.0003440282666666661
0.0002622029333333293
0.00024406193333333567
0.0003619763666666721
0.00033777746666666667
0.000229290566666666
0.00022811980000000034
0.0002295300666666683
0.00022814083333333102
0.00022360956666666766
0.00022220989999999967
0.00022259636666666834
0.0002207865333333353
0.00022008449999999865
0.000217002833333335
0.00021562346666666635
0.00021288013333333
0.00021163746666666964
0.00020823623333333268
0.00020650186666666402
0.00020364219999999833
0.00020241393333333033
0.000200486233333334
0.00019692053333333334
0.00019444603333333233
0.00020207546666666993
0.00018956543333333465
0.0001947917666666686
0.0001834709333333333
0.0001883462000000002
0.00017702676666666602
0.00018140116666666894
0.00017162469999999866
0.0001741884666666655
0.00016406376666666667
0.00021852176666666467
0.0003829131999999977
0.0003485356333333357
0.0003331810333333334
0.00030230230000000136
0.0002643293666666677
0.000251926700000001
0.00027551163333333227
0.00034516556666666447
0.000223053199999997
0.00020636359999999981
0.0002733487000000053
0.0005901616666666704
0.0001922571999999938
0.00018034016666666652
0.0003120587666666715
0.00018465409999999987
0.00037917493333333014
0.00030751570000000134
0.0002773237000000021
0.0005771090666666592
0.0002845868333333258
0.0004096393999999986
0.000226084766666664
0.0006718200000000045
0.000205187433333335
0.000210173166666668
0.00021036236666666468
0.00020834820000000066
0.00020744503333333466
0.00020419399999999834
0.00025941299999999735
0.00019972533333333366
0.00019828376666666635
0.00024881453333333396
0.00019284583333333634
0.00018984680000000068
0.00023787810000000333
0.00018632629999999864
0.00018265513333333132
0.00022649909999999934
0.00018533383333333434
0.0001748990333333347
0.00022104113333333645
0.00016861116666666567
0.00017142086666666441
0.00020146836666666833
0.0001644363666666684
0.00015639856666666734
0.00019337883333333142
0.00014881153333333366
0.000214530433333334
0.00021310223333333633
0.00021425730000000165
0.000212586866666668
0.00020782089999999966
0.00020615946666666666
0.000206284333333336
0.00020420833333333331
0.00020324199999999966
0.00019994320000000032
0.00019831649999999898
0.000195372499999998
0.00019386999999999966
0.00019032379999999935
0.00018834663333333233
0.00018530939999999998
0.00018384499999999732
0.000181680033333335
0.00017798326666667032
0.00017533033333333434
0.00017996233333333143
0.000170117066666664
0.00017258946666666523
0.000163782400000001
0.00016601903333333498
0.00015713763333333365
0.00015903576666666703
0.000151483699999999
0.00015186406666667013
0.000143907366666666
0.00040927119999999796
0.0004154243333333326
0.00040251749999999895
0.0003194274000000057
0.0003582971666666695
0.00028212326666667107
0.0002845058333333336
0.00024606269999999755
0.00022252323333333076
0.00024521169999999943
0.00029903203333333145
0.00020708846666666434
0.00020554499999999966
0.000206570166666668
0.00020477486666666466
0.00019992563333333466
0.00019814899999999935
0.00019814796666666566
0.00019595763333333233
0.00019487123333333434
0.000191489500000001
0.00018975536666666635
0.00018673450000000034
0.00018511840000000234
0.00018152590000000132
0.00017944670000000034
0.0001763451333333333
0.00017477933333333399
0.00017251716666666735
0.00016878303333333434
0.00016606426666666567
0.00016952890000000072
0.000160731066666664
0.00016215580000000055
0.000154328199999998
0.00015556903333333212
0.000147637233333331
0.00014860853333333122
0.00014190893333333466
0.00014149516666666812
0.00013438083333333268
0.00034098909999999964
0.00027250250000000097
0.0002443884999999963
0.00036196159999999733
0.0002587528999999997
0.00018784756666666562
0.00038374243333333386
0.0001641516333333352
0.0001545900333333351
0.0002644907666666659
0.00023255493333333634
0.00026835233333333643
0.00013725296666666767
0.00039862020000000335
0.000168397666666668
0.00016354629999999865
0.000310287233333336
0.000295003566666663
0.0003632229000000041
0.0002663412666666663
0.00025623543333333693
0.00023923290000000101
0.00028385673333333213
0.00022946869999999794
0.0002067041666666639
0.00019333450000000099
0.00023325443333333006
0.00017294783333332935
0.0003452301000000007
0.000309683766666665
0.0002937780666666687
0.00040591843333333337
0.00022371016666666835
0.00030590539999999865
0.00036904830000000067
0.000182497100000001
0.0001660548666666686
0.00020330749999999774
0.00017915203333333319
0.00014048540000000098
0.00024221046666666636
0.00012910073333333535
0.00019219809999999999
0.000190452166666666
0.00019121736666666633
0.00018920473333333335
0.00018425316666666666
0.00018227816666666435
0.00018203833333333433
0.00017965699999999968
0.00017835626666666467
0.000174857800000002
0.0001729418
0.00016981220000000067
0.00016800240000000032
0.000164366000000001
0.00016212146666666466
0.000158937433333332
0.00015720249999999765
0.00015478826666666468
0.00015103130000000033
0.000148225399999998
0.00014665916666666636
0.00014274040000000033
0.0001396105333333343
0.00013629683333333064
0.00013331696666666698
0.000129612066666666
0.000126712200000001
0.000123830233333333
0.00011997016666666467
0.00011649653333333601
0.00014674219999999765
0.00030726226666666714
0.00024960049999999865
0.00034660016666666985
0.000222744666666667
0.00026207983333332863
0.00023405229999999845
0.00018762583333333435
0.00017753456666667032
0.00022901200000000242
0.00022630553333333035
0.00018149196666666933
0.00031888643333333536
0.00024960590000000136
0.0002214406
0.00019797666666667002
0.00022328826666666602
0.000165043966666667
0.00015171009999999849
0.00014164056666667125
0.0001322593333333327
0.00012696360000000355
0.00011822566666666766
0.00011534803333333267
0.0002843962666666682
0.00013670603333333
0.00016271053333333232
0.00028968543333333094
0.00027370243333333765
0.00024238626666666467
0.000309486733333338
0.0002040635000000033
0.00019195606666666903
0.00020731349999999834
0.00023576669999999904
0.000163588866666664
0.00018626226666666653
0.00014756766666666277
0.00014071960000000178
0.00020844700000000426
0.00012802063333332926
0.00012272426666666653
0.0001356090333333319
0.00011761153333333206
0.00016145510000000022
0.00023428660000000001
0.00025106490000000134
0.00020763003333333565
0.00030137049999999775
0.00019285390000000434
0.00017842873333333577
0.00016302123333333433
0.00019514203333332857
0.0001436739
0.00016293926666666932
0.00016243089999999898
0.00015988016666666668
0.00015836216666666633
0.00015480359999999735
0.00018243723333333237
0.000149535066666669
0.00014754590000000135
0.00017152736666666823
0.000141556399999998
0.000138349366666668
0.00016118670000000066
0.00013393726666666535
0.00013023876666666835
0.00015001959999999897
0.000125669966666664
0.00012187839999999733
0.00013916586666666832
0.0001155439
0.00011259729999999833
0.0001272373999999983
0.00010618543333333166
0.00010333983333333067
0.00011591966666666386
9.640179999999733e-05
0.00016631333333333434
0.000223104133333333
0.00015091380000000032
0.00014561836666666667
0.00015897303333332788
0.000137609233333332
0.00012996033333333433
0.000215319033333335
0.00012731676666666674
0.0002966116333333362
0.00011793733333333632
0.00011164346666666667
0.00016211016666666588
0.000145466866666666
0.00013246506666666848
9.952933333333332e-05
0.00018423300000000033
9.268706666666733e-05
0.00025977393333333286
0.0002210781333333301
0.000240933499999999
0.00016066563333333426
0.00026602393333332946
0.0002143165999999973
0.000161200833333334
0.000158884
0.000151712599999998
0.00024154976666666735
0.00014327076666666632
0.00013793836666666767
0.00013232076666666766
0.00014811163333333289
0.00012671096666666535
0.000122211033333334
0.0001251858000000013
0.0001803293
0.00011029439999999933
0.00014952096666666833
0.000104098366666668
0.000101208333333332
0.0001243161666666676
9.498329999999934e-05
9.219709999999834e-05
0.00017096143333333145
8.556006666666766e-05
0.00014804500000000032
0.00014734966666666666
0.00014471643333333634
0.000143065900000002
0.00013952093333333335
0.00016081546666666757
0.00013417819999999764
0.00013209446666666565
0.00015014883333333359
0.00012612813333333267
0.000122959200000002
0.00014021029999999882
0.000118440933333334
0.00011484823333333499
0.00012944143333333636
0.00011022823333333166
0.000106593799999999
0.0001190955333333316
0.00010045449999999866
9.758863333333433e-05
0.00010792613333333234
9.143596666666801e-05
8.8675000000001e-05
9.738983333333536e-05
8.214673333333267e-05
0.00010297446666666833
0.00019257453333333032
0.000179870366666668
0.00019587786666666796
0.00016217716666666574
0.00014636299999999734
0.00013679873333333233
0.0001510647333333319
0.00011859443333333735
0.000126824366666667
0.00023752363333333267
0.00020654239999999836
0.00024762656666667
0.00016885036666666568
0.000157258133333334
0.00016250843333333434
0.00018168240000000167
0.00013004629999999748
0.00013949963333333224
0.00011500900000000296
0.00010859633333332907
0.00014969509999999893
9.690566666666914e-05
9.199286666666076e-05
9.729056666666705e-05
8.49719333333259e-05
0.00013728936666666702
0.00025674223333333666
0.00020559096666666898
0.00019170530000000034
0.00017822596666666735
0.000155733799999998
0.00014652819999999954
0.0001376657000000002
0.0001242176333333308
0.00011737249999999776
0.00011185349999999963
0.00010776043333333705
0.00010245316666666416
0.00016356519999999696
9.390093333333502e-05
9.021070000000047e-05
8.400243333333367e-05
8.135043333333066e-05
7.867950000000067e-05
0.0001179910999999995
8.730746666666779e-05
0.00016690663333333397
0.00022325429999999792
0.00018597410000000078
0.00016611856666666562
0.00012483439999999931
0.00014713926666667007
0.00010729306666666567
0.00014208570000000167
0.00013992496666666768
0.00013985836666666765
0.00013742310000000032
0.00013267966666666867
0.000130339566666667
0.00012944873333333332
0.00012677366666666502
0.00012500796666666434
0.00012154653333333133
0.000119328633333334
0.00011622746666666666
0.00011408273333333534
0.00011071049999999967
0.00010826366666666734
0.00010520189999999967
0.00010321250000000134
0.000100668299999999
9.726693333333233e-05
9.455323333333134e-05
9.269943333333567e-05
8.931393333333467e-05
8.643266666666567e-05
8.3525333333334e-05
8.081443333333534e-05
7.766356666666733e-05
7.508523333333467e-05
7.248486666666666e-05
6.94194e-05
6.654789999999867e-05
0.00011066489999999766
0.00019052949999999932
0.00015319836666666636
0.000141887099999997
0.00012409253333333067
0.00011534086666666163
0.00010086663333332954
9.471273333333536e-05
8.360660000000046e-05
7.893436666666474e-05
7.417313333333276e-05
6.98930666666671e-05
7.735163333333367e-05
0.00016277006666666583
0.00013577076666666888
0.00012280886666666467
0.00011376956666666634
0.00012118983333333504
9.693106666666867e-05
0.00015936606666667002
0.000187200633333336
0.00015994320000000135
0.00013279550000000088
0.0001389975666666654
0.00010679066666666737
0.00010026096666666923
0.00012097569999999577
9.65001000000001e-05
8.598289999999955e-05
0.0001985157999999986
7.796459999999847e-05
0.00012426030000000087
0.00011453529999999947
6.635969999999966e-05
6.387820000000033e-05
0.00012327949999999546
6.872070000000224e-05
0.00012886109999999965
0.000126660966666666
0.000126398033333334
0.00012393173333333032
0.00011937196666666667
0.00011701356666666833
0.000115998066666667
0.00011333369999999934
0.000111514366666665
0.00010816453333333266
0.00010594606666666967
0.00010294580000000199
0.00010079393333333566
9.758466666666867e-05
9.517203333333132e-05
9.223510000000067e-05
9.025746666666566e-05
8.777153333333267e-05
8.455949999999967e-05
8.195906666666667e-05
8.011356666666933e-05
7.6957233333334e-05
7.423186666666667e-05
7.151380000000033e-05
6.895993333333467e-05
6.603929999999801e-05
6.3626533333335e-05
6.118756666666866e-05
5.8398266666666666e-05
5.576176666666567e-05
0.0001666200000000026
0.0001231743999999923
0.00011240990000000286
0.00012112606666666579
0.0001204634999999934
0.000117461299999999
0.0001427619333333313
0.00010182443333333066
9.667940000000301e-05
9.84496666666669e-05
8.176659999999934e-05
7.865840000000167e-05
7.612476666666667e-05
0.0001877555000000048
7.126073333333367e-05
6.600586666666667e-05
0.00010128073333333102
7.872866666666833e-05
8.276153333333456e-05
5.6066066666667665e-05
0.0001007518333333346
5.090206666666934e-05
0.0001075512
0.00010646069999999966
0.00010382719999999867
0.00010198856666666634
9.8744033333335e-05
0.00010741839999999983
9.364116666666566e-05
9.150566666666534e-05
9.813686666666497e-05
8.606953333333266e-05
8.324429999999966e-05
8.97516666666671e-05
7.8874433333335e-05
7.582003333333299e-05
8.074113333333213e-05
7.150379999999834e-05
6.853086666666433e-05
7.23493666666687e-05
6.337336666666367e-05
6.0951333333333e-05
6.37239666666661e-05
5.5936699999999664e-05
5.363236666666334e-05
5.57534666666675e-05
4.859993333333e-05
5.5768533333333665e-05
0.00010641786666667107
9.400806666666966e-05
0.00011998766666666549
8.579933333333237e-05
8.034313333333466e-05
0.000124875266666665
0.00011434049999999869
0.00011465493333333175
0.0001200204333333344
8.967286666666811e-05
7.658323333333087e-05
8.096066666667034e-05
0.00012034183333333713
6.128826666666301e-05
5.7180133333334504e-05
5.7137966666665034e-05
4.953470000000177e-05
0.00011027156666666435
0.00010806953333333267
0.00010755716666666467
0.00010510806666666666
0.000100891933333332
9.856613333333334e-05
9.741616666666767e-05
9.483096666666666e-05
9.298956666666799e-05
8.986546666666833e-05
8.770393333333466e-05
8.490836666666934e-05
8.280589999999733e-05
7.988500000000168e-05
7.758203333333435e-05
7.488086666666733e-05
7.2975833333333e-05
7.063493333333201e-05
6.774763333333334e-05
6.5363666666666e-05
6.358860000000099e-05
6.080506666666567e-05
5.835409999999834e-05
5.594956666666867e-05
5.366783333333367e-05
5.1116999999996665e-05
4.8983366666666005e-05
4.6821666666667005e-05
4.4451433333333e-05
4.2183733333334005e-05
4.682256666666733e-05
8.5498899999999e-05
8.991349999999778e-05
9.006150000000114e-05
0.00010443636666666766
0.00010224743333333201
0.00010166456666666667
9.923633333333001e-05
9.5148500000001e-05
9.284759999999733e-05
9.166630000000033e-05
8.9121933333336e-05
8.728720000000067e-05
8.425050000000134e-05
8.212119999999967e-05
7.940493333333067e-05
7.7332733333335e-05
7.451613333333567e-05
7.2262566666666e-05
6.964956666666667e-05
6.778103333333633e-05
6.550076666666701e-05
6.272866666666333e-05
6.042603333333467e-05
5.868719999999967e-05
5.603169999999967e-05
5.3679300000001666e-05
5.138353333333433e-05
4.9198666666668334e-05
4.677366666666634e-05
4.473766666666834e-05
4.2673900000001e-05
4.0440966666666e-05
3.829673333333166e-05
0.00012657213333333228
0.0001107523666666702
8.389813333333414e-05
6.936009999999696e-05
9.400386666666239e-05
0.00010651273333333416
7.398286666666653e-05
4.82898666666657e-05
8.309389999999753e-05
4.133946666666773e-05
3.882483333333234e-05
7.73615999999994e-05
6.36360666666649e-05
8.4682433333331e-05
8.346623333333666e-05
8.099453333333399e-05
7.918153333333534e-05
7.628440000000034e-05
8.04099333333326e-05
7.162450000000034e-05
6.9608566666668e-05
7.235750000000143e-05
6.4783666666668e-05
6.230923333333534e-05
6.51509999999965e-05
5.832446666666667e-05
5.5728699999997995e-05
5.753469999999843e-05
5.1879066666667665e-05
4.9416200000000335e-05
5.0575333333335966e-05
4.5084066666667335e-05
4.3047366666667e-05
4.364013333333004e-05
3.892263333333433e-05
3.700800000000134e-05
3.733439999999968e-05
3.301476666666877e-05
8.812133333333533e-05
8.207130000000099e-05
0.000118493499999998
7.375023333333233e-05
6.915639999999966e-05
8.051890000000018e-05
5.9994999999998e-05
5.606913333333267e-05
5.84551666666637e-05
7.359863333333457e-05
4.735156666666833e-05
8.90603333333352e-05
4.3125366666666665e-05
4.1138433333332004e-05
6.396716666666763e-05
3.7125399999997e-05
3.526073333333467e-05
6.89169666666693e-05
3.13928999999972e-05
3.9297500000001756e-05
7.490453333333092e-05
6.8861999999999e-05
0.00015117389999999732
0.00011230859999999933
9.220960000000026e-05
8.402230000000103e-05
8.37208333333303e-05
6.50146666666704e-05
5.974636666666497e-05
5.54024333333329e-05
5.195936666666877e-05
4.8226466666663803e-05
6.553343333333496e-05
4.216799999999797e-05
3.958889999999813e-05
3.5472399999999e-05
3.373253333333434e-05
3.1967566666664866e-05
4.131819999999937e-05
3.16013999999994e-05
7.456923333333267e-05
7.332753333333401e-05
7.097076666666701e-05
6.920620000000134e-05
6.6507233333335e-05
6.914103333333454e-05
6.212236666666533e-05
6.0199000000001664e-05
6.173556666666523e-05
5.572096666666867e-05
5.3439266666666004e-05
5.5126099999998666e-05
4.970069999999933e-05
4.7342500000002666e-05
4.821459999999995e-05
4.3770566666663994e-05
4.156169999999967e-05
4.195806666666582e-05
3.7652766666666334e-05
3.5815233333336e-05
3.581783333333648e-05
3.21335666666663e-05
3.041816666666807e-05
3.0283700000000023e-05
2.69169333333356e-05
2.55486333333314e-05
4.57763e-05
8.219553333333267e-05
7.651110000000215e-05
7.8152233333332e-05
6.04987666666648e-05
5.667966666666651e-05
4.9528333333333636e-05
4.498266666667083e-05
5.073339999999888e-05
3.7221533333331466e-05
3.399620000000083e-05
3.2386999999996687e-05
2.833766666666683e-05
7.815726666666734e-05
7.611723333333566e-05
7.527773333333433e-05
7.304413333333301e-05
6.965500000000166e-05
6.7561066666666e-05
6.631480000000033e-05
6.405526666666634e-05
6.233956666666567e-05
5.9795066666664335e-05
5.7901466666665665e-05
5.563193333333333e-05
5.378849999999967e-05
5.1519833333335665e-05
4.9580000000001e-05
4.7445966666666666e-05
4.582483333333367e-05
4.390723333333266e-05
4.1726033333333665e-05
3.986463333333067e-05
3.837326666666933e-05
3.6349899999999e-05
3.4507700000001005e-05
3.27543333333328e-05
3.106476666666636e-05
2.9252300000000733e-05
2.7706100000002303e-05
2.6137633333334064e-05
2.4542800000001035e-05
2.2986133333332168e-05
0.0001157109333333351
7.93699333333361e-05
5.722203333333345e-05
4.972776666666643e-05
3.916989999999867e-05
3.3763000000001466e-05
5.401839999999621e-05
2.7846633333331967e-05
2.6347800000000232e-05
2.4827433333333532e-05
5.151820000000026e-05
3.300810000000191e-05
7.349280000000066e-05
7.149616666666633e-05
7.0623799999999e-05
6.844356666666868e-05
6.519940000000068e-05
6.3159800000001e-05
6.191680000000234e-05
5.972619999999866e-05
5.804823333333367e-05
5.5608299999998666e-05
5.3772933333333e-05
5.1598200000002667e-05
4.981203333333334e-05
4.7653600000001003e-05
4.5785566666667335e-05
4.3750266666668334e-05
4.2187633333331005e-05
4.0349833333334334e-05
3.8284999999996995e-05
3.651426666666866e-05
3.5081233333333996e-05
3.31782333333345e-05
3.14370333333332e-05
2.9787666666665968e-05
2.8194966666665132e-05
2.6497500000000066e-05
2.50454333333335e-05
2.3572666666667634e-05
2.2092566666668634e-05
2.064370000000037e-05
3.665176666666967e-05
6.559806666666487e-05
6.752500000000161e-05
5.2779633333336734e-05
4.2567900000001236e-05
4.134886666667204e-05
5.3964733333341175e-05
3.1273466666662904e-05
2.8342133333336702e-05
2.568786666666453e-05
2.3293533333331368e-05
6.405303333333333e-05
5.5617533333333334e-05
5.1646066666666335e-05
4.7791966666666e-05
5.7647800000001003e-05
4.222173333333267e-05
7.349560000000278e-05
3.7025566666667e-05
5.419530000000013e-05
3.5731233333339704e-05
3.0235733333331767e-05
3.634003333333376e-05
2.7045866666667664e-05
4.1410233333331435e-05
2.3962133333332865e-05
2.5415266666669232e-05
2.1222533333331564e-05
2.428496666667296e-05
1.8506966666668534e-05
5.857296666666623e-05
5.037806666666753e-05
3.5447866666667666e-05
2.8846866666668967e-05
2.57555999999992e-05
2.4304533333333968e-05
4.5380566666664035e-05
3.8400999999999004e-05
2.0123733333332597e-05
3.89669e-05
1.75113333333347e-05
4.42066e-05
6.993620000000197e-05
6.248119999999733e-05
5.9342499999999766e-05
4.5622066666665526e-05
4.1193766666665805e-05
3.7529100000000006e-05
3.457223333333353e-05
3.16068666666669e-05
3.972916666666879e-05
2.6826933333331164e-05
2.4826233333334156e-05
2.1633366666666065e-05
2.036216666666903e-05
1.9073566666668232e-05
2.3497166666663898e-05
1.794389999999848e-05
4.790463333333253e-05
4.611643333333193e-05
5.076176666666636e-05
3.65903666666667e-05
3.3941533333333334e-05
2.6222033333334063e-05
2.3563100000001397e-05
2.339369999999618e-05
2.5129666666671536e-05
6.067536666666633e-05
5.8828466666668e-05
5.7891166666664335e-05
5.5890866666667335e-05
5.3078633333333e-05
5.121893333333e-05
5.0012166666664995e-05
4.804243333333233e-05
4.649720000000266e-05
4.4372199999998e-05
4.2724566666663e-05
4.0835099999999334e-05
3.9234333333334e-05
3.7398266666666e-05
3.5753466666666005e-05
3.4010533333336006e-05
3.2632433333335e-05
3.10378666666648e-05
2.9308700000000664e-05
2.7805399999999065e-05
2.6555233333332598e-05
2.4992800000001032e-05
2.3542933333335168e-05
2.2188766666664268e-05
2.08737999999986e-05
1.9498599999997103e-05
1.83134666666677e-05
1.7112666666663234e-05
1.5946100000000898e-05
1.4794999999997066e-05
4.940736666666867e-05
4.8210066666669e-05
4.627850000000033e-05
4.475766666666533e-05
4.2684733333335e-05
4.1069633333335004e-05
3.922723333333134e-05
3.7658733333334335e-05
3.587460000000033e-05
3.426756666666433e-05
3.2572233333331503e-05
3.122553333333443e-05
2.967146666666607e-05
2.7995733333333967e-05
2.6535833333333565e-05
2.5316599999999e-05
2.3807533333330967e-05
2.2404099999998968e-05
2.1096266666668466e-05
1.9825233333333365e-05
1.8500066666667567e-05
1.7356800000001267e-05
1.61986666666669e-05
1.5079733333330434e-05
1.3974233333335933e-05
5.4995933333331334e-05
5.2112100000001334e-05
4.7645199999998004e-05
4.4565100000001e-05
4.104789999999834e-05
3.7670033333333e-05
3.440120000000034e-05
3.28319000000003e-05
3.11837e-05
3.372496666666316e-05
2.8354766666668e-05
2.6731700000000766e-05
2.531466666666853e-05
2.7122900000002105e-05
2.26696999999998e-05
2.13118999999984e-05
2.00495333333328e-05
2.1127600000000082e-05
1.7545400000000068e-05
1.6443166666664964e-05
1.5326933333333534e-05
1.596510000000384e-05
1.3193199999998266e-05
2.79511666666695e-05
4.418693333333447e-05
3.35973999999998e-05
2.9439033333333886e-05
2.19633999999987e-05
1.9551966666668068e-05
1.744346666666303e-05
1.555726666666591e-05
4.8529233333335e-05
6.479266666666863e-05
4.6159300000000166e-05
3.876653333333424e-05
3.1601033333332e-05
2.5865566666664432e-05
2.3012399999999834e-05
2.0530600000001633e-05
1.80875666666654e-05
1.8327699999998175e-05
1.47391333333339e-05
1.3703933333331102e-05
2.8017899999999134e-05
1.17440666666672e-05
3.9719933333334e-05
6.079276666666923e-05
4.7573166666662696e-05
3.8279266666670534e-05
2.918080000000229e-05
2.6897366666663513e-05
4.026266666666834e-05
2.1928699999999403e-05
1.9526600000000868e-05
2.49770666666649e-05
1.71695666666675e-05
2.1882366666666378e-05
1.4930099999999068e-05
1.6281799999999055e-05
1.2949700000001534e-05
1.3333200000002287e-05
1.5040866666667566e-05
4.9571599999998e-05
4.7895033333334e-05
4.693789999999933e-05
4.5137466666667e-05
4.274036666666767e-05
4.1076699999998e-05
3.993856666666767e-05
3.820053333333233e-05
3.680843333333133e-05
3.499019999999933e-05
3.3540466666667e-05
3.19282666666698e-05
3.05234666666691e-05
2.8989133333331033e-05
2.75698999999981e-05
2.6104833333332833e-05
2.49155000000001e-05
2.3560333333335267e-05
2.2139166666664467e-05
2.0888166666669734e-05
1.98229666666679e-05
1.8564499999999365e-05
1.7381533333334532e-05
1.6291599999999432e-05
1.5228299999999366e-05
1.4136400000001432e-05
1.31895333333354e-05
1.2231766666666765e-05
1.1330933333331133e-05
1.0435733333332333e-05
1.7643000000000532e-05
3.083843333333187e-05
2.7031199999997635e-05
2.3722299999999002e-05
2.3434133333333204e-05
1.8348999999999e-05
1.6183200000001e-05
1.4318366666669435e-05
1.2658366666666117e-05
5.77353333333345e-05
4.062519999999957e-05
3.1695133333335204e-05
3.1582600000001895e-05
2.0235666666664397e-05
1.6575533333333216e-05
1.5079766666666515e-05
1.26577666666646e-05
1.17831333333355e-05
1.0899099999998433e-05
2.629273333332925e-05
9.25686666667e-06
3.6633966666666e-05
3.5539299999997995e-05
3.391759999999966e-05
3.26063666666654e-05
3.0935133333331864e-05
2.9584999999998633e-05
2.8105400000000265e-05
2.6799166666665233e-05
2.5405500000001233e-05
2.40966333333333e-05
2.27623999999982e-05
2.1665966666665568e-05
2.0425866666669767e-05
1.9146200000001267e-05
1.8013166666663867e-05
1.70381333333321e-05
1.5916500000001666e-05
1.48557000000012e-05
1.38849333333339e-05
1.2935966666668033e-05
1.1970133333335133e-05
1.1130199999997966e-05
1.0281666666667199e-05
9.495933333332934e-06
8.712633333329834e-06
4.307350000000167e-05
4.151696666666967e-05
4.056776666666966e-05
3.8905999999997665e-05
3.677036666666433e-05
3.5241033333333005e-05
3.4161966666668004e-05
3.25788333333336e-05
3.1294933333333067e-05
2.967146666666607e-05
2.8354299999999733e-05
2.6917733333331465e-05
2.56441666666681e-05
2.42957666666673e-05
2.302306666666457e-05
2.1731033333335e-05
2.0665066666665965e-05
1.94624333333319e-05
1.8227933333333136e-05
1.7132833333336867e-05
1.6187233333334966e-05
1.5108933333333566e-05
1.4087066666664433e-05
1.31540666666652e-05
1.2241366666665433e-05
1.1315233333331066e-05
1.0509133333332567e-05
9.695033333334534e-06
8.945166666666601e-06
8.196766666668233e-06
2.31945333333335e-05
2.568326666666881e-05
1.3358166666662301e-05
1.1713033333334476e-05
1.025783333333436e-05
3.6055033333334004e-05
3.2582399999999304e-05
3.15358666666654e-05
4.69928333333295e-05
2.7270366666665165e-05
2.46664000000026e-05
2.8644566666669035e-05
2.3562066666663986e-05
1.9785700000000497e-05
1.7650499999999332e-05
1.6503299999999964e-05
1.5481866666666733e-05
1.45940666666696e-05
1.35989666666651e-05
2.03811666666646e-05
1.1791666666668067e-05
1.09488333333352e-05
1.3725333333332766e-05
9.357266666665267e-06
8.609333333335167e-06
9.528066666664162e-06
7.245399999999966e-06
2.0039366666668733e-05
3.46613666666699e-05
2.63587666666676e-05
2.3037799999999402e-05
2.2071733333339802e-05
1.80748333333332e-05
1.6059466666669866e-05
1.740410000000322e-05
1.2890300000001346e-05
1.6978866666668877e-05
9.534399999999734e-06
8.824133333336832e-06
8.107800000001234e-06
9.322099999997655e-06
6.807466666665834e-06
3.337259999999967e-05
2.7644299999999667e-05
2.503119999999933e-05
2.2573500000000468e-05
2.4784800000003202e-05
1.59840333333346e-05
1.4919966666667367e-05
1.39691666666645e-05
1.2221100000002033e-05
1.6984866666665735e-05
1.0553700000000734e-05
1.5160366666662953e-05
8.998066666665567e-06
1.021556666666405e-05
7.6321999999999e-06
8.067866666668553e-06
6.3932666666673665e-06
9.978399999999167e-06
1.71764666666685e-05
1.618506666666668e-05
1.2776633333337168e-05
1.1040133333332467e-05
9.588166666666778e-06
8.313133333333806e-06
3.459016666666667e-05
3.32169666666678e-05
3.230526666666567e-05
3.08524666666643e-05
2.9079666666668532e-05
2.7750733333335266e-05
2.6773699999997165e-05
2.54167666666675e-05
2.42975999999969e-05
2.2946333333332765e-05
2.18226000000025e-05
2.06309666666645e-05
1.95486333333365e-05
1.84528666666665e-05
1.7388433333335533e-05
1.6333599999999535e-05
1.5443699999998868e-05
1.44539666666647e-05
1.3468900000002101e-05
1.25856666666683e-05
1.18085333333314e-05
1.0966000000001133e-05
1.0158466666665433e-05
9.430799999998732e-06
8.716599999999033e-06
8.004433333334366e-06
7.381633333332833e-06
6.754500000002066e-06
6.1940333333325e-06
5.6314999999992e-06
2.1959366666668434e-05
3.235130000000344e-05
2.4553933333334067e-05
2.163979999999883e-05
1.729733333333262e-05
1.557286666666879e-05
1.2790233333333701e-05
1.1939566666667e-05
1.0381699999998766e-05
1.2585333333333289e-05
8.909733333332499e-06
8.225399999998534e-06
7.5449999999977e-06
6.9495333333335995e-06
6.350199999997467e-06
5.817300000003166e-06
6.89009999999731e-06
2.19412999999983e-05
1.894106666666673e-05
1.6479466666663465e-05
1.44760666666614e-05
1.2716866666669567e-05
9.982433333333157e-06
8.89923333333708e-06
7.109000000001434e-06
6.5399666666669335e-06
5.967600000000866e-06
8.676166666665713e-06
4.951866666669233e-06
7.315699999999034e-06
1.0657199999997132e-05
9.107633333334733e-06
7.829466666668213e-06
6.716566666664644e-06
2.8463433333332967e-05
2.6273866666666934e-05
2.352196666666567e-05
2.140510000000113e-05
1.9208933333333034e-05
1.716510000000133e-05
1.5258000000003168e-05
1.4322333333334967e-05
1.3409366666668666e-05
1.2628533333332765e-05
1.1768100000001767e-05
1.0928666666665267e-05
1.0170933333331068e-05
9.496733333332534e-06
8.788900000000767e-06
8.105599999996833e-06
7.495266666668333e-06
6.895133333332633e-06
6.3035000000007664e-06
5.784699999999967e-06
5.263466666668067e-06
4.806766666668834e-06
4.3467666666667e-06
2.2552633333335534e-05
2.1667833333331266e-05
2.0489266666664133e-05
1.9505000000001135e-05
1.8359166666666767e-05
1.7387666666668367e-05
1.6380299999999932e-05
1.5448100000000266e-05
1.4537533333332699e-05
1.3632666666666767e-05
1.2753133333331932e-05
1.1998333333333266e-05
1.11684999999991e-05
1.0362933333333634e-05
9.634566666668267e-06
8.984766666667967e-06
8.307900000000433e-06
7.653433333335934e-06
7.070066666666399e-06
6.496166666665933e-06
5.9320666666658665e-06
5.437066666665499e-06
4.940066666666199e-06
4.506699999999133e-06
4.0698333333348e-06
2.7495466666667867e-05
2.6303066666666367e-05
2.5452133333333133e-05
2.4202499999999767e-05
2.2753000000001268e-05
2.1616799999997967e-05
2.0750833333334666e-05
1.9606599999999468e-05
1.8648600000000433e-05
1.7541433333330865e-05
1.65990999999995e-05
1.5626299999997133e-05
1.4722833333332299e-05
1.38465333333319e-05
1.2971833333330633e-05
1.2124799999998133e-05
1.1395566666664666e-05
1.0595666666664733e-05
9.8229333333329e-06
9.123100000000634e-06
8.497200000001634e-06
7.850266666664668e-06
7.223599999998467e-06
6.666299999998534e-06
6.117866666666133e-06
5.580233333335467e-06
5.108233333332234e-06
4.6345666666651e-06
4.223566666664933e-06
3.8089333333342665e-06
5.247199999998866e-06
1.0412766666667571e-05
7.507100000000057e-06
7.215033333333536e-06
6.4147666666662236e-06
2.5412766666665933e-05
2.4278966666668732e-05
2.345216666666723e-05
2.22678333333337e-05
2.09168666666685e-05
1.9842200000001302e-05
1.9014066666667166e-05
1.793679999999947e-05
1.7030733333334166e-05
1.59981999999966e-05
1.5112899999999067e-05
1.4206866666666166e-05
1.3359466666666233e-05
1.2548899999997867e-05
1.1732633333335266e-05
1.0948200000001267e-05
1.0268499999999133e-05
9.526333333331733e-06
8.8162999999993e-06
8.171200000003e-06
7.5913666666668e-06
7.0012333333332e-06
6.4276666666640665e-06
5.919766666665867e-06
5.419566666668233e-06
4.932000000001933e-06
4.503466666668434e-06
4.073966666665967e-06
3.7048666666650334e-06
3.3319000000031635e-06
2.1979033333337698e-05
1.6743666666666853e-05
1.7141466666666567e-05
1.3283066666662064e-05
9.027999999999799e-06
8.347800000000733e-06
9.58670000000087e-06
6.6080333333366335e-06
5.575166666667767e-06
5.0978666666664006e-06
8.756899999999115e-06
4.225833333334099e-06
3.8172333333327e-06
4.611633333336447e-06
3.1142333333307933e-06
2.2385233333332965e-05
2.04633666666676e-05
1.8191566666666166e-05
1.6388866666668566e-05
1.4572199999999633e-05
1.28995333333326e-05
1.1357699999999434e-05
1.0597466666669333e-05
9.8721999999977e-06
9.239966666666868e-06
8.5527000000011e-06
7.901399999998833e-06
7.3078999999976e-06
6.771899999998467e-06
6.2345333333306e-06
5.7105666666686664e-06
5.248633333332367e-06
4.793333333334233e-06
4.352066666664834e-06
3.9637666666666e-06
3.5751333333333667e-06
3.2443000000011634e-06
2.9095666666682337e-06
3.7163666666654665e-06
6.2072333333366365e-06
5.22096666666731e-06
4.378433333329657e-06
7.667566666665534e-06
1.2869966666665766e-05
1.0872833333334501e-05
9.26113333333812e-06
7.921666666665937e-06
7.803566666664264e-06
5.9026666666683965e-06
5.134000000002934e-06
3.8340999999997335e-06
3.483000000000433e-06
3.132099999999157e-06
3.3778333333326737e-06
2.53640000000092e-06
1.11334333333324e-05
1.5755866666663136e-05
1.34037333333318e-05
1.004400000000163e-05
8.774200000002017e-06
6.685866666666933e-06
6.163966666664999e-06
5.224133333333233e-06
6.010633333334647e-06
4.369066666665134e-06
3.9751666666661665e-06
3.596566666667433e-06
3.2629666666654036e-06
2.9298333333316333e-06
2.6501666666659903e-06
2.9716999999984663e-06
1.7219833333333632e-05
1.5236366666663665e-05
1.2044199999998e-05
1.05932666666697e-05
9.266799999999933e-06
8.610866666669534e-06
7.994266666666567e-06
6.864233333333167e-06
8.81646666666864e-06
7.14933333333389e-06
4.921433333334366e-06
4.486733333334633e-06
4.1067000000024335e-06
3.7317666666666e-06
3.372400000001267e-06
3.05553333333301e-06
2.7394000000032403e-06
3.6754999999999435e-06
2.207266666668743e-06
2.5602999999985167e-06
4.256366666662477e-06
3.526166666667496e-06
1.2408866666668834e-05
1.71395333333324e-05
1.2509333333332609e-05
8.353799999997567e-06
6.136299999999934e-06
5.182033333332267e-06
4.3626666666647995e-06
3.624133333331633e-06
5.524366666664893e-06
2.9615000000019867e-06
3.901733333333546e-06
2.3919333333344302e-06
2.8070333333370565e-06
1.91753333333248e-06
5.3241333333324e-06
8.860199999997466e-06
7.425100000002501e-06
6.2592666666675834e-06
5.29429999999904e-06
4.529866666669326e-06
5.223299999997563e-06
2.7735999999981933e-06
2.5030333333305365e-06
2.23366666666595e-06
2.01173333333286e-06
1.78613333333318e-06
1.6854399999999267e-05
1.59945333333337e-05
1.5305033333331165e-05
1.4421899999998233e-05
1.34942666666656e-05
1.2700866666666901e-05
1.2058899999996735e-05
1.1282033333333733e-05
1.06150666666675e-05
9.904500000001967e-06
9.2734999999992e-06
8.654400000000333e-06
8.056033333333134e-06
7.520833333333566e-06
6.9589333333342e-06
6.438300000000134e-06
5.973833333331833e-06
5.477766666665367e-06
5.024966666666867e-06
4.607566666670067e-06
4.2240666666656e-06
3.861500000001966e-06
3.5035666666701333e-06
3.1933666666650333e-06
2.886999999999567e-06
2.5965666666683e-06
2.3401000000015465e-06
2.08499999999982e-06
1.87579999999891e-06
1.6630333333322867e-06
1.7483333333327232e-06
2.8614999999991102e-06
1.5473733333333968e-05
1.46639333333328e-05
1.4003733333330566e-05
1.3174966666666199e-05
1.23185333333331e-05
1.1575500000001367e-05
1.09690333333338e-05
1.0244933333332834e-05
9.620966666668e-06
8.9647333333313e-06
8.378133333334733e-06
7.807233333330867e-06
7.2520999999992e-06
6.7619666666648e-06
6.2433333333333664e-06
5.7661000000004995e-06
5.338100000000033e-06
4.882966666667567e-06
4.4713000000011e-06
4.0908000000005996e-06
3.7399000000030667e-06
3.4127999999985e-06
3.08889999999969e-06
2.8093666666636102e-06
2.5332666666636833e-06
2.2729333333323037e-06
2.04289999999885e-06
1.8144666666682532e-06
1.6288000000012434e-06
1.4397666666665634e-06
1.1045933333331267e-05
1.04568666666675e-05
9.7581666666661e-06
9.1550666666662e-06
8.524766666669533e-06
7.959566666667265e-06
7.4117000000003334e-06
6.877333333332733e-06
6.408600000000034e-06
5.910599999999399e-06
5.454000000001033e-06
5.0434000000006665e-06
4.6078000000005e-06
4.215533333333066e-06
3.852500000001133e-06
3.5170666666658e-06
3.2065333333330934e-06
2.8987000000017333e-06
2.6335666666691764e-06
2.3716000000025465e-06
2.1252999999998867e-06
1.9075999999988266e-06
1.6916000000014967e-06
1.5168666666657667e-06
1.3387999999984567e-06
5.9733666666635566e-06
4.95536666666648e-06
3.472699999995667e-06
2.9322999999988496e-06
1.98646666666654e-06
1.7805333333361266e-06
1.5763666666631267e-06
2.2080666666683197e-06
1.2444000000000331e-06
1.1561000000030267e-06
1.2999200000000467e-05
1.2284299999998366e-05
1.16828999999985e-05
1.0956499999999667e-05
1.0229899999999099e-05
9.581199999997299e-06
9.042966666668767e-06
8.416899999996733e-06
7.8736333333329e-06
7.316566666667101e-06
6.8121666666661336e-06
6.3290666666697e-06
5.8537666666673e-06
5.444700000001301e-06
5.005033333331066e-06
4.606133333336566e-06
4.244666666667699e-06
3.863666666666567e-06
3.5251333333337666e-06
3.2106666666679533e-06
2.9185666666690466e-06
2.653699999999313e-06
2.390000000000263e-06
2.1643666666681933e-06
1.9413333333329064e-06
1.7333333333313668e-06
1.5493333333356968e-06
1.3672666666667935e-06
1.2219333333322402e-06
1.0736666666659e-06
5.153399999998267e-06
4.8894666666687795e-06
3.0192666666669267e-06
2.4895999999996466e-06
2.02576666666528e-06
1.8146000000015166e-06
1.6181666666688833e-06
2.4153666666674537e-06
1.2725333333333634e-06
1.6394666666659965e-06
9.9666666666757e-07
1.1894833333333167e-05
1.12246000000001e-05
1.0652466666664468e-05
9.9739333333367e-06
9.306199999999567e-06
8.7015666666653e-06
8.195900000000167e-06
7.615100000002434e-06
7.1094666666697e-06
6.597433333332966e-06
6.130900000000933e-06
5.687533333335433e-06
5.2488666666664996e-06
4.8760666666703e-06
4.472300000002433e-06
4.108500000003334e-06
3.7771999999991335e-06
3.4295333333323e-06
3.1233333333361797e-06
2.8381999999993467e-06
2.5724999999976465e-06
2.33479999999971e-06
2.0975333333339566e-06
1.8953333333349134e-06
1.6954333333337367e-06
1.5100666666656433e-06
1.3459999999983666e-06
1.1839000000013466e-06
1.0557333333327535e-06
9.247666666656333e-07
2.4138000000006866e-06
3.93470000000414e-06
2.6609666666640065e-06
2.2085666666652803e-06
1.4086000000005734e-06
1.2537666666682467e-06
1.1009999999996499e-06
9.8066666666859e-07
8.5773333333335e-07
1.0244933333332834e-05
9.0689000000014e-06
7.893366666666966e-06
6.8813000000019334e-06
5.941533333334966e-06
5.1044666666648e-06
4.361099999998034e-06
3.990933333331e-06
3.6596666666666e-06
3.3565999999966332e-06
3.039899999997727e-06
2.76339999999801e-06
2.5053333333358033e-06
2.26403333333236e-06
2.051133333332473e-06
1.8380333333345434e-06
1.6572000000010999e-06
1.4783666666666e-06
1.3134666666673533e-06
1.1674333333340966e-06
1.0234333333321766e-06
9.105666666675567e-07
7.951999999996266e-07
7.5145999999989e-06
7.055733333331367e-06
6.5383333333317e-06
6.0857666666673e-06
5.6357999999997e-06
5.2220666666694994e-06
4.833433333332567e-06
4.445699999999767e-06
4.1223333333339995e-06
3.768166666669633e-06
3.4522666666666e-06
3.1625333333340498e-06
2.8604666666690967e-06
2.59793333333332e-06
2.3525666666635035e-06
2.122833333336367e-06
1.9214333333332033e-06
1.7195999999978602e-06
1.5486666666656801e-06
1.3797000000000566e-06
1.2242333333338065e-06
1.0865666666674367e-06
9.509666666684966e-07
8.451333333307299e-07
7.368999999979299e-07
5.344166666665367e-06
7.033500000001397e-06
4.203566666664367e-06
3.8954333333341e-06
3.5566333333310667e-06
2.6906666666641034e-06
2.4415000000018366e-06
2.2083333333348467e-06
1.9896666666648533e-06
1.7992666666651534e-06
1.4467333333360402e-06
1.28710000000254e-06
1.1406333333333998e-06
1.0108999999980399e-06
8.832666666661967e-07
7.841000000026933e-07
6.826000000015334e-07
3.355833333333167e-06
3.6442333333367798e-06
2.293666666663973e-06
3.0279333333327335e-06
1.6842333333359299e-06
1.5034000000024868e-06
1.3509666666651966e-06
1.06229999999874e-06
9.401333333343867e-07
8.200000000013766e-07
7.270999999975367e-07
6.3200000000041e-07
1.5759333333309467e-06
2.5291333333325267e-06
2.0555666666662497e-06
1.6751666666629365e-06
9.8899999999939e-07
8.739666666664667e-07
7.610333333333634e-07
6.740333333328967e-07
5.849666666650033e-07
6.154766666666133e-06
5.754066666667033e-06
5.3129333333346e-06
4.9248333333344e-06
4.548133333333767e-06
4.197566666663833e-06
3.8733333333337e-06
3.5464333333345998e-06
3.28040000000159e-06
2.9846666666647866e-06
2.7244999999990567e-06
2.4836999999999767e-06
2.2348000000005368e-06
2.0221666666671764e-06
1.8225666666686166e-06
1.63460000000004e-06
1.4741000000021798e-06
1.31243333332994e-06
1.1766666666690466e-06
1.04246666666752e-06
9.203333333318566e-07
8.121333333314467e-07
7.059333333336867e-07
6.245333333339732e-07
5.411333333353133e-07
6.769700000001466e-06
5.040500000001267e-06
4.307399999999467e-06
3.6618333333349333e-06
3.0957333333322037e-06
2.099166666669207e-06
1.7083333333315733e-06
1.3782999999989433e-06
1.0975666666671967e-06
8.561333333341934e-07
7.543333333341166e-07
6.545999999977666e-07
9.597999999999567e-07
5.003999999993634e-07
4.0781333333331995e-06
3.4607666666630667e-06
3.16129999999859e-06
4.101766666664287e-06
1.971133333330173e-06
1.7802666666659002e-06
1.43113333333315e-06
1.2882666666658166e-06
1.0232999999989133e-06
9.0406666666635e-07
7.004000000014134e-07
6.0673333333409e-07
5.3553333333456e-07
4.6256666666651664e-07
6.126766666666066e-06
5.282766666666233e-06
3.8598666666667e-06
3.2697000000007465e-06
2.7543666666648068e-06
2.27323333333492e-06
1.8502333333336734e-06
1.6695666666658834e-06
1.4993000000000167e-06
1.2036333333353966e-06
1.06739999999883e-06
9.537666666670233e-07
8.413999999993634e-07
7.399666666666833e-07
6.500666666668199e-07
5.6213333333351e-07
4.955999999981901e-07
4.2736666666654e-07
1.5875333333322433e-06
1.2687999999982933e-06
6.874999999998766e-07
6.030999999998933e-07
5.206333333340767e-07
4.584333333353567e-07
3.9470000000226333e-07
6.823299999999167e-06
6.382066666665866e-06
5.974866666669233e-06
5.5383999999973e-06
5.1486000000008e-06
4.764300000000467e-06
4.4293333333333996e-06
4.0710000000018e-06
3.7536000000004667e-06
3.4545333333321e-06
3.1721000000003067e-06
2.9158333333316e-06
2.6540999999991036e-06
2.4474666666662866e-06
2.2136333333329834e-06
2.01133333333307e-06
1.8221000000003434e-06
1.6285333333347166e-06
1.4667333333329134e-06
1.3139666666680166e-06
1.169233333335e-06
1.0495666666665566e-06
9.282999999989567e-07
8.275333333325933e-07
7.279666666693e-07
6.385666666663966e-07
5.592999999988933e-07
4.819333333331666e-07
4.2393333333038666e-07
3.6436666666454335e-07
4.522466666667666e-06
4.199733333335834e-06
3.5518999999984e-06
3.2665999999996e-06
2.752200000000203e-06
2.5021999999985668e-06
2.0831333333341334e-06
1.8909666666659201e-06
1.5270333333335568e-06
1.3740333333345234e-06
1.22946666666346e-06
1.09223333333297e-06
9.795333333340033e-07
8.6519999999979e-07
7.703999999978767e-07
6.767333333305534e-07
5.9280000000254e-07
5.184333333333833e-07
4.45966666666e-07
3.918000000028667e-07
3.362333333349167e-07
5.7864e-06
5.000733333334233e-06
4.291699999999433e-06
3.652000000002133e-06
3.0879333333344567e-06
2.5969666666680865e-06
2.171933333335503e-06
1.9596999999982336e-06
1.77723333333324e-06
1.6058999999975698e-06
1.4313999999996766e-06
1.28673333333144e-06
1.1499000000007399e-06
1.0199666666673334e-06
9.138666666667433e-07
8.060666666661233e-07
7.1696666666954e-07
6.288333333344834e-07
5.501666666648167e-07
4.8043333333488e-07
4.1249999999844667e-07
3.6199999999819665e-07
3.1013333333292567e-07
4.0715333333311336e-06
3.7722666666684e-06
3.4573666666666998e-06
3.1773999999984434e-06
2.9181333333331666e-06
2.67120000000028e-06
2.44966666666698e-06
2.2217666666657366e-06
2.0449999999986662e-06
1.8429000000005e-06
1.6697666666676268e-06
1.5068333333349368e-06
1.3412333333332832e-06
1.20456666666824e-06
1.0751333333354934e-06
9.5206666666699e-07
8.522333333334701e-07
7.5073333333601e-07
6.669333333338601e-07
5.841333333330334e-07
5.1036666666541e-07
4.449666666646767e-07
3.8136666666854665e-07
3.3430000000075e-07
2.8593333333271066e-07
6.201666666649801e-07
9.711000000023333e-07
4.7326666666736e-07
4.120000000014867e-07
3.525000000004233e-07
3.08599999998549e-07
2.63533333333399e-07
2.0708000000017433e-06
9.3890000000263e-07
7.403999999988633e-07
5.764666666648499e-07
4.3870000000131e-07
3.2563333333124336e-07
2.847666666694337e-07
2.42733333333245e-07
2.05220000000228e-06
1.8544333333333133e-06
1.7037666666682333e-06
1.52969999999882e-06
1.1011666666653034e-06
9.8613333333238e-07
8.768666666658667e-07
7.726999999994399e-07
6.8973333333296e-07
5.356333333354299e-07
4.670666666687733e-07
4.064666666655133e-07
3.5276666666694663e-07
3.006999999999317e-07
2.626333333329473e-07
2.2353333333224868e-07
3.288599999999123e-06
3.0325333333358633e-06
2.76883333333311e-06
2.533333333335867e-06
2.3201333333333635e-06
2.1148333333331768e-06
1.9333333333334166e-06
1.74490000000027e-06
1.60213333333381e-06
1.43669999999781e-06
1.2967666666659665e-06
1.1640999999988165e-06
1.0304000000016533e-06
9.218666666662334e-07
8.187333333335232e-07
7.202000000002433e-07
6.422666666653734e-07
5.626666666665634e-07
4.975333333323567e-07
4.3316666666533663e-07
3.764666666665e-07
3.2620000000038735e-07
2.77566666665822e-07
2.42166666664101e-07
2.0576666666845733e-07
4.284366666666233e-06
3.6556666666687334e-06
3.11540000000147e-06
2.6173333333323597e-06
2.189133333333853e-06
1.8208333333324934e-06
1.50610000000014e-06
1.3488666666690765e-06
1.2163333333314868e-06
1.0903999999996766e-06
9.6379999999785e-07
8.6146666666842e-07
7.640999999984166e-07
6.710333333326267e-07
5.979000000026301e-07
5.230666666652034e-07
4.6193333333259e-07
4.015999999995567e-07
3.4856666666731e-07
3.015666666642916e-07
2.5613333333544365e-07
2.2316666666855067e-07
1.8929999999750534e-07
3.7216666666969e-07
3.2256666666619066e-07
2.786666666680187e-07
2.3619999999964966e-07
2.0559999999910266e-07
1.7410000000180532e-07
3.28553333333407e-06
2.7934333333331134e-06
1.9471666666640935e-06
1.61350000000097e-06
1.18783333333076e-06
1.06906666666647e-06
8.424000000006867e-07
7.5153333333189e-07
6.649000000025234e-07
5.819333333323399e-07
5.1746666666815e-07
4.5146666666958334e-07
3.9776666666731667e-07
3.447666666637567e-07
2.98433333334458e-07
2.573666666672027e-07
2.1776666666584167e-07
1.8930000000120602e-07
1.600333333332907e-07
7.872000000001366e-07
7.015666666683934e-07
6.198999999984534e-07
4.811999999983667e-07
4.191999999976967e-07
3.6886666666680003e-07
3.1926666666700266e-07
2.7596666666666435e-07
2.3763333333315366e-07
2.0070000000075668e-07
1.74266666667459e-07
1.4703333333458234e-07
