0.020775356999999998
0.09656422299999999
0.17237066300000004
0.281276751
0.42042859000000005
0.49950480799999997
0.537469735
0.8449922590000001
0.9437112110000001
1.077492863
1.123013473
1.215612223
1.5334065710000004
1.5743945519999993
1.727226807999999
1.21809471
0.880463528
1.1156527120000004
0.8722263519999999
0.8730619479999998
1.0520357970000003
0.8896538270000006
1.0499887969999997
0.6680960489999997
0.9262159210000003
0.7364611839999992
0.7409070759999998
0.5989577040000001
0.6431305309999998
0.5982436320000001
0.4650546390000007
0.47568457300000044
0.3776285879999998
0.3888578769999995
0.2952616850000004
0.32476817299999994
0.329575738
0.2871967000000003
0.23885305199999965
0.2197017940000001
0.21082071999999946
0.1733780119999998
0.16522859600000006
0.1360677549999999
0.122759639
0.10736581899999983
0.09218455100000002
0.08472542399999997
0.07279176700000023
0.06863764200000101
0.05398215900000013
0.04784410499999948
0.04485726700000004
0.038208940999999934
0.03706176499999989
0.02836065499999996
0.02672138800000068
0.017875861999999798
0.019256223000000294
0.020169313999999328
0.012730315000000214
0.010214422000000221
0.01067042299999943
0.009256339999999972
0.007431432000000071
0.005843080000000556
0.005240295999999978
0.0033682339999997475
0.0032662639999998517
0.0031243990000000567
0.0027850619999998383
0.0014807440000004224
0.0018655629999998482
