29.341663205479467
31.520646630137
29.986699945205483
30.30003175342465
30.46033950684931
31.711187534246594
29.90125824657533
30.94296486301368
31.58580495890409
31.447958356164406
30.151606602739704
31.575152547945198
29.744240101369883
30.68168323287671
30.666729178082196
30.63554117808217
30.425521909589055
30.14978098630134
30.118571843835564
31.85493002739723
31.458306000000015
31.754040410958904
30.888763698630132
29.61688967123286
30.235069460273966
31.0821621369863
30.624966273972632
30.28071492602741
30.067370164383565
30.258730027397267
31.6324721369863
30.729008731506838
31.4199579260274
31.273219780821947
30.396320602739724
32.40109454794519
32.861828712328794
32.39263435616439
31.752393260273994
31.988265863013712
31.89604717808221
31.51743915068495
31.45110175342465
31.27459799452053
32.05817701369863
31.904420767123295
33.37119906849316
33.44361926027397
32.38228989041097
31.751378602739713
31.69195624657534
33.04020887671235
31.720619424657507
32.05804054794521
31.987824986301376
33.65339271232875
32.232425260273985
31.93271747945207
33.646933534246585
32.34148816438357
32.03603739726028
31.879160301369858
33.27872709589041
32.4865255890411
33.43750038356166
32.00973630136988
33.489701643835645
32.08734684931505
31.789803726027387
33.583377013698616
32.69307797260275
32.40597967123287
32.56180591780823
33.14270827397258
32.80260410958902
32.56769197260271
32.92745252054795
34.03367397260272
32.20038909589042
33.314954109589046
32.85759915068494
32.588857945205476
32.20367928767124
32.36714487671233
32.932645726027374
33.75319363835619
1.2573700547945206
