4 0
65 0
69 0
1 2040
59 7488
72 12960
41 21240
31 26400
4 30705
54 31704
47 33744
84 57648
92 61080
64 61440
81 63720
17 65040
18 71313
57 72408
13 72696
87 79608
12 79632
40 80544
39 82152
6 86048
11 90408
0 99456
16 99600
56 100488
53 102000
70 111600
90 112728
47 118056
91 124272
49 124392
44 124800
85 124968
61 125088
29 132696
15 145200
83 145200
50 145320
93 150648
63 150840
62 156096
25 161626
43 164016
71 164352
6 164933
77 165576
1 178968
30 180720
94 181440
16 183120
0 187320
78 188217
70 194880
38 195720
69 199584
28 208320
46 210792
80 210912
76 211056
22 222347
91 224280
58 227088
57 230136
24 232800
74 234120
45 238008
75 238008
82 240336
33 244968
41 249048
81 252336
36 253488
0 254088
86 254328
97 254376
7 255096
39 255096
9 258144
60 271464
35 272064
20 277800
67 277800
52 278496
31 279360
72 279360
89 279360
55 282240
35 285250
10 288336
12 294528
15 298608
48 299208
4 306888
62 309864
41 311904
50 312456
34 312912
38 318405
77 319896
56 321120
43 322416
79 324360
66 324408
14 325008
95 325032
51 327120
42 327648
46 327648
8 332160
74 334944
91 336480
87 355632
76 355641
96 356645
84 364416
69 366456
8 368208
28 373608
55 374265
12 377808
64 385656
19 395400
26 402624
73 410208
23 413304
1 419914
57 424896
45 425616
7 427128
29 427248
83 427248
93 427296
61 431760
75 431904
59 432408
39 434722
25 437612
29 441048
8 447600
32 449760
22 450264
65 451776
20 453360
70 453528
68 453888
3 454104
5 456720
27 456744
38 463944
97 469296
9 470112
6 472128
54 472128
62 472128
21 472152
92 481680
88 481728
94 488544
37 490944
71 493128
0 496704
47 501384
89 503616
85 506088
4 509328
56 509376
40 515808
2 515880
24 518328
33 520954
12 522528
90 524494
86 530568
38 530904
56 535920
34 536160
93 538200
25 538440
11 541848
49 546240
44 546288
30 553320
14 553416
58 557688
82 557760
52 564120
60 564970
53 581424
95 582144
25 582288
80 584880
91 586224
78 591744
18 592968
23 599328
48 606744
61 607006
43 611928
30 624000
63 624120
45 624240
40 626160
16 626712
58 629328
73 629400
64 630384
93 634776
56 636816
77 640560
87 650328
81 664104
36 665496
86 668304
2 669264
43 670080
17 670320
57 670320
79 670680
97 675216
10 679440
38 679440
60 679440
18 680616
28 688728
84 688728
19 689016
0 689928
30 689928
31 692184
72 700848
61 709128
20 712200
47 716088
88 718608
33 720336
95 720840
25 721008
48 725049