10 0
10 45
10 90
10 135
10 180
10 225
10 270
10 315
10 360
10 405
10 450
10 495
10 540
10 585
10 630
10 675
10 720
10 765
10 810
10 855
10 900
10 945
10 990
10 1035
10 1080
10 1125
10 1170
10 1215
10 1260
10 1305
10 1350
10 1395
10 1440
10 1485
10 1530
10 1575
10 1620
10 1665
10 1710
10 1755
10 1800
10 1845
10 1890
10 1935
10 1980
10 2025
10 2070
10 2115
10 2160
10 2205
10 2250
10 2295
10 2340
10 2385
10 2448
10 2493
10 2538
10 2583
10 2628
10 2673
10 2718
10 2763
10 2808
10 2853
10 2898
10 2943
10 2988
10 3033
10 3078
10 3123
10 3168
10 3213
10 3258
10 3303
10 3348
10 3393
10 3438
10 3483
10 3528
10 3573
10 3618
10 3663
10 3708
10 3753
10 3798
10 3843
10 3888
10 3933
10 3978
10 4023
10 4068
10 4113
10 4158
10 4203
10 4248
10 4293
10 4338
10 4383
10 4428
10 4473
10 4518
10 4563
10 4608
10 4653
10 4698
10 4743
10 4788
10 4833
10 4878
10 4923
10 4968
10 5013
10 5058
10 5103
10 5148
10 5193
10 5238
10 5283
10 5328
10 5373
10 5418
10 5463
10 5508
10 5553
10 5598
10 5643
10 5688
10 5733
10 5778
10 5832
10 5877
10 5922
10 5967
10 6012
10 6057
10 6102
10 6147
10 6192
10 6237
10 6282
10 6327
10 6372
10 6417
10 6462
10 6507
10 6552
10 6597
10 6642
10 6687
10 6732
10 6777
10 6822
10 6867
10 6912
10 6957
10 7002
10 7047
10 7092
10 7137
10 7182
10 7227
10 7272
10 7317
10 7362
10 7407
10 7452
10 7497
10 7542
10 7587
10 7632
10 7677
10 7722
10 7767
10 7812
10 7857
10 7902
10 7947
10 7992
10 8037
10 8082
10 8127
10 8172
10 8217
10 8262
10 8307
10 8352
10 8397
10 8442
10 8487
10 8532
10 8577
10 8622
10 8667
10 8712
10 8757
10 8802
10 8847
10 8892
10 8937
10 8982
10 9027
10 9072
10 9117
10 9162
10 9207
10 9252
10 9297
10 9342
10 9387
10 9432
10 9477
10 9552
10 9597
10 9696
10 9768
10 9813
10 9912
10 9957
10 10008
10 10053
10 10098
10 10143
10 10188
10 10233
10 10278
10 10323
10 10368
10 10413
10 10458
10 11496
10 11688
10 11733
10 11778
10 11823
10 11868
10 11913
10 11958
10 12003
10 12048
10 12093
10 12144
10 12189
10 12234
10 12336
10 12381
10 12426
10 12471
10 12516
10 12561
10 12606
10 12696
10 14112
10 14157
10 14208
10 14253
10 14304
10 14376
10 14472
10 14517
10 14592
10 14637
10 14688
10 14733
10 14778
10 14823
10 14868
10 14913
10 14958
10 15003
10 15048
10 15093
10 15168
10 15213
10 15288
10 15333
10 15378
10 15456
10 21432
10 21480
10 21525
10 21570
10 21615
10 21672
10 21744
10 21888
10 21933
10 21984
10 25368
10 25413
10 25464
10 27480
10 29088
10 29133
10 29280
10 31608
10 31653
10 31698
10 31743
10 31788
10 32856
10 35856
10 35976
10 36456
10 36552
10 36597
10 36912
10 36957
10 37032
10 37077
10 37176
10 37272
10 37317
10 37392
10 37437
10 37488
10 37533
10 37578
10 37623
10 37668
10 37713
10 37758
10 37803
10 37848
10 37893
10 37938
10 37983
10 38028
10 38073
10 38118
10 38163
10 38208
10 38253
10 38298
10 38343
10 38388
10 38433
10 38478
10 38523
10 38568
10 38613
10 38658
10 38703
10 38748
10 38793
10 38838
10 38883
10 38928
10 38973
10 39768
10 39813
10 39858
10 39903
10 39948
10 39993
10 40038
10 40083
10 40128
10 40173
10 40218
10 40263
10 40308
10 40353
10 40398
10 40443
10 40488
10 40533
10 40578
10 40623
10 40668
10 40713
10 40758
10 40803
10 40848
10 40893
10 40938
10 40983
10 41028
10 41073
10 41118
10 41163
10 41256
10 41328
10 41373
10 41418
10 41463
10 41508
10 41553
10 41598
10 41643
10 41688
10 41733
10 41778
10 41823
10 41868
10 41913
10 41958
10 42003
10 42048
10 42093
10 42138
10 42183
10 42228
10 42273
10 42318
10 42363
10 42408
10 42453
10 42498
10 42543
10 42588
10 42633
10 42678
10 42723
10 42768
10 42813
10 42858
10 42903
10 42948
10 42993
10 43038
10 43083
10 43128
10 43173
10 43218
10 43263
10 43308
10 43353
10 43398
10 43443
10 43488
10 43533
10 43578
10 43623
10 43668
10 43713
10 43758
10 43803
10 43848
10 43893
10 43938
10 43983
10 44028
10 44073
10 44118
10 44163
10 44208
10 44253
10 44298
10 44343
10 44388
10 44433
10 44478
10 44523
10 44568
10 44613
10 44658
10 44703
10 44748
10 44793
10 44838
10 44883
10 44928
10 44973
10 45018
10 45063
10 45108
10 45153
10 45198
10 45243
10 45288
10 45333
10 45378
10 45423
10 45468
10 45513
10 45558
10 45603
10 45648
10 45693
10 45738
10 45783
10 45828
10 45873
10 45918
10 45963
10 46008
10 46053
10 46098
10 46143
10 46188
10 46233
10 46278
10 46323
10 46368
10 46413
10 46458
10 46503
10 46548
10 46593
10 46638
10 46683
10 46728
10 46773
10 46818
10 46863
10 46908
10 46953
10 46998
10 47043
10 47088
10 47133
10 47178
10 47223
10 47268
10 47313
10 47358
10 47403
10 47448
10 47493
10 47538
10 47583
10 47628
10 47673
10 47718
10 47763
10 47808
10 47853
10 47898
10 47943
10 47988
10 48033
10 48078
10 48123
10 48168
10 48213
10 48258
10 48303
10 48348
10 48393
10 48438
10 48483
10 48528
10 48573
10 48768
10 48813
10 48858
10 48903
10 48948
10 48993
10 49038
10 49083
10 49128
10 49173
10 49218
10 49263
10 49308
10 49353
10 49398
10 49443
10 49488
10 49533
10 49578
10 49623
10 49668
10 49713
10 49758
10 49803
10 49848
10 49893
10 49938
10 49983
10 50028
10 50073
10 50118
10 50163
10 50208
10 50253
10 50298
10 50343
10 50388
10 50433
10 50478
10 50523
10 50568
10 50613
10 50658
10 50703
10 50748
10 50793
10 50838
10 50883
10 50928
10 50973
10 51018
10 51063
10 51108
10 51153
10 51198
10 51243
10 51288
10 51333
10 51378
10 51423
10 51468
10 51513
10 51558
10 51603
10 51648
10 51693
10 51738
10 51783
10 51828
10 51873
10 51918
10 51963
10 52008
10 52053
10 52098
10 52143
10 52188
10 52233
10 52278
10 52323
10 52368
10 52413
10 52458
10 52503
10 52548
10 52593
10 52638
10 52728
10 52773
10 52818
10 52863
10 52908
10 52953
10 52998
10 53043
10 53088
10 53133
10 53178
10 53223
10 53268
10 53313
10 53358
10 53403
10 53472
10 53517
10 53592
10 53637
10 53682
10 53808
10 53853
10 53898
10 53943
10 53988
10 54033
10 54078
10 54123
10 54168
10 54213
10 54258
10 54303
10 54348
10 54393
10 54438
10 54483
10 54528
10 54573
10 54618
10 54663
10 54708
10 54753
10 54798
10 54864
10 54936
10 54981
10 55026
10 55071
10 55116
10 55161
10 55206
10 55251
10 55296
10 55341
10 55386
10 55431
10 55476
10 55521
10 55584
10 55656
10 55776
10 55848
10 55893
10 55938
10 56376
10 56496
10 56592
10 56637
10 56688
10 56733
10 56778
10 56823
10 56868
10 56913
10 56958
10 57003
10 57048
10 57093
10 57144
10 57408
10 57453
10 57498
10 57543
10 57588
10 57633
10 57678
10 57723
10 57768
10 57813
10 57858
10 57912
10 57957
10 58008
10 58053
10 58098
10 58143
10 58188
10 58233
10 58278
10 58323
10 58368
10 58413
10 58464
10 59592
10 59637
10 59688
10 59733
10 59778
10 59823
10 59868
10 59913
10 59958
10 60003
10 60048
10 60093
10 60138
10 60216
10 61200
10 61248
10 61293
10 61440
10 61485
10 65160
10 66264
10 66384
10 66504
10 67920
10 69144
10 69552
10 69597
10 72408
10 72453
10 72498
10 72543
10 72588
10 72633
10 72678
10 72723
10 76392
10 76437
10 76482
10 76896
10 77016
10 77136
10 79032
10 79077
10 79128
10 79173
10 79218
10 79272
10 79317
10 79416
10 79512
10 79557
10 79608
10 79653
10 79698
10 79743
10 79788
10 79833
10 79878
10 79944
10 80016
10 80061
10 80106
10 80151
10 80196
10 80241
10 80286
10 80331
10 80376
10 80421
10 80466
10 80511
10 80556
10 80601
10 80646
10 80691
10 80736
10 80781
10 80826
10 80871
10 80916
10 80961
10 81006
10 81051
10 81096
10 81141
10 81186
10 81231
10 81276
10 81321
10 81366
10 81411
10 81456
10 81501
10 81546
10 81591
10 81636
10 81681
10 81726
10 81771
10 81816
10 81861
10 81906
10 81951
10 81996
10 82041
10 82086
10 82131
10 82176
10 82221
10 82266
10 82311
10 82356
10 82401
10 82446
10 82491
10 82536
10 82581
10 82626
10 82671
10 82716
10 82761
10 82806
10 82851
10 82896
10 82941
10 82986
10 83031
10 83076
10 83121
10 83166
10 83211
10 83256
10 83301
10 83346
10 83391
10 83436
10 83481
10 83526
10 83571
10 83616
10 83661
10 83706
10 83751
10 83796
10 83841
10 83886
10 83931
10 83976
10 84021
10 84066
10 84111
10 84156
10 84201
10 84246
10 84291
10 84336
10 84381
10 84426
10 84471
10 84516
10 84561
10 84606
10 84651
10 84696
10 84741
10 84786
10 84831
10 84876
10 84921
10 84966
10 85011
10 85056
10 85101
10 85146
10 85191
10 85236
10 85281
10 85326
10 85371
10 85416
10 85461
10 85506
10 85551
10 85596
10 85641
10 85686
10 85731
10 85776
10 85821
10 85866
10 85911
10 85956
10 86001
10 86046
10 86091
10 86136
10 86181
10 86226
10 86271
10 86316
10 86361
10 86406
10 86451
10 86496
10 86541
10 86586
10 86631
10 86676
10 86721
10 86766
10 86811
10 86856
10 86901
10 86946
10 86991
10 87036
10 87081
10 87126
10 87171
10 87216
10 87261
10 87306
10 87351
10 87396
10 87441
10 87486
10 87531
10 87576
10 87621
10 87666
10 87711
10 87756
10 87801
10 87846
10 87891
10 87936
10 87981
10 88026
10 88071
10 88116
10 88161
10 88206
10 88251
10 88296
10 88341
10 88386
10 88431
10 88476
10 88521
10 88566
10 88611
10 88656
10 88701
10 88746
10 88791
10 88836
10 88881
10 88926
10 88971
10 89016
10 89061
10 89106
10 89151
10 89196
10 89241
10 89286
10 89331
10 89376
10 89421
10 89466
10 89511
10 89556
10 89601
10 89646
10 89691
10 89736
10 89781
10 89826
10 89871
10 89916
10 89961
10 90006
10 90051
10 90096
10 90141
10 90186
10 90231
10 90276
10 90321
10 90366
10 90411
10 90456
10 90501
10 90546
10 90591
10 90636
10 90681
10 90726
10 90771
10 90816
10 90861
10 90906
10 90951
10 90996
10 91041
10 91086
10 91131
10 91176
10 91221
10 91266
10 91311
10 91356
10 91401
10 91446
10 91491
10 91536
10 91581
10 91626
10 91671
10 91716
10 91761
10 91806
10 91851
10 91896
10 91941
10 91986
10 92031
10 92076
10 92121
10 92166
10 92211
10 92256
10 92301
10 92346
10 92391
10 92436
10 92481
10 92526
10 92571
10 92616
10 92661
10 92706
10 92751
10 92796
10 92841
10 92886
10 92931
10 92976
10 93021
10 93066
10 93111
10 93156
10 93201
10 93246
10 93291
10 93336
10 93381
10 93426
10 93471
10 93516
10 93561
10 93606
10 93651
10 93696
10 93741
10 93786
10 93831
10 93876
10 93921
10 93966
10 94011
10 94056
10 94101
10 94146
10 94191
10 94236
10 94281
10 94326
10 94371
10 94416
10 94461
10 94506
10 94551
10 94596
10 94641
10 94686
10 94731
10 94776
10 94821
10 94866
10 94911
10 94956
10 95001
10 95046
10 95091
10 95136
10 95181
10 95226
10 95271
10 95316
10 95361
10 95406
10 95451
10 95496
10 95541
10 95586
10 95631
10 95676
10 95721
10 95766
10 95811
10 95856
10 95901
10 95946
10 95991
10 96036
10 96081
10 96126
10 96171
10 96216
10 96261
10 96306
10 96351
10 96396
10 96441
10 96486
10 96531
10 96576
10 96621
10 96666
10 96711
10 96756
10 96801
10 96846
10 96891
10 96936
10 96981
10 97026
10 97071
10 97116
10 97161
10 97206
10 97251
10 97296
10 97341
10 97386
10 97431
10 97476
10 97521
10 97566
10 97611
10 97656
10 97701
10 97746
10 97791
10 97836
10 97881
10 97926
10 97971
10 98016
10 98061
10 98106
10 98151
10 98196
10 98241
10 98286
10 98331
10 98376
10 98424
10 98469
10 98514
10 98559
10 98604
10 98712
10 98757
10 98856
10 99336
10 99408
10 99453
10 99498
10 99543
10 99588
10 99633
10 99678
10 99723
10 99768
10 99813
10 99858
10 99903
10 99948
10 99993
10 100038
10 100083
10 100128
10 100173
10 100218
10 100263
10 100308
10 100353
10 100398
10 100443
10 100656
10 100752
10 100797
10 100848
10 100893
10 100938
10 100983
10 101028
10 101073
10 101118
10 101163
10 101232
10 101277
10 101376
10 101496
10 101568
10 101613
10 101658
10 101703
10 101748
10 101793
10 101838
10 101883
10 101928
10 101973
10 102018
10 102063
10 102108
10 102153
10 103056
10 103176
10 103992
10 104037
10 104088
10 104133
10 104184
10 106056
10 107880
10 108000
10 108120
10 111480
10 111624
10 111744
10 113280
10 117120
10 119256
10 124296
10 124368
10 124413
10 124458
10 124503
10 124548
10 124593
10 124638
10 124683
10 124728
10 124773
10 124872
10 124920
10 124968
10 125013
10 125058
10 125103
10 125148
10 125193
10 125238
10 125283
10 125328
10 125373
10 125418
10 125463
10 125508
10 125553
10 125598
10 125643
10 125688
10 125733
10 125778
10 125823
10 125868
10 125913
10 125958
10 126003
10 126048
10 126093
10 126138
10 126183
10 126228
10 126273
10 126318
10 126363
10 126408
10 126453
10 126498
10 126543
10 126588
10 126633
10 126678
10 126723
10 126768
10 126813
10 126858
10 126903
10 126948
10 126993
10 127038
10 127083
10 127128
10 127173
10 127218
10 127263
10 127308
10 127353
10 127398
10 127443
10 127488
10 127533
10 127578
10 127623
10 127668
10 127713
10 127758
10 127803
10 127848
10 127893
10 127938
10 127983
10 128028
10 128073
10 128118
10 128163
10 128208
10 128253
10 128298
10 128343
10 128388
10 128433
10 128478
10 128523
10 128568
10 128613
10 128658
10 128703
10 128748
10 128793
10 128838
10 128883
10 128928
10 128973
10 129018
10 129063
10 129108
10 129153
10 129198
10 129243
10 129288
10 129333
10 129378
10 129423
10 129468
10 129513
10 129558
10 129603
10 129648
10 129693
10 129738
10 129783
10 129828
10 129873
10 129918
10 129963
10 130008
10 130053
10 130098
10 130143
10 130188
10 130233
10 130278
10 130323
10 130368
10 130413
10 130458
10 130503
10 130548
10 130593
10 130638
10 130683
10 130728
10 130773
10 130818
10 130863
10 130908
10 130953
10 130998
10 131043
10 131088
10 131133
10 131178
10 131223
10 131268
10 131313
10 131358
10 131403
10 131448
10 131493
10 131538
10 131583
10 131628
10 131673
10 131718
10 131763
10 131808
10 131853
10 131898
10 131943
10 131988
10 132033
10 132078
10 132123
10 132168
10 132213
10 132258
10 132303
10 132348
10 132393
10 132438
10 132483
10 132528
10 132573
10 132618
10 132663
10 132708
10 132753
10 132798
10 132843
10 132888
10 132933
10 132978
10 133023
10 133068
10 133113
10 133158
10 133203
10 133248
10 133293
10 133338
10 133383
10 133428
10 133473
10 133518
10 133563
10 133608
10 133653
10 133698
10 133743
10 133788
10 133833
10 133878
10 133923
10 133968
10 134013
10 134058
10 134103
10 134148
10 134193
10 134238
10 134283
10 134328
10 134373
10 134418
10 134463
10 134508
10 134553
10 134598
10 134643
10 134688
10 134733
10 134778
10 134823
10 134868
10 134913
10 134958
10 135003
10 135048
10 135093
10 135138
10 135183
10 135228
10 135273
10 135318
10 135363
10 135408
10 135453
10 135498
10 135543
10 135588
10 135633
10 135678
10 135723
10 135768
10 135813
10 135858
10 135903
10 135948
10 135993
10 136038
10 136083
10 136128
10 136173
10 136218
10 136263
10 136308
10 136353
10 136398
10 136443
10 136488
10 136533
10 136578
10 136623
10 136668
10 136713
10 136758
10 136803
10 136848
10 136893
10 136938
10 136983
10 137028
10 137073
10 137118
10 137163
10 137208
10 137253
10 137298
10 137343
10 137388
10 137433
10 137478
10 137523
10 137568
10 137613
10 137658
10 137703
10 137748
10 137793
10 137838
10 137883
10 137928
10 137973
10 138018
10 138063
10 138108
10 138153
10 138198
10 138243
10 138288
10 138333
10 138378
10 138423
10 138468
10 138513
10 138558
10 138603
10 138648
10 138693
10 138738
10 138783
10 138828
10 138873
10 138918
10 138963
10 139008
10 139053
10 139098
10 139143
10 139188
10 139233
10 139278
10 139323
10 139368
10 139413
10 139458
10 139503
10 139548
10 139593
10 139638
10 139683
10 139728
10 139773
10 139818
10 139863
10 139908
10 139953
10 139998
10 140043
10 140088
10 140133
10 140178
10 140223
10 140268
10 140313
10 140358
10 140403
10 140448
10 140493
10 140538
10 140583
10 140628
10 140673
10 140718
10 140763
10 140808
10 140853
10 140898
10 140943
10 140988
10 141033
10 141078
10 141123
10 141168
10 141213
10 141258
10 141303
10 141348
10 141393
10 141576
10 141696
10 141816
10 141912
10 141957
10 142008
10 142053
10 142098
10 142143
10 142188
10 142233
10 142278
10 142323
10 142368
10 142413
10 142512
10 142557
10 142776
10 142848
10 142893
10 142938
10 142983
10 143028
10 143073
10 143118
10 143163
10 143208
10 143253
10 143298
10 143343
10 143388
10 143433
10 143478
10 143523
10 143568
10 143613
10 143658
10 143703
10 143748
10 143793
10 143838
10 143883
10 143928
10 143973
10 144018
10 144096
10 144216
10 144288
10 144333
10 144456
10 144768
10 144813
10 144858
10 144903
10 144948
10 144993
10 145038
10 145083
10 145128
10 145608
10 145653
10 145698
10 145743
10 145788
10 145833
10 145878
10 145923
10 145968
10 146013
10 146058
10 146103
10 146148
10 146193
10 146238
10 146283
10 146328
10 146373
10 146424
10 146856
10 146928
10 146973
10 147018
10 147063
10 147108
10 147153
10 147198
10 147243
10 147288
10 147333
10 147378
10 147423
10 147468
10 147576
10 147621
10 147666
10 147711
10 147756
10 147801
10 147846
10 147891
10 147936
10 147984
10 148776
10 149160
10 149208
10 149253
10 149298
10 149343
10 149388
10 149433
10 151128
10 151248
10 152208
10 152253
10 152304
10 152349
10 152394
10 152439
10 153120
10 153168
10 153264
10 153336
10 153384
10 153480
10 155256
10 157728
10 166488
10 166533
10 166578
10 166623
10 166668
10 166713
10 166758
10 166803
10 166848
10 166893
10 166938
10 166983
10 167028
10 167073
10 167118
10 167163
10 167208
10 167253
10 167298
10 167343
10 167388
10 167496
10 167736
10 167808
10 167853
10 168312
10 168357
10 168408
10 168453
10 168498
10 168543
10 168588
10 168633
10 168678
10 168723
10 168768
10 168813
10 168858
10 168903
10 168948
10 168993
10 169038
10 169083
10 169128
10 169173
10 169224
10 169656
10 169752
10 169797
10 169848
10 169893
10 169938
10 169983
10 170028
10 170073
10 170118
10 170163
10 170208
10 170253
10 170298
10 170343
10 170388
10 170433
10 170478
10 170523
10 170568
10 170613
10 170658
10 170703
10 170748
10 170793
10 170838
10 170883
10 170928
10 170973
10 171018
10 171063
10 171120
10 171165
10 171210
10 171255
10 171300
10 171345
10 171390
10 171435
10 171528
10 171573
10 171618
10 171663
10 171708
10 171753
10 171798
10 171843
10 171888
10 171933
10 171978
10 172023
10 172068
10 172113
10 172158
10 172203
10 172248
10 172293
10 172338
10 172383
10 172428
10 172473
10 172518
10 172563
10 172608
10 172653
10 172698
10 172743
10 172788
10 172833
10 172878
10 172923
10 172968
10 173013
10 173058
10 173103
10 173148
10 173193
10 173238
10 173283
10 173328
10 173373
10 173418
10 173463
10 173508
10 173553
10 173598
10 173643
10 173688
10 173733
10 173778
10 173823
10 173868
10 173913
10 173958
10 174003
10 174048
10 174093
10 174138
10 174183
10 174228
10 174273
10 174318
10 174363
10 174408
10 174453
10 174498
10 174543
10 174588
10 174633
10 174678
10 174723
10 174768
10 174813
10 174858
10 174903
10 174948
10 174993
10 175038
10 175083
10 175128
10 175173
10 175218
10 175263
10 175308
10 175353
10 175398
10 175443
10 175488
10 175533
10 175578
10 175623
10 175668
10 175713
10 175758
10 175803
10 175848
10 175893
10 175938
10 175983
10 176028
10 176073
10 176118
10 176163
10 176208
10 176253
10 176298
10 176343
10 176388
10 176433
10 176478
10 176523
10 176568
10 176613
10 176658
10 176703
10 176748
10 176793
10 176838
10 176883
10 176928
10 176973
10 177018
10 177063
10 177108
10 177153
10 177198
10 177243
10 177288
10 177333
10 177378
10 177423
10 177468
10 177513
10 177558
10 177603
10 177648
10 177693
10 177738
10 177783
10 177828
10 177873
10 177918
10 177963
10 178008
10 178053
10 178098
10 178143
10 178188
10 178233
10 178278
10 178323
10 178368
10 178413
10 178458
10 178503
10 178548
10 178593
10 178638
10 178683
10 178728
10 178773
10 178818
10 178863
10 178908
10 178953
10 178998
10 179043
10 179088
10 179133
10 179178
10 179223
10 179268
10 179313
10 179358
10 179403
10 179448
10 179493
10 179592
10 179637
10 179736
10 179781
10 179826
10 179871
10 179916
10 179961
10 180006
10 180051
10 180096
10 180141
10 180186
10 180231
10 180276
10 180321
10 180366
10 180411
10 180456
10 180501
10 180546
10 180591
10 180636
10 180681
10 180726
10 180771
10 180816
10 180861
10 180906
10 180951
10 180996
10 181041
10 181086
10 181131
10 181176
10 181221
10 181266
10 181311
10 181356
10 181401
10 181446
10 181491
10 181536
10 181581
10 181626
10 181671
10 181752
10 181797
10 181896
10 181968
10 182013
10 182058
10 182103
10 182148
10 182193
10 182238
10 182283
10 182328
10 182373
10 182418
10 182463
10 182508
10 182553
10 182598
10 182643
10 182688
10 182733
10 182778
10 182823
10 182868
10 182913
10 182958
10 183003
10 183048
10 183093
10 183138
10 183183
10 183228
10 183288
10 183333
10 183432
10 183477
10 183528
10 183573
10 183618
10 183663
10 183708
10 183753
10 183798
10 183843
10 183888
10 183933
10 183978
10 184023
10 184068
10 184113
10 184158
10 184203
10 184248
10 184293
10 184338
10 184383
10 184428
10 184473
10 184518
10 184563
10 184608
10 184653
10 184698
10 184743
10 184788
10 184833
10 184878
10 184923
10 184968
10 185013
10 185058
10 185103
10 185148
10 185193
10 185238
10 185283
10 185328
10 185373
10 185418
10 185463
10 185508
10 185553
10 185598
10 185643
10 185688
10 185733
10 185778
10 185823
10 185868
10 185913
10 185958
10 186003
10 186048
10 186093
10 186138
10 186183
10 186228
10 186273
10 186318
10 186363
10 186408
10 186453
10 186504
10 186549
10 186594
10 186672
10 186717
10 186792
10 186837
10 186936
10 189096
10 189141
10 189186
10 189231
10 189276
10 189321
10 189432
10 189477
10 189528
10 189573
10 189618
10 189663
10 189708
10 189753
10 189798
10 189843
10 189888
10 189933
10 189984
10 190944
10 195720
10 195792
10 195840
10 195885
10 195930
10 196008
10 197640
10 197688
10 197733
10 197778
10 198720
10 198768
10 199776
10 199824
10 200280
10 200328
10 200373
10 200418
10 202224
10 208344
10 208416
10 210888
10 210933
10 210978
10 211023
10 211068
10 211113
10 211158
10 211203
10 211248
10 211293
10 211338
10 211383
10 211428
10 211473
10 211632
10 211677
10 211722
10 211776
10 211872
10 211917
10 211962
10 212007
10 212052
10 212097
10 212142
10 212187
10 212232
10 212277
10 212322
10 212367
10 212412
10 212457
10 212502
10 212547
10 212592
10 212637
10 212682
10 212727
10 212772
10 212817
10 212862
10 212976
10 213096
10 213216
10 213261
10 213306
10 213351
10 213396
10 213441
10 213486
10 213531
10 213576
10 213621
10 213666
10 213711
10 213756
10 213801
10 213846
10 213891
10 213936
10 213981
10 214026
10 214071
10 214116
10 214161
10 214206
10 214251
10 214296
10 214341
10 214386
10 214431
10 214488
10 214533
10 214578
10 214623
10 214668
10 214713
10 214758
10 214803
10 214848
10 214893
10 214938
10 214983
10 215028
10 215073
10 215118
10 215163
10 215208
10 215253
10 215298
10 215343
10 215388
10 215433
10 215478
10 215523
10 215568
10 215613
10 215658
10 215703
10 215748
10 215793
10 215838
10 215883
10 215928
10 215973
10 216018
10 216063
10 216108
10 216153
10 216198
10 216243
10 216288
10 216333
10 216378
10 216423
10 216468
10 216513
10 216558
10 216603
10 216648
10 216693
10 216738
10 216783
10 216828
10 216873
10 216918
10 216963
10 217008
10 217053
10 217098
10 217143
10 217188
10 217233
10 217278
10 217323
10 217368
10 217413
10 217458
10 217503
10 217548
10 217593
10 217638
10 217683
10 217728
10 217773
10 217818
10 217863
10 217908
10 217953
10 217998
10 218043
10 218088
10 218133
10 218178
10 218223
10 218268
10 218313
10 218358
10 218403
10 218448
10 218493
10 218538
10 218583
10 218628
10 218673
10 218718
10 218763
10 218808
10 218853
10 218898
10 218943
10 218988
10 219033
10 219078
10 219123
10 219168
10 219213
10 219258
10 219303
10 219348
10 219393
10 219438
10 219483
10 219528
10 219573
10 219618
10 219663
10 219708
10 219753
10 219798
10 219843
10 219888
10 219933
10 219978
10 220023
10 220068
10 220113
10 220158
10 220203
10 220248
10 220293
10 220338
10 220383
10 220428
10 220473
10 220518
10 220563
10 220608
10 220653
10 220698
10 220743
10 220788
10 220833
10 220878
10 220923
10 220968
10 221013
10 221058
10 221103
10 221148
10 221193
10 221238
10 221283
10 221328
10 221373
10 221418
10 221463
10 221508
10 221553
10 221598
10 221643
10 221688
10 221733
10 221778
10 221823
10 221868
10 221913
10 221958
10 222003
10 222048
10 222093
10 222138
10 222183
10 222228
10 222273
10 222318
10 222363
10 222408
10 222453
10 222498
10 222543
10 222588
10 222633
10 222678
10 222723
10 222768
10 222813
10 222858
10 222903
10 222948
10 222993
10 223038
10 223083
10 223128
10 223173
10 223218
10 223263
10 223308
10 223353
10 223398
10 223443
10 223488
10 223533
10 223578
10 223623
10 223668
10 223713
10 223758
10 223803
10 223848
10 223893
10 223938
10 223983
10 224028
10 224073
10 224118
10 224163
10 224208
10 224253
10 224298
10 224343
10 224388
10 224433
10 224478
10 224523
10 224568
10 224613
10 224658
10 224703
10 224748
10 224793
10 224838
10 224883
10 224928
10 224973
10 225018
10 225063
10 225108
10 225153
10 225198
10 225243
10 225288
10 225333
10 225378
10 225423
10 225468
10 225513
10 225558
10 225603
10 225648
10 225693
10 225738
10 225783
10 225828
10 225873
10 225918
10 225963
10 226008
10 226053
10 226098
10 226143
10 226188
10 226233
10 226278
10 226323
10 226368
10 226413
10 226458
10 226503
10 226548
10 226593
10 226638
10 226683
10 226728
10 226773
10 226818
10 226863
10 226908
10 226953
10 226998
10 227043
10 227136
10 227256
10 227301
10 227346
10 227391
10 227436
10 227481
10 227526
10 227571
10 227616
10 227661
10 227706
10 227751
10 227796
10 227841
10 227886
10 227931
10 227976
10 228021
10 228066
10 228111
10 228156
10 228201
10 228246
10 228291
10 228336
10 228381
10 228426
10 228471
10 228516
10 228561
10 228606
10 228651
10 228696
10 228741
10 228786
10 228831
10 228876
10 228921
10 228966
10 229011
10 229056
10 229104
10 229149
10 229194
10 229248
10 229293
10 229338
10 229383
10 229428
10 229473
10 229518
10 229563
10 229608
10 229653
10 229698
10 229743
10 229788
10 229833
10 229878
10 229923
10 229968
10 230013
10 230058
10 230103
10 230148
10 230193
10 230238
10 230283
10 230328
10 230373
10 230418
10 230463
10 230508
10 230553
10 230598
10 230643
10 230688
10 230733
10 230778
10 230823
10 230868
10 231096
10 231168
10 231213
10 231258
10 231303
10 231348
10 231393
10 231438
10 231816
10 231936
10 231984
10 232032
10 232077
10 232122
10 232167
10 232212
10 232257
10 232302
10 232347
10 232392
10 232437
10 232482
10 232527
10 232572
10 232617
10 232662
10 232707
10 232776
10 232896
10 232992
10 233037
10 233082
10 233127
10 233184
10 233376
10 233496
10 233541
10 233586
10 233631
10 233676
10 233721
10 233766
10 233811
10 233856
10 233904
10 234432
10 234477
10 234522
10 234567
10 234624
10 235296
10 235341
10 235386
10 235431
10 235476
10 235536
10 236496
10 236541
10 236592
10 236637
10 237288
10 237333
10 237378
10 237423
10 237468
10 238080
10 238224
10 238344
10 238776
10 239688
10 239856
10 239904
10 239949
10 239994
10 240039
10 243648
10 243693
10 243738
10 243783
10 243828
10 243873
10 254448
10 254493
10 254976
10 255048
10 255093
10 255138
10 255183
10 255228
10 255312
10 255456
10 255648
10 255693
10 255768
10 255813
10 255864
10 256128
10 256173
10 256248
10 256293
10 256368
10 256413
10 256458
10 256503
10 256548
10 256593
10 256638
10 256683
10 256728
10 256773
10 256818
10 256863
10 256908
10 256953
10 256998
10 257043
10 257088
10 257133
10 257178
10 257223
10 257268
10 257313
10 257358
10 257403
10 257448
10 257493
10 257538
10 257583
10 257628
10 257673
10 257718
10 257763
10 257808
10 257853
10 257898
10 257943
10 257988
10 258033
10 258078
10 258123
10 258168
10 258213
10 258258
10 258303
10 258348
10 258393
10 258438
10 258483
10 258528
10 258573
10 258618
10 258663
10 258708
10 258753
10 258798
10 258843
10 258888
10 258933
10 258978
10 259023
10 259068
10 259113
10 259158
10 259203
10 259248
10 259293
10 259338
10 259383
10 259428
10 259473
10 259518
10 259563
10 259608
10 259653
10 259698
10 259743
10 259788
10 259833
10 259878
10 259923
10 259968
10 260013
10 260058
10 260103
10 260148
10 260193
10 260238
10 260283
10 260328
10 260373
10 260418
10 260463
10 260508
10 260553
10 260598
10 260643
10 260688
10 260733
10 260778
10 260823
10 260868
10 260913
10 260958
10 261003
10 261048
10 261093
10 261138
10 261183
10 261228
10 261273
10 261318
10 261363
10 261408
10 261453
10 261498
10 261543
10 261588
10 261633
10 261678
10 261723
10 261768
10 261813
10 261858
10 261903
10 261948
10 261993
10 262038
10 262083
10 262128
10 262173
10 262218
10 262263
10 262308
10 262353
10 262398
10 262443
10 262488
10 262533
10 262578
10 262623
10 262668
10 262713
10 262758
10 262803
10 262848
10 262893
10 262938
10 262983
10 263028
10 263073
10 263118
10 263163
10 263208
10 263253
10 263298
10 263343
10 263388
10 263433
10 263478
10 263523
10 263568
10 263613
10 263658
10 263703
10 263748
10 263793
10 263838
10 263883
10 263928
10 263973
10 264018
10 264063
10 264108
10 264153
10 264198
10 264243
10 264288
10 264333
10 264378
10 264423
10 264468
10 264513
10 264558
10 264603
10 264648
10 264693
10 264738
10 264783
10 264828
10 264873
10 264918
10 264963
10 265008
10 265053
10 265098
10 265143
10 265188
10 265233
10 265278
10 265323
10 265368
10 265413
10 265458
10 265503
10 265548
10 265593
10 265638
10 265683
10 265728
10 265773
10 265818
10 265863
10 265908
10 265953
10 265998
10 266043
10 266088
10 266133
10 266178
10 266223
10 266268
10 266313
10 266358
10 266403
10 266448
10 266493
10 266538
10 266583
10 266628
10 266673
10 266718
10 266763
10 266808
10 266853
10 266898
10 266943
10 266988
10 267033
10 267078
10 267123
10 267168
10 267213
10 267258
10 267303
10 267348
10 267393
10 267438
10 267483
10 267528
10 267573
10 267618
10 267663
10 267708
10 267753
10 267798
10 267843
10 267888
10 267933
10 267978
10 268023
10 268068
10 268113
10 268158
10 268203
10 268248
10 268293
10 268338
10 268383
10 268428
10 268473
10 268518
10 268563
10 268608
10 268653
10 268698
10 268743
10 268788
10 268833
10 268878
10 268923
10 268968
10 269013
10 269058
10 269103
10 269148
10 269193
10 269238
10 269283
10 269328
10 269373
10 269418
10 269463
10 269508
10 269553
10 269598
10 269643
10 269688
10 269733
10 269778
10 269823
10 269868
10 269913
10 269958
10 270003
10 270048
10 270093
10 270138
10 270183
10 270228
10 270273
10 270318
10 270363
10 270408
10 270453
10 270498
10 270543
10 270588
10 270633
10 270678
10 270723
10 270768
10 270813
10 270858
10 270903
10 270948
10 270993
10 271038
10 271083
10 271128
10 271173
10 271218
10 271263
10 271308
10 271353
10 271398
10 271443
10 271488
10 271533
10 271578
10 271623
10 271668
10 271713
10 271758
10 271803
10 271848
10 271893
10 271938
10 271983
10 272028
10 272073
10 272118
10 272328
10 272373
10 272448
10 272493
10 272538
10 272583
10 272628
10 272688
10 272733
10 273216
10 273288
10 273336
10 273408
10 273453
10 273528
10 273573
10 273648
10 273693
10 273768
10 273813
10 273858
10 273903
10 273948
10 273993
10 274038
10 274083
10 274128
10 274173
10 274218
10 274263
10 274308
10 274353
10 274398
10 274443
10 275088
10 275133
10 275178
10 275223
10 275268
10 275328
10 275373
10 275418
10 275463
10 275508
10 275553
10 275598
10 275643
10 275688
10 275733
10 275778
10 275823
10 275868
10 275913
10 275958
10 276003
10 276048
10 276093
10 276168
10 276213
10 276336
10 276960
10 277008
10 277053
10 277098
10 277143
10 277188
10 277233
10 277278
10 278496
10 278541
10 278586
10 278631
10 278676
10 278808
10 278853
10 278928
10 278973
10 279096
10 279144
10 282240
10 282288
10 282333
10 282432
10 282477
10 282522
10 282567
10 282612
10 284256
10 285624
10 298488
10 298533
10 298578
10 298623
10 298668
10 298713
10 298758
10 298803
10 298848
10 298893
10 298938
10 298983
10 299040
10 299085
10 299130
10 299175
10 299220
10 299265
10 299310
10 299355
10 299400
10 299445
10 299490
10 299535
10 299580
10 299625
10 299670
10 299715
10 299760
10 299805
10 299850
10 299895
10 299940
10 299985
10 300030
10 300075
10 300120
10 300165
10 300210
10 300264
10 300312
10 300357
10 300408
10 300453
10 300816
10 300861
10 300906
10 300951
10 300996
10 301041
10 301086
10 301131
10 301176
10 301221
10 301266
10 301311
10 301356
10 301401
10 301446
10 301491
10 301536
10 301581
10 301626
10 301671
10 301716
10 301761
10 301806
10 301851
10 301896
10 301941
10 301986
10 302031
10 302076
10 302121
10 302166
10 302211
10 302256
10 302301
10 302346
10 302391
10 302436
10 302481
10 302526
10 302571
10 302616
10 302661
10 302706
10 302751
10 302796
10 302841
10 302886
10 302931
10 302976
10 303021
10 303066
10 303111
10 303156
10 303201
10 303246
10 303291
10 303336
10 303381
10 303426
10 303471
10 303516
10 303561
10 303606
10 303651
10 303696
10 303741
10 303786
10 303831
10 303876
10 303921
10 303966
10 304011
10 304056
10 304101
10 304146
10 304191
10 304236
10 304281
10 304326
10 304371
10 304416
10 304461
10 304506
10 304551
10 304596
10 304641
10 304686
10 304731
10 304776
10 304821
10 304866
10 304911
10 304956
10 305001
10 305046
10 305091
10 305136
10 305181
10 305226
10 305271
10 305316
10 305361
10 305406
10 305451
10 305496
10 305541
10 305586
10 305631
10 305676
10 305721
10 305766
10 305811
10 305856
10 305901
10 305946
10 305991
10 306036
10 306081
10 306126
10 306171
10 306216
10 306261
10 306306
10 306351
10 306396
10 306441
10 306486
10 306531
10 306576
10 306621
10 306666
10 306711
10 306756
10 306801
10 306846
10 306891
10 306936
10 306981
10 307026
10 307071
10 307116
10 307161
10 307206
10 307251
10 307296
10 307341
10 307386
10 307431
10 307476
10 307521
10 307566
10 307611
10 307656
10 307701
10 307746
10 307791
10 307836
10 307881
10 307926
10 307971
10 308016
10 308061
10 308106
10 308151
10 308196
10 308241
10 308286
10 308331
10 308376
10 308421
10 308466
10 308511
10 308556
10 308601
10 308646
10 308691
10 308736
10 308781
10 308826
10 308871
10 308916
10 308961
10 309006
10 309051
10 309096
10 309141
10 309186
10 309231
10 309276
10 309321
10 309366
10 309411
10 309456
10 309501
10 309546
10 309591
10 309636
10 309681
10 309726
10 309771
10 309816
10 309861
10 309906
10 309951
10 309996
10 310041
10 310086
10 310131
10 310176
10 310221
10 310266
10 310311
10 310356
10 310401
10 310446
10 310491
10 310536
10 310581
10 310626
10 310671
10 310716
10 310761
10 310806
10 310851
10 310896
10 310941
10 310986
10 311031
10 311076
10 311121
10 311166
10 311211
10 311256
10 311301
10 311346
10 311391
10 311436
10 311481
10 311526
10 311571
10 311616
10 311661
10 311706
10 311751
10 311796
10 311841
10 311886
10 311931
10 311976
10 312216
10 312288
10 312333
10 312378
10 312423
10 312468
10 312513
10 312558
10 312603
10 312648
10 312693
10 312738
10 312783
10 312828
10 312873
10 312918
10 312963
10 313008
10 313053
10 313098
10 313143
10 313188
10 313233
10 313278
10 313323
10 313368
10 313413
10 313458
10 313503
10 313548
10 313593
10 313638
10 313683
10 313728
10 313773
10 313818
10 313863
10 313908
10 313953
10 313998
10 314043
10 314088
10 314133
10 314178
10 314223
10 314268
10 314313
10 314358
10 314403
10 314448
10 314493
10 314538
10 314583
10 314628
10 314673
10 314718
10 314832
10 314877
10 314928
10 314973
10 315018
10 315063
10 315108
10 315153
10 315198
10 315243
10 315288
10 315333
10 315378
10 315423
10 315468
10 315513
10 315558
10 315603
10 315648
10 315693
10 315738
10 315783
10 315828
10 315873
10 315918
10 315963
10 316008
10 316053
10 316098
10 316143
10 316188
10 316233
10 316278
10 316323
10 316368
10 316413
10 316458
10 316503
10 316548
10 316593
10 316638
10 316683
10 316728
10 316773
10 316818
10 316863
10 316908
10 316953
10 316998
10 317043
10 317088
10 317133
10 317178
10 317223
10 317268
10 317313
10 317358
10 317403
10 317448
10 317493
10 317538
10 317583
10 317628
10 317673
10 317718
10 317763
10 317808
10 317853
10 317898
10 317943
10 317988
10 318033
10 318078
10 318123
10 318168
10 318213
10 318264
10 318336
10 318408
10 318453
10 318498
10 318543
10 318588
10 318633
10 318678
10 318768
10 318813
10 318888
10 318933
10 319008
10 319056
10 319368
10 319413
10 319488
10 319533
10 319608
10 319653
10 319698
10 319743
10 319788
10 319833
10 319878
10 319923
10 319968
10 320013
10 320058
10 320103
10 320148
10 320193
10 320238
10 320283
10 320328
10 320373
10 320418
10 320463
10 320508
10 320553
10 320598
10 320664
10 320709
10 320754
10 320976
10 322128
10 322173
10 322218
10 322263
10 322308
10 322353
10 322398
10 322443
10 322488
10 322533
10 322578
10 322623
10 322668
10 322713
10 322758
10 322803
10 322848
10 322893
10 322938
10 322983
10 323028
10 323073
10 323118
10 323184
10 323496
10 323541
10 323586
10 323631
10 323676
10 323721
10 323766
10 323811
10 323856
10 323901
10 323946
10 323991
10 324048
10 324093
10 324144
10 326136
10 326184
10 326232
10 326277
10 327648
10 327792
10 327888
10 327960
10 328005
10 328080
10 328125
10 328728
10 328773
10 328818
10 328863
10 328908
10 328953
10 329040
10 329085
10 332040
10 332088
10 332256
10 332301
10 340056
10 340296
10 340416
10 340848
10 340920
10 340965
10 341010
10 341055
10 341100
10 341145
10 341190
10 341235
10 341280
10 341325
10 341370
10 341415
10 341460
10 341505
10 341550
10 341595
10 341640
10 341685
10 341730
10 341775
10 341820
10 341865
10 341910
10 341955
10 342000
10 342045
10 342090
10 342135
10 342180
10 342225
10 342270
10 342315
10 342360
10 342405
10 342450
10 342495
10 342540
10 342585
10 342648
10 342693
10 342738
10 342783
10 342828
10 342873
10 342918
10 342963
10 343008
10 343053
10 343098
10 343143
10 343188
10 343233
10 343278
10 343323
10 343368
10 343413
10 343458
10 343503
10 343548
10 343593
10 343638
10 343683
10 343728
10 343773
10 343818
10 343863
10 343908
10 343953
10 343998
10 344043
10 344088
10 344133
10 344178
10 344223
10 344268
10 344313
10 344358
10 344403
10 344448
10 344493
10 344538
10 344583
10 344628
10 344673
10 344718
10 344763
10 344808
10 344853
10 344898
10 344943
10 344988
10 345033
10 345078
10 345123
10 345168
10 345213
10 345258
10 345303
10 345348
10 345393
10 345438
10 345483
10 345528
10 345573
10 345618
10 345663
10 345708
10 345753
10 345798
10 345843
10 345888
10 345933
10 345978
10 346023
10 346068
10 346113
10 346158
10 346203
10 346248
10 346293
10 346338
10 346383
10 346428
10 346473
10 346518
10 346563
10 346608
10 346653
10 346698
10 346743
10 346788
10 346833
10 346878
10 346923
10 346968
10 347013
10 347058
10 347103
10 347148
10 347193
10 347238
10 347283
10 347328
10 347373
10 347418
10 347463
10 347508
10 347553
10 347598
10 347643
10 347688
10 347733
10 347778
10 347823
10 347868
10 347913
10 347958
10 348003
10 348048
10 348093
10 348138
10 348183
10 348228
10 348273
10 348318
10 348363
10 348408
10 348453
10 348498
10 348543
10 348588
10 348633
10 348678
10 348723
10 348768
10 348813
10 348858
10 348903
10 348948
10 348993
10 349038
10 349083
10 349128
10 349173
10 349218
10 349263
10 349308
10 349353
10 349398
10 349443
10 349488
10 349533
10 349578
10 349623
10 349668
10 349713
10 349758
10 349803
10 349848
10 349893
10 349938
10 349983
10 350028
10 350073
10 350118
10 350163
10 350208
10 350253
10 350298
10 350343
10 350388
10 350433
10 350478
10 350523
10 350568
10 350613
10 350658
10 350703
10 350748
10 350793
10 350838
10 350883
10 350928
10 350973
10 351018
10 351063
10 351108
10 351153
10 351198
10 351243
10 351288
10 351333
10 351378
10 351423
10 351468
10 351513
10 351558
10 351603
10 351648
10 351693
10 351738
10 351783
10 351828
10 351873
10 351918
10 351963
10 352008
10 352053
10 352098
10 352143
10 352188
10 352233
10 352278
10 352323
10 352368
10 352413
10 352458
10 352503
10 352548
10 352593
10 352638
10 352683
10 352728
10 352773
10 352818
10 352863
10 352908
10 352953
10 352998
10 353043
10 353088
10 353133
10 353178
10 353223
10 353268
10 353313
10 353358
10 353403
10 353448
10 353493
10 353538
10 353583
10 353628
10 353673
10 353718
10 353763
10 353808
10 353853
10 353898
10 353943
10 353988
10 354033
10 354078
10 354123
10 354168
10 354213
10 354258
10 354303
10 354348
10 354393
10 354438
10 354483
10 354528
10 354573
10 354618
10 354663
10 354708
10 354753
10 354798
10 354843
10 354888
10 354933
10 354978
10 355023
10 355068
10 355113
10 355158
10 355203
10 355248
10 355293
10 355338
10 355383
10 355428
10 355473
10 355518
10 355563
10 355608
10 355653
10 355698
10 355743
10 355788
10 355833
10 355878
10 355923
10 355968
10 356013
10 356058
10 356103
10 356148
10 356193
10 356238
10 356283
10 356328
10 356373
10 356418
10 356463
10 356508
10 356553
10 356598
10 356643
10 356688
10 356733
10 356778
10 356823
10 356868
10 356913
10 356958
10 357003
10 357048
10 357093
10 357138
10 357183
10 357228
10 357273
10 357318
10 357363
10 357408
10 357453
10 357498
10 357543
10 357588
10 357633
10 357678
10 357723
10 357768
10 357813
10 357858
10 357903
10 357948
10 357993
10 358038
10 358083
10 358128
10 358173
10 358218
10 358263
10 358308
10 358353
10 358398
10 358443
10 358488
10 358533
10 358578
10 358623
10 358668
10 358713
10 358758
10 358803
10 358848
10 358893
10 358938
10 358983
10 359028
10 359073
10 359118
10 359163
10 359208
10 359253
10 359298
10 359343
10 359388
10 359433
10 359478
10 359523
10 359568
10 359613
10 359658
10 359703
10 359748
10 359793
10 359838
10 359883
10 359928
10 359973
10 360018
10 360063
10 360108
10 360153
10 360198
10 360243
10 360288
10 360333
10 360378
10 360423
10 360468
10 360513
10 360558
10 360603
10 360648
10 360693
10 360738
10 360783
10 360828
10 360873
10 360918
10 360963
10 361008
10 361053
10 361098
10 361143
10 361188
10 361233
10 361278
10 361323
10 361368
10 361413
10 361458
10 361503
10 361548
10 361593
10 361638
10 361683
10 361728
10 361773
10 361818
10 361863
10 361908
10 361953
10 361998
10 362043
10 362088
10 362133
10 362178
10 362223
10 362268
10 362313
10 362358
10 362403
10 362448
10 362493
10 362538
10 362583
10 362628
10 362673
10 362718
10 362763
10 362808
10 362853
10 362898
10 362943
10 362988
10 363033
10 363078
10 363288
10 363333
10 363378
10 363423
10 363468
10 363513
10 363576
10 364128
10 364176
10 364221
10 364266
10 364311
10 364356
10 364416
10 364464
10 364536
10 364656
10 364776
10 364896
10 365016
10 365088
10 365133
10 365208
10 365253
10 365304
10 365976
10 366336
10 366408
10 366453
10 366504
10 366576
10 368280
10 368328
10 368400
10 368445
10 371928
10 372000
10 372048
10 373296
10 373608
10 373752
10 373920
10 376344
10 377184
10 379224
10 382536
10 382608
10 382653
10 382776
10 382896
10 383256
10 383928
10 383973
10 384018
10 384063
10 384108
10 384153
10 384216
10 385776
10 385848
10 385893
10 386016
10 386136
10 386232
10 386277
10 386328
10 386373
10 386418
10 386463
10 386508
10 386568
10 386613
10 386658
10 386703
10 386748
10 386808
10 386853
10 386898
10 386943
10 386988
10 387033
10 387078
10 387123
10 387168
10 387213
10 387258
10 387303
10 387348
10 387393
10 387438
10 387483
10 387528
10 387573
10 387618
10 387663
10 387708
10 387753
10 387798
10 387888
10 387933
10 388008
10 388053
10 388128
10 388173
10 388248
10 388293
10 388338
10 388383
10 388428
10 388473
10 388518
10 388563
10 388608
10 388653
10 388698
10 388743
10 388788
10 388833
10 388878
10 388923
10 388968
10 389013
10 389058
10 389103
10 389148
10 389193
10 389238
10 389283
10 389328
10 389373
10 389418
10 389463
10 389508
10 389553
10 389598
10 389643
10 389688
10 389733
10 389778
10 389823
10 389868
10 389913
10 389958
10 390003
10 390048
10 390093
10 390138
10 390183
10 390228
10 390273
10 390318
10 390363
10 390408
10 390453
10 390498
10 390543
10 390588
10 390633
10 390678
10 390723
10 390768
10 390813
10 390858
10 390903
10 390948
10 390993
10 391038
10 391083
10 391128
10 391173
10 391218
10 391263
10 391308
10 391353
10 391398
10 391443
10 391488
10 391533
10 391578
10 391623
10 391668
10 391713
10 391758
10 391803
10 391848
10 391893
10 391938
10 391983
10 392028
10 392073
10 392118
10 392163
10 392208
10 392253
10 392298
10 392343
10 392388
10 392433
10 392478
10 392523
10 392568
10 392613
10 392658
10 392703
10 392748
10 392793
10 392838
10 392883
10 392928
10 392973
10 393018
10 393063
10 393108
10 393153
10 393198
10 393243
10 393288
10 393333
10 393378
10 393423
10 393468
10 393513
10 393558
10 393603
10 393648
10 393693
10 393738
10 393783
10 393828
10 393873
10 393918
10 393963
10 394008
10 394053
10 394098
10 394143
10 394188
10 394233
10 394278
10 394323
10 394368
10 394413
10 394458
10 394503
10 394548
10 394593
10 394638
10 394683
10 394728
10 394773
10 394818
10 394863
10 394908
10 394953
10 394998
10 395043
10 395088
10 395133
10 395178
10 395223
10 395268
10 395313
10 395358
10 395403
10 395448
10 395493
10 395538
10 395583
10 395628
10 395673
10 395718
10 395763
10 395808
10 395853
10 395898
10 395943
10 395988
10 396033
10 396078
10 396123
10 396168
10 396213
10 396258
10 396303
10 396348
10 396393
10 396438
10 396483
10 396528
10 396573
10 396618
10 396663
10 396708
10 396753
10 396798
10 396843
10 396888
10 396933
10 396978
10 397023
10 397068
10 397113
10 397158
10 397203
10 397248
10 397293
10 397338
10 397383
10 397428
10 397473
10 397518
10 397563
10 397608
10 397653
10 397698
10 397743
10 397788
10 397833
10 397878
10 397923
10 397968
10 398013
10 398058
10 398103
10 398148
10 398193
10 398238
10 398283
10 398328
10 398373
10 398418
10 398463
10 398508
10 398553
10 398598
10 398643
10 398688
10 398733
10 398778
10 398823
10 398868
10 398913
10 398958
10 399003
10 399048
10 399093
10 399138
10 399183
10 399228
10 399273
10 399318
10 399363
10 399408
10 399453
10 399498
10 399543
10 399588
10 399633
10 399678
10 399723
10 399768
10 399813
10 399858
10 399903
10 399948
10 399993
10 400038
10 400083
10 400128
10 400173
10 400218
10 400263
10 400308
10 400353
10 400398
10 400443
10 400488
10 400533
10 400578
10 400623
10 400668
10 400713
10 400758
10 400803
10 400848
10 400893
10 400938
10 400983
10 401028
10 401073
10 401118
10 401163
10 401208
10 401253
10 401298
10 401343
10 401388
10 401433
10 401478
10 401523
10 401568
10 401613
10 401658
10 401703
10 401748
10 401793
10 401838
10 401883
10 401928
10 401973
10 402018
10 402063
10 402108
10 402153
10 402198
10 402243
10 402288
10 402333
10 402378
10 402423
10 402468
10 402513
10 402558
10 402603
10 402648
10 402693
10 402738
10 402783
10 402828
10 402873
10 402918
10 402963
10 403008
10 403053
10 403098
10 403143
10 403188
10 403233
10 403278
10 403323
10 403368
10 403413
10 403458
10 403503
10 403548
10 403593
10 403638
10 403728
10 403773
10 403818
10 403863
10 403908
10 403953
10 403998
10 404043
10 404088
10 404133
10 404178
10 404223
10 404268
10 404313
10 404358
10 404403
10 404448
10 404493
10 404538
10 404583
10 404628
10 404673
10 404718
10 404763
10 404808
10 404853
10 404898
10 404943
10 404988
10 405048
10 405093
10 405168
10 405213
10 405888
10 405933
10 405978
10 406023
10 406068
10 406113
10 406158
10 406272
10 406317
10 406896
10 406968
10 407013
10 407088
10 407133
10 407208
10 407253
10 407298
10 407343
10 407388
10 407433
10 407478
10 407523
10 407568
10 407613
10 407664
10 407736
10 408288
10 408333
10 408384
10 409008
10 409053
10 409098
10 409143
10 409188
10 409233
10 409278
10 409323
10 409368
10 409413
10 409464
10 409896
10 411216
10 411288
10 411333
10 411384
10 411768
10 411816
10 411864
10 414072
10 414168
10 414312
10 414480
10 414525
10 414570
10 414615
10 414660
10 414720
10 415104
10 415149
10 415200
10 415248
10 415293
10 415368
10 415413
10 415458
10 416880
10 416925
10 417120
10 417360
10 417504
10 417744
10 418800
10 418848
10 418920
10 419040
10 419088
10 419133
10 419178
10 427128
10 427173
10 427218
10 427263
10 427308
10 427353
10 427398
10 427443
10 427488
10 427533
10 427578
10 427623
10 427668
10 427713
10 427776
10 427896
10 427968
10 428013
10 428256
10 430608
10 430653
10 430698
10 430743
10 430788
10 430833
10 430878
10 430923
10 430968
10 431013
10 431058
10 431103
10 431148
10 431193
10 431238
10 431283
10 431328
10 431373
10 431418
10 431463
10 431508
10 431553
10 431598
10 431643
10 431688
10 431733
10 431778
10 431823
10 431868
10 431928
10 431973
10 432018
10 432063
10 432108
10 432153
10 432198
10 432243
10 432288
10 432333
10 432378
10 432423
10 432468
10 432513
10 432558
10 432603
10 432648
10 432693
10 432738
10 432783
10 432828
10 432873
10 432918
10 432963
10 433008
10 433053
10 433098
10 433143
10 433188
10 433233
10 433278
10 433323
10 433368
10 433413
10 433458
10 433503
10 433548
10 433593
10 433638
10 433683
10 433728
10 433773
10 433818
10 433863
10 433908
10 433953
10 433998
10 434043
10 434088
10 434133
10 434178
10 434223
10 434268
10 434313
10 434358
10 434403
10 434448
10 434493
10 434538
10 434583
10 434628
10 434673
10 434718
10 434763
10 434808
10 434853
10 434898
10 434943
10 434988
10 435033
10 435078
10 435123
10 435168
10 435213
10 435258
10 435303
10 435348
10 435393
10 435438
10 435483
10 435528
10 435573
10 435618
10 435663
10 435708
10 435753
10 435798
10 435843
10 435888
10 435933
10 435978
10 436023
10 436068
10 436113
10 436158
10 436203
10 436248
10 436293
10 436338
10 436383
10 436428
10 436473
10 436518
10 436563
10 436608
10 436653
10 436698
10 436743
10 436788
10 436833
10 436878
10 436923
10 436968
10 437013
10 437058
10 437103
10 437148
10 437193
10 437238
10 437283
10 437328
10 437373
10 437418
10 437463
10 437508
10 437553
10 437598
10 437643
10 437688
10 437733
10 437778
10 437823
10 437868
10 437913
10 437958
10 438003
10 438048
10 438093
10 438138
10 438183
10 438228
10 438273
10 438318
10 438363
10 438408
10 438453
10 438498
10 438543
10 438588
10 438633
10 438678
10 438723
10 438768
10 438813
10 438858
10 438903
10 438948
10 438993
10 439038
10 439083
10 439128
10 439173
10 439218
10 439263
10 439308
10 439353
10 439398
10 439443
10 439488
10 439533
10 439578
10 439623
10 439668
10 439713
10 439758
10 439803
10 439848
10 439893
10 439938
10 439983
10 440028
10 440073
10 440118
10 440163
10 440208
10 440253
10 440298
10 440343
10 440388
10 440433
10 440478
10 440523
10 440568
10 440613
10 440658
10 440703
10 440748
10 440793
10 440838
10 440883
10 440928
10 440973
10 441018
10 441063
10 441108
10 441153
10 441198
10 441243
10 441288
10 441333
10 441378
10 441423
10 441468
10 441513
10 441558
10 441603
10 441648
10 441693
10 441738
10 441783
10 441828
10 441873
10 441918
10 441963
10 442008
10 442053
10 442098
10 442143
10 442188
10 442233
10 442278
10 442323
10 442368
10 442413
10 442458
10 442503
10 442548
10 442593
10 442638
10 442683
10 442728
10 442773
10 442818
10 442863
10 442908
10 442953
10 442998
10 443043
10 443088
10 443133
10 443178
10 443223
10 443268
10 443313
10 443358
10 443403
10 443448
10 443493
10 443538
10 443583
10 443628
10 443673
10 443718
10 443763
10 443808
10 443853
10 443898
10 443943
10 443988
10 444033
10 444078
10 444123
10 444168
10 444213
10 444258
10 444303
10 444348
10 444393
10 444438
10 444483
10 444528
10 444573
10 444618
10 444663
10 444708
10 444753
10 444798
10 444843
10 444888
10 444933
10 444978
10 445023
10 445068
10 445113
10 445158
10 445203
10 445248
10 445293
10 445338
10 445383
10 445428
10 445473
10 445518
10 445563
10 445608
10 445653
10 445698
10 445743
10 445788
10 445833
10 445878
10 445923
10 445968
10 446013
10 446058
10 446103
10 446148
10 446208
10 446253
10 446328
10 446373
10 446418
10 446463
10 446508
10 446553
10 446598
10 446643
10 446688
10 446733
10 446778
10 446823
10 446868
10 446913
10 446958
10 447003
10 447048
10 447093
10 447138
10 447183
10 447228
10 447273
10 447318
10 447363
10 447408
10 447453
10 447498
10 447543
10 447588
10 447633
10 447678
10 448128
10 448173
10 448218
10 448263
10 448308
10 448353
10 448398
10 448443
10 448488
10 448533
10 448632
10 448677
10 448728
10 448773
10 448818
10 448863
10 448908
10 448953
10 448998
10 449088
10 449133
10 449178
10 449223
10 449268
10 449313
10 449358
10 449403
10 449448
10 449493
10 449544
10 450480
10 450528
10 450573
10 450618
10 450663
10 450708
10 450753
10 451776
10 451821
10 451866
10 451911
10 451956
10 452001
10 452046
10 452091
10 452136
10 452181
10 452226
10 452271
10 452316
10 452361
10 452406
10 452451
10 452496
10 452541
10 452586
10 452631
10 452676
10 452721
10 453048
10 453093
10 453138
10 453183
10 453228
10 453273
10 453318
10 453363
10 454104
10 455568
10 455613
10 458064
10 458184
10 458520
10 458565
10 458736
10 459072
10 459117
10 459744
10 459864
10 459984
10 460104
10 460149
10 460248
10 460293
10 461544
10 461589
10 461640
10 461784
10 461829
10 461874
10 461928
10 461973
10 462192
10 462237
10 463920
10 463968
10 464013
10 464064
10 465984
10 466416
10 472128
10 472173
10 472218
10 472263
10 472308
10 472353
10 472398
10 472443
10 472488
10 472533
10 472578
10 472623
10 472668
10 472713
10 472758
10 472803
10 472848
10 472893
10 472938
10 472983
10 473028
10 473073
10 473118
10 473163
10 473208
10 473253
10 473298
10 473343
10 473388
10 473433
10 473478
10 473808
10 473853
10 473898
10 473943
10 473988
10 474408
10 474480
10 474528
10 474573
10 474618
10 474663
10 474708
10 474753
10 474798
10 474843
10 474912
10 474957
10 475008
10 475053
10 475098
10 475248
10 475293
10 475338
10 475383
10 475428
10 475473
10 475518
10 475563
10 475608
10 475653
10 475698
10 475743
10 475788
10 475833
10 475878
10 475923
10 475968
10 476013
10 476058
10 476103
10 476148
10 476193
10 476238
10 476283
10 476328
10 476373
10 476418
10 476463
10 476508
10 476553
10 476598
10 476643
10 476688
10 476733
10 476778
10 476823
10 476868
10 476913
10 476958
10 477003
10 477048
10 477093
10 477138
10 477183
10 477228
10 477273
10 477318
10 477363
10 477408
10 477453
10 477498
10 477543
10 477588
10 477633
10 477678
10 477723
10 477768
10 477813
10 477858
10 477903
10 477948
10 477993
10 478038
10 478083
10 478128
10 478173
10 478218
10 478263
10 478308
10 478353
10 478398
10 478443
10 478488
10 478533
10 478578
10 478623
10 478668
10 478713
10 478758
10 478803
10 478848
10 478893
10 478938
10 478983
10 479028
10 479073
10 479118
10 479163
10 479208
10 479253
10 479298
10 479343
10 479388
10 479433
10 479478
10 479523
10 479568
10 479613
10 479658
10 479703
10 479748
10 479793
10 479838
10 479883
10 479928
10 479973
10 480018
10 480063
10 480108
10 480153
10 480198
10 480243
10 480288
10 480333
10 480378
10 480423
10 480468
10 480513
10 480558
10 480603
10 480648
10 480693
10 480738
10 480783
10 480828
10 480873
10 480918
10 480963
10 481008
10 481053
10 481098
10 481143
10 481188
10 481233
10 481278
10 481323
10 481368
10 481413
10 481458
10 481503
10 481548
10 481593
10 481638
10 481683
10 481728
10 481773
10 481818
10 481863
10 481908
10 481953
10 481998
10 482043
10 482088
10 482133
10 482178
10 482223
10 482268
10 482313
10 482358
10 482403
10 482448
10 482493
10 482538
10 482583
10 482628
10 482673
10 482718
10 482763
10 482808
10 482853
10 482898
10 482943
10 482988
10 483033
10 483078
10 483123
10 483168
10 483213
10 483258
10 483303
10 483348
10 483393
10 483438
10 483483
10 483528
10 483573
10 483618
10 483663
10 483708
10 483753
10 483798
10 483843
10 483888
10 483933
10 483978
10 484023
10 484068
10 484113
10 484158
10 484203
10 484248
10 484293
10 484338
10 484383
10 484428
10 484473
10 484518
10 484563
10 484608
10 484653
10 484698
10 484743
10 484788
10 484833
10 484878
10 484923
10 484968
10 485013
10 485058
10 485103
10 485148
10 485193
10 485238
10 485283
10 485328
10 485373
10 485418
10 485463
10 485508
10 485553
10 485598
10 485643
10 485688
10 485733
10 485778
10 485823
10 485868
10 485913
10 485958
10 486003
10 486048
10 486093
10 486138
10 486183
10 486228
10 486273
10 486318
10 486363
10 486408
10 486453
10 486498
10 486543
10 486588
10 486633
10 486678
10 486723
10 486768
10 486813
10 486858
10 486903
10 486948
10 486993
10 487038
10 487083
10 487128
10 487173
10 487218
10 487263
10 487308
10 487353
10 487398
10 487443
10 487488
10 487533
10 487578
10 487623
10 487668
10 487713
10 487758
10 487803
10 487848
10 487893
10 487938
10 487983
10 488028
10 488073
10 488118
10 488163
10 488208
10 488253
10 488298
10 488343
10 488388
10 488433
10 488478
10 488523
10 488568
10 488613
10 488658
10 488703
10 488748
10 488793
10 488838
10 488883
10 488928
10 488973
10 489018
10 489063
10 489108
10 489153
10 489198
10 489243
10 489288
10 489333
10 489378
10 489423
10 489468
10 489513
10 489558
10 489603
10 489648
10 489693
10 489738
10 489783
10 489828
10 489873
10 489918
10 489963
10 490008
10 490053
10 490098
10 490143
10 490188
10 490233
10 490278
10 490323
10 490368
10 490413
10 490458
10 490503
10 490548
10 490593
10 490638
10 490683
10 490728
10 490773
10 490848
10 490893
10 490968
10 491013
10 491058
10 491103
10 491148
10 491193
10 491238
10 491283
10 491328
10 491373
10 491418
10 491463
10 491508
10 491553
10 491598
10 491643
10 491688
10 491733
10 491784
10 492000
10 492048
10 492093
10 492138
10 492183
10 492228
10 492273
10 492318
10 492363
10 492408
10 492453
10 492498
10 492543
10 492588
10 492633
10 492678
10 492723
10 492768
10 492813
10 492858
10 492903
10 492948
10 492993
10 493038
10 493176
10 493632
10 493680
10 493728
10 493773
10 493818
10 493863
10 493908
10 493953
10 493998
10 494043
10 494088
10 494133
10 494178
10 494223
10 494268
10 494313
10 494358
10 494403
10 494448
10 494493
10 494538
10 494583
10 494628
10 494712
10 494757
10 495288
10 495333
10 495408
10 495453
10 495528
10 495573
10 495618
10 495663
10 495708
10 495753
10 495798
10 495843
10 495888
10 495933
10 495978
10 496023
10 496068
10 496113
10 496158
10 496224
10 496968
10 497013
10 497058
10 497103
10 497148
10 497193
10 497238
10 497283
10 497328
10 497373
10 497418
10 497928
10 497976
10 498021
10 498066
10 498111
10 498156
10 498201
10 501840
10 501885
10 501930
10 502008
10 502344
10 502704
10 502824
10 502869
10 502920
10 502965
10 503088
10 503160
10 503205
10 503250
10 503295
10 503340
10 503424
10 504768
10 504840
10 504984
10 505029
10 505080
10 505128
10 505584
10 506088
10 509376
10 513936
10 515808
10 515853
10 515898
10 515943
10 515988
10 516033
10 516078
10 516123
10 516192
10 516237
10 517488
10 517533
10 517608
10 517653
10 517698
10 517743
10 517788
10 517833
10 518016
10 518088
10 518133
10 518178
10 518223
10 518268
10 518313
10 518358
10 518403
10 518448
10 518493
10 518538
10 518583
10 518628
10 518673
10 518718
10 518763
10 518808
10 518853
10 518898
10 518943
10 518988
10 519033
10 519078
10 519123
10 519168
10 519213
10 519258
10 519303
10 519348
10 519393
10 519438
10 519483
10 519528
10 519573
10 519618
10 519663
10 519708
10 519753
10 519798
10 519843
10 519888
10 519933
10 519978
10 520023
10 520068
10 520113
10 520158
10 520203
10 520248
10 520293
10 520338
10 520383
10 520428
10 520473
10 520518
10 520563
10 520608
10 520653
10 520698
10 520743
10 520788
10 520833
10 520878
10 520923
10 520968
10 521013
10 521058
10 521103
10 521148
10 521193
10 521238
10 521283
10 521328
10 521373
10 521418
10 521463
10 521508
10 521553
10 521598
10 521643
10 521688
10 521733
10 521778
10 521823
10 521868
10 521913
10 521958
10 522003
10 522048
10 522093
10 522138
10 522183
10 522228
10 522273
10 522318
10 522363
10 522408
10 522453
10 522498
10 522543
10 522588
10 522633
10 522678
10 522723
10 522768
10 522813
10 522858
10 522903
10 522948
10 522993
10 523038
10 523083
10 523128
10 523173
10 523218
10 523263
10 523308
10 523353
10 523398
10 523443
10 523488
10 523533
10 523578
10 523623
10 523668
10 523713
10 523758
10 523803
10 523848
10 523893
10 523938
10 523983
10 524028
10 524073
10 524118
10 524163
10 524208
10 524253
10 524298
10 524343
10 524388
10 524433
10 524478
10 524523
10 524568
10 524613
10 524658
10 524703
10 524748
10 524793
10 524838
10 524883
10 524928
10 524973
10 525018
10 525063
10 525108
10 525153
10 525198
10 525243
10 525288
10 525333
10 525378
10 525423
10 525468
10 525513
10 525558
10 525603
10 525648
10 525693
10 525738
10 525783
10 525828
10 525873
10 525918
10 525963
10 526008
10 526053
10 526098
10 526143
10 526188
10 526233
10 526278
10 526323
10 526368
10 526413
10 526458
10 526503
10 526548
10 526593
10 526638
10 526683
10 526728
10 526773
10 526818
10 526863
10 526908
10 526953
10 526998
10 527043
10 527088
10 527133
10 527178
10 527223
10 527268
10 527313
10 527358
10 527403
10 527448
10 527493
10 527538
10 527583
10 527628
10 527673
10 527718
10 527763
10 527808
10 527853
10 527898
10 527943
10 527988
10 528033
10 528078
10 528123
10 528168
10 528213
10 528258
10 528303
10 528348
10 528393
10 528438
10 528483
10 528528
10 528573
10 528618
10 528663
10 528708
10 528753
10 528798
10 528843
10 528888
10 528933
10 528978
10 529023
10 529068
10 529113
10 529158
10 529203
10 529248
10 529293
10 529338
10 529383
10 529428
10 529473
10 529518
10 529563
10 529608
10 529653
10 529698
10 529743
10 529788
10 529833
10 529878
10 529923
10 529968
10 530013
10 530058
10 530103
10 530148
10 530193
10 530238
10 530283
10 530328
10 530373
10 530418
10 530463
10 530508
10 530553
10 530598
10 530643
10 530688
10 530733
10 530778
10 530823
10 530868
10 530913
10 530958
10 531003
10 531048
10 531093
10 531138
10 531183
10 531228
10 531273
10 531318
10 531363
10 531408
10 531453
10 531498
10 531543
10 531588
10 531633
10 531678
10 531723
10 531768
10 531813
10 531858
10 531903
10 531948
10 531993
10 532038
10 532083
10 532128
10 532173
10 532218
10 532263
10 532308
10 532353
10 532398
10 532443
10 532488
10 532533
10 532578
10 532623
10 532668
10 532713
10 532758
10 532803
10 532848
10 532893
10 532938
10 532983
10 533028
10 533073
10 533118
10 533163
10 533208
10 533253
10 533298
10 533343
10 533388
10 533433
10 533478
10 533523
10 533568
10 533613
10 533658
10 533703
10 533748
10 533793
10 533838
10 533883
10 533928
10 533973
10 534018
10 534063
10 534108
10 534153
10 534198
10 534243
10 534288
10 534333
10 534378
10 534423
10 534468
10 534513
10 534558
10 534603
10 534648
10 534693
10 534738
10 534783
10 534828
10 534873
10 534918
10 534963
10 535008
10 535053
10 535098
10 535143
10 535188
10 535233
10 535278
10 535323
10 535368
10 535413
10 535458
10 535503
10 535548
10 535593
10 535638
10 535683
10 535728
10 535773
10 535818
10 535863
10 535908
10 535953
10 535998
10 536064
10 536136
10 536328
10 536373
10 536418
10 536463
10 536508
10 536553
10 536598
10 536643
10 536688
10 536733
10 536778
10 536823
10 536868
10 536928
10 536973
10 537018
10 537063
10 537108
10 537153
10 537198
10 537264
10 537336
10 537576
10 537936
10 538056
10 539208
10 539253
10 539808
10 539853
10 539898
10 539943
10 539988
10 540072
10 540117
10 540168
10 540213
10 540258
10 540312
10 540357
10 540456
10 541848
10 541893
10 541938
10 541983
10 542028
10 542073
10 542118
10 542163
10 542208
10 542253
10 542298
10 542343
10 542388
10 542433
10 542496
10 542808
10 542853
10 542904
10 542976
10 543456
10 543501
10 543546
10 543591
10 543636
10 543681
10 543744
10 543816
10 545808
10 545856
10 545904
10 545949
10 545994
10 546624
10 546720
10 546765
10 546840
10 546888
10 546933
10 546978
10 547023
10 547068
10 548544
10 549024
10 552264
10 552600
10 552645
10 552690
10 552768
10 552813
10 552912
10 552957
10 553032
10 553128
10 553173
10 553218
10 553263
10 553344
10 557088
10 557184
10 557760
10 557808
10 557853
10 557898
10 558048
10 558120
10 558165
10 558210
10 558264
10 558456
10 559248
10 559320
10 559365
10 559410
10 560496
10 560568
10 560613
10 560658
10 560703
10 560748
10 560793
10 560838
10 560883
10 560928
10 560973
10 561018
10 561063
10 561108
10 561153
10 561816
10 561936
10 563016
10 563112
10 563157
10 563376
10 563448
10 563496
10 563568
10 563613
10 563928
10 563976
10 564021
10 564066
10 564111
10 564156
10 564201
10 564246
10 564291
10 564336
10 564381
10 564426
10 564471
10 564516
10 564561
10 564606
10 564651
10 564696
10 564741
10 564786
10 564831
10 564876
10 564921
10 564966
10 565011
10 565056
10 565101
10 565146
10 565191
10 565236
10 565281
10 565326
10 565371
10 565416
10 565461
10 565506
10 565551
10 565596
10 565641
10 565686
10 565731
10 565776
10 565821
10 565866
10 565911
10 565956
10 566001
10 566046
10 566091
10 566136
10 566181
10 566226
10 566271
10 566316
10 566361
10 566406
10 566451
10 566496
10 566541
10 566586
10 566631
10 566676
10 566721
10 566766
10 566811
10 566856
10 566901
10 566946
10 566991
10 567036
10 567081
10 567126
10 567171
10 567216
10 567261
10 567306
10 567351
10 567396
10 567441
10 567486
10 567531
10 567576
10 567621
10 567666
10 567711
10 567756
10 567801
10 567846
10 567891
10 567936
10 567981
10 568026
10 568071
10 568116
10 568161
10 568206
10 568251
10 568296
10 568341
10 568386
10 568431
10 568476
10 568521
10 568566
10 568611
10 568656
10 568701
10 568746
10 568791
10 568836
10 568881
10 568926
10 568971
10 569016
10 569061
10 569106
10 569151
10 569196
10 569241
10 569286
10 569331
10 569376
10 569421
10 569466
10 569511
10 569556
10 569601
10 569646
10 569691
10 569736
10 569781
10 569826
10 569871
10 569916
10 569961
10 570006
10 570051
10 570096
10 570141
10 570186
10 570231
10 570276
10 570321
10 570366
10 570411
10 570456
10 570501
10 570546
10 570591
10 570636
10 570681
10 570726
10 570771
10 570816
10 570861
10 570906
10 570951
10 570996
10 571041
10 571086
10 571131
10 571176
10 571221
10 571266
10 571311
10 571356
10 571401
10 571446
10 571491
10 571536
10 571581
10 571626
10 571671
10 571716
10 571761
10 571806
10 571851
10 571896
10 571941
10 571986
10 572031
10 572076
10 572121
10 572166
10 572211
10 572256
10 572301
10 572346
10 572391
10 572436
10 572481
10 572526
10 572571
10 572616
10 572661
10 572706
10 572751
10 572796
10 572841
10 572886
10 572931
10 572976
10 573021
10 573066
10 573111
10 573156
10 573201
10 573246
10 573291
10 573336
10 573381
10 573426
10 573471
10 573516
10 573561
10 573606
10 573651
10 573696
10 573741
10 573786
10 573831
10 573936
10 574416
10 574461
10 574506
10 574551
10 574596
10 574641
10 574686
10 574731
10 574776
10 574821
10 574866
10 574911
10 574956
10 575001
10 575046
10 575091
10 575136
10 575181
10 575226
10 575271
10 575316
10 575361
10 575406
10 575451
10 575496
10 575541
10 575586
10 575631
10 575676
10 575721
10 575766
10 575811
10 575856
10 575901
10 575946
10 575991
10 576036
10 576081
10 576126
10 576171
10 576216
10 576261
10 576306
10 576351
10 576396
10 576441
10 576486
10 576531
10 576576
10 576621
10 576666
10 576711
10 576756
10 576801
10 576846
10 576891
10 576936
10 576981
10 577026
10 577071
10 577116
10 577161
10 577206
10 577251
10 577296
10 577341
10 577386
10 577431
10 577476
10 577521
10 577566
10 577611
10 577656
10 577701
10 577746
10 577791
10 577836
10 577881
10 577926
10 577971
10 578016
10 578061
10 578106
10 578151
10 578196
10 578241
10 578286
10 578331
10 578376
10 578421
10 578466
10 578511
10 578556
10 578601
10 578646
10 578691
10 578736
10 578781
10 578826
10 578871
10 578916
10 578961
10 579006
10 579051
10 579096
10 579141
10 579186
10 579231
10 579276
10 579321
10 579408
10 579453
10 579498
10 579543
10 579588
10 579633
10 579678
10 579723
10 579768
10 579813
10 579858
10 579903
10 579948
10 579993
10 580038
10 580128
10 580173
10 580218
10 580263
10 580308
10 580353
10 580398
10 580488
10 580533
10 580578
10 580623
10 580668
10 580713
10 580758
10 580803
10 580848
10 580893
10 580938
10 580983
10 581028
10 581073
10 581118
10 581256
10 581568
10 581613
10 581658
10 581703
10 581748
10 581793
10 581838
10 581904
10 582288
10 582333
10 582378
10 582423
10 582468
10 582513
10 582558
10 582603
10 582648
10 582693
10 582738
10 582783
10 582828
10 582873
10 582918
10 582963
10 583008
10 583053
10 583098
10 583143
10 583188
10 583233
10 583278
10 583344
10 583392
10 583437
10 583488
10 583533
10 583578
10 583623
10 583668
10 583713
10 583758
10 583803
10 583848
10 583893
10 583944
10 585408
10 585576
10 588816
10 592968
10 593040
10 593088
10 593184
10 593664
10 594000
10 594120
10 594288
10 594333
10 604056
10 604680
10 604725
10 604770
10 604815
10 604860
10 604905
10 604950
10 604995
10 605040
10 605085
10 605130
10 605175
10 605220
10 605265
10 605310
10 605355
10 606048
10 606093
10 606138
10 606216
10 606312
10 606357
10 606408
10 606453
10 606498
10 606543
10 606588
10 606633
10 606678
10 606723
10 606768
10 606813
10 606858
10 606903
10 606948
10 606993
10 607038
10 607083
10 607128
10 607173
10 607218
10 607263
10 607308
10 607353
10 607398
10 607443
10 607656
10 607728
10 607773
10 607818
10 607863
10 607908
10 607953
10 607998
10 608043
10 608088
10 608133
10 608178
10 608223
10 608268
10 608313
10 608358
10 608403
10 608448
10 608493
10 608538
10 608583
10 608628
10 608673
10 608718
10 608763
10 608808
10 608853
10 608898
10 608943
10 608988
10 609033
10 609078
10 609123
10 609168
10 609213
10 609258
10 609303
10 609348
10 609393
10 609438
10 609483
10 609528
10 609573
10 609618
10 609663
10 609708
10 609753
10 609798
10 609843
10 609888
10 609933
10 609978
10 610023
10 610068
10 610113
10 610158
10 610203
10 610248
10 610293
10 610338
10 610383
10 610428
10 610473
10 610518
10 610563
10 610608
10 610653
10 610698
10 610743
10 610788
10 610833
10 610878
10 610923
10 610968
10 611013
10 611058
10 611103
10 611148
10 611193
10 611238
10 611283
10 611328
10 611373
10 611418
10 611463
10 611508
10 611553
10 611598
10 611643
10 611688
10 611733
10 611778
10 611823
10 611868
10 611913
10 611958
10 612003
10 612048
10 612093
10 612138
10 612183
10 612228
10 612273
10 612318
10 612363
10 612408
10 612453
10 612498
10 612543
10 612588
10 612633
10 612678
10 612723
10 612768
10 612813
10 612858
10 612903
10 612948
10 612993
10 613038
10 613083
10 613128
10 613173
10 613218
10 613263
10 613308
10 613353
10 613398
10 613443
10 613488
10 613533
10 613578
10 613623
10 613668
10 613713
10 613758
10 613803
10 613848
10 613893
10 613938
10 613983
10 614028
10 614073
10 614118
10 614163
10 614208
10 614253
10 614298
10 614343
10 614388
10 614433
10 614478
10 614523
10 614568
10 614613
10 614658
10 614703
10 614748
10 614793
10 614838
10 614883
10 614928
10 614973
10 615018
10 615063
10 615108
10 615153
10 615198
10 615243
10 615288
10 615333
10 615378
10 615423
10 615468
10 615513
10 615558
10 615603
10 615648
10 615693
10 615738
10 615783
10 615828
10 615873
10 615918
10 615963
10 616008
10 616053
10 616098
10 616143
10 616188
10 616233
10 616278
10 616323
10 616368
10 616413
10 616458
10 616503
10 616548
10 616593
10 616638
10 616683
10 616728
10 616773
10 616818
10 616863
10 616908
10 616953
10 616998
10 617043
10 617088
10 617133
10 617178
10 617223
10 617268
10 617313
10 617358
10 617403
10 617448
10 617493
10 617538
10 617583
10 617628
10 617673
10 617718
10 617763
10 617808
10 617853
10 617898
10 617943
10 617988
10 618033
10 618078
10 618123
10 618168
10 618213
10 618258
10 618303
10 618348
10 618393
10 618438
10 618483
10 618528
10 618573
10 618618
10 618663
10 618708
10 618753
10 618798
10 618843
10 618888
10 618933
10 618978
10 619023
10 619068
10 619113
10 619158
10 619203
10 619248
10 619293
10 619338
10 619383
10 619428
10 619473
10 619518
10 619563
10 619608
10 619653
10 619698
10 619743
10 619788
10 619833
10 619878
10 619923
10 619968
10 620013
10 620058
10 620103
10 620148
10 620193
10 620238
10 620283
10 620328
10 620373
10 620418
10 620463
10 620508
10 620553
10 620598
10 620643
10 620688
10 620733
10 620778
10 620823
10 620868
10 620913
10 620958
10 621003
10 621048
10 621093
10 621138
10 621183
10 621228
10 621273
10 621318
10 621363
10 621408
10 621453
10 621498
10 621543
10 621588
10 621633
10 621678
10 621723
10 621768
10 621813
10 621858
10 621903
10 621948
10 621993
10 622038
10 622083
10 622128
10 622173
10 622218
10 622263
10 622308
10 622353
10 622398
10 622443
10 622488
10 622533
10 622578
10 622623
10 622668
10 622713
10 622758
10 622803
10 622848
10 622893
10 622938
10 622983
10 623028
10 623073
10 623118
10 623163
10 623208
10 623253
10 623298
10 623343
10 623388
10 623433
10 623478
10 623523
10 623568
10 623613
10 623658
10 623703
10 623748
10 623793
10 623838
10 623883
10 623928
10 623973
10 624018
10 624063
10 624108
10 624192
10 624237
10 624456
10 624501
10 624546
10 624591
10 624636
10 624681
10 624726
10 624771
10 624816
10 624861
10 624906
10 624951
10 624996
10 625041
10 625086
10 625131
10 625176
10 625221
10 625266
10 625311
10 625356
10 625401
10 625446
10 625512
10 625557
10 625656
10 625776
10 626688
10 626733
10 626778
10 626823
10 626868
10 626913
10 626958
10 627003
10 627048
10 627093
10 627138
10 627183
10 627228
10 627273
10 627318
10 627363
10 627408
10 627453
10 627498
10 627543
10 627588
10 627633
10 627678
10 627768
10 627813
10 627858
10 627903
10 627948
10 627993
10 628038
10 628083
10 628128
10 628173
10 628218
10 628263
10 628308
10 628353
10 628398
10 628443
10 628488
10 628533
10 628578
10 628623
10 628668
10 628713
10 628758
10 628803
10 628848
10 628893
10 628938
10 628983
10 629028
10 629073
10 629118
10 629184
10 629256
10 632856
10 634608
10 634680
10 635544
10 635640
10 635685
10 635730
10 635904
10 636024
10 636720
10 636765
10 636864
10 637584
10 638688
10 639144
10 639336
10 639984
10 645456
10 645576
10 648288
10 648333
10 648378
10 648423
10 648468
10 648513
10 648558
10 648603
10 648648
10 648693
10 648744
10 648789
10 649368
10 649413
10 649464
10 649512
10 649557
10 649608
10 649653
10 649968
10 650013
10 650058
10 650103
10 650148
10 650193
10 650238
10 650283
10 650328
10 650373
10 650418
10 650463
10 650508
10 650553
10 650598
10 650643
10 650688
10 650733
10 650778
10 650823
10 650868
10 650913
10 650958
10 651003
10 651048
10 651093
10 651138
10 651183
10 651228
10 651273
10 651318
10 651363
10 651408
10 651453
10 651498
10 651543
10 651588
10 651633
10 651678
10 651723
10 651768
10 651813
10 651858
10 651903
10 651948
10 651993
10 652038
10 652083
10 652128
10 652173
10 652218
10 652263
10 652308
10 652353
10 652398
10 652443
10 652488
10 652533
10 652578
10 652623
10 652668
10 652713
10 652758
10 652803
10 652848
10 652893
10 652938
10 652983
10 653028
10 653073
10 653118
10 653163
10 653208
10 653253
10 653298
10 653343
10 653388
10 653433
10 653478
10 653523
10 653568
10 653613
10 653658
10 653703
10 653748
10 653793
10 653838
10 653883
10 653928
10 653973
10 654018
10 654063
10 654108
10 654153
10 654198
10 654243
10 654288
10 654333
10 654378
10 654423
10 654468
10 654513
10 654558
10 654603
10 654648
10 654693
10 654738
10 654783
10 654828
10 654873
10 654918
10 654963
10 655008
10 655053
10 655098
10 655143
10 655188
10 655233
10 655278
10 655323
10 655368
10 655413
10 655458
10 655503
10 655548
10 655593
10 655638
10 655683
10 655728
10 655773
10 655818
10 655863
10 655908
10 655953
10 655998
10 656043
10 656088
10 656133
10 656178
10 656223
10 656268
10 656313
10 656358
10 656403
10 656448
10 656493
10 656538
10 656583
10 656628
10 656673
10 656718
10 656763
10 656808
10 656853
10 656898
10 656943
10 656988
10 657033
10 657078
10 657123
10 657168
10 657213
10 657258
10 657303
10 657348
10 657393
10 657438
10 657483
10 657528
10 657573
10 657618
10 657663
10 657708
10 657753
10 657798
10 657843
10 657888
10 657933
10 657978
10 658023
10 658068
10 658113
10 658158
10 658203
10 658248
10 658293
10 658338
10 658383
10 658428
10 658473
10 658518
10 658563
10 658608
10 658653
10 658698
10 658743
10 658788
10 658833
10 658878
10 658923
10 658968
10 659013
10 659058
10 659103
10 659148
10 659193
10 659238
10 659283
10 659328
10 659373
10 659418
10 659463
10 659508
10 659553
10 659598
10 659643
10 659688
10 659733
10 659778
10 659823
10 659868
10 659913
10 659958
10 660003
10 660048
10 660093
10 660138
10 660183
10 660228
10 660273
10 660318
10 660363
10 660408
10 660453
10 660498
10 660543
10 660588
10 660633
10 660678
10 660723
10 660768
10 660813
10 660858
10 660903
10 660948
10 660993
10 661038
10 661083
10 661128
10 661173
10 661218
10 661263
10 661308
10 661353
10 661398
10 661443
10 661488
10 661533
10 661578
10 661623
10 661668
10 661713
10 661758
10 661803
10 661848
10 661893
10 661938
10 661983
10 662028
10 662073
10 662118
10 662163
10 662208
10 662253
10 662298
10 662343
10 662388
10 662433
10 662478
10 662523
10 662568
10 662613
10 662658
10 662703
10 662748
10 662793
10 662838
10 662883
10 662928
10 662973
10 663018
10 663063
10 663108
10 663153
10 663198
10 663243
10 663288
10 663333
10 663378
10 663423
10 663468
10 663513
10 663558
10 663603
10 663648
10 663693
10 663738
10 663783
10 663828
10 663873
10 663918
10 663963
10 664008
10 664053
10 664098
10 664143
10 664188
10 664233
10 664278
10 664323
10 664368
10 664413
10 664458
10 664503
10 664548
10 664593
10 664638
10 664683
10 664728
10 664773
10 664818
10 664863
10 664908
10 664953
10 664998
10 665043
10 665088
10 665133
10 665178
10 665223
10 665268
10 665313
10 665358
10 665403
10 665448
10 665493
10 665538
10 665583
10 665628
10 665673
10 665718
10 665763
10 665808
10 665853
10 665898
10 665943
10 665988
10 666033
10 666078
10 666123
10 666168
10 666213
10 666258
10 666303
10 666348
10 666393
10 666438
10 666483
10 666528
10 666573
10 666618
10 666663
10 666708
10 666753
10 666798
10 666843
10 666888
10 666933
10 666978
10 667023
10 667068
10 667113
10 667158
10 667203
10 667248
10 667293
10 667338
10 667383
10 667428
10 667473
10 667518
10 667563
10 667608
10 667653
10 667698
10 667743
10 667788
10 667833
10 667878
10 667923
10 667968
10 668013
10 668058
10 668103
10 668148
10 668256
10 668301
10 668346
10 668391
10 668436
10 668481
10 668526
10 668571
10 668616
10 668661
10 668706
10 668751
10 668796
10 668841
10 668886
10 668931
10 668976
10 669021
10 669066
10 669111
10 669156
10 669201
10 669246
10 669291
10 669336
10 669381
10 669426
10 669471
10 669516
10 669561
10 669606
10 669651
10 669696
10 669741
10 669786
10 669831
10 669876
10 669921
10 669966
10 670011
10 670056
10 670101
10 670152
10 670197
10 670296
10 670416
10 671208
10 671376
10 672240
10 672288
10 672333
10 672378
10 672423
10 672468
10 672528
10 672573
10 672618
10 672663
10 672708
10 672753
10 672798
10 672843
10 672888
10 672933
10 672978
10 673032
10 673077
10 673248
10 673293
10 673338
10 673383
10 673428
10 673473
10 673518
10 674520
10 674568
10 674613
10 674658
10 674703
10 674748
10 674793
10 674838
10 674904
10 674976
10 675768
10 675813
10 675864
10 675912
10 675957
10 676656
10 679440
10 679488
10 679560
10 679632
10 679677
10 679800
10 679848
10 679944
10 680064
10 682944
10 683568
10 683664
10 683928
10 683973
10 684018
10 688728
10 688773
10 688818
10 688863
10 688908
10 688968
10 689013
10 689058
10 689112
10 689157
10 689202
10 690072
10 690117
10 690162
10 692040
10 692088
10 692133
10 692178
10 692223
10 692268
10 692313
10 692358
10 692403
10 692448
10 692493
10 692544
10 694800
10 694848
10 694893
10 694938
10 694983
10 695028
10 695073
10 695118
10 695163
10 695208
10 695253
10 695298
10 695343
10 695388
10 695433
10 695478
10 695523
10 695568
10 695613
10 695658
10 695703
10 695748
10 695793
10 695838
10 695883
10 695928
10 695973
10 696018
10 696063
10 696108
10 696153
10 696198
10 696243
10 696288
10 696333
10 696378
10 696423
10 696468
10 696513
10 696558
10 696603
10 696648
10 696693
10 696738
10 696783
10 696828
10 696873
10 696918
10 696963
10 697008
10 697053
10 697098
10 697143
10 697188
10 697233
10 697278
10 697323
10 697368
10 697413
10 697458
10 697503
10 697548
10 697593
10 697638
10 697683
10 697728
10 697773
10 697818
10 697863
10 697908
10 697953
10 697998
10 698043
10 698088
10 698133
10 698178
10 698223
10 698268
10 698313
10 698358
10 698403
10 698448
10 698493
10 698538
10 698583
10 698628
10 698673
10 698718
10 698763
10 698808
10 698853
10 698898
10 698943
10 698988
10 699033
10 699078
10 699123
10 699168
10 699213
10 699258
10 699303
10 699348
10 699393
10 699438
10 699483
10 699528
10 699573
10 699618
10 699663
10 699708
10 699753
10 699798
10 699843
10 699888
10 699933
10 699978
10 700023
10 700068
10 700113
10 700158
10 700203
10 700248
10 700293
10 700338
10 700383
10 700428
10 700473
10 700518
10 700563
10 700608
10 700653
10 700698
10 700743
10 700788
10 700833
10 700878
10 700923
10 700968
10 701013
10 701058
10 701103
10 701148
10 701193
10 701238
10 701283
10 701328
10 701373
10 701418
10 701463
10 701508
10 701553
10 701598
10 701643
10 701688
10 701733
10 701778
10 701823
10 701868
10 701913
10 701958
10 702003
10 702048
10 702093
10 702138
10 702183
10 702228
10 702273
10 702318
10 702363
10 702408
10 702453
10 702498
10 702543
10 702588
10 702633
10 702678
10 702723
10 702768
10 702813
10 702858
10 702903
10 702948
10 702993
10 703038
10 703083
10 703128
10 703173
10 703218
10 703263
10 703308
10 703353
10 703398
10 703443
10 703488
10 703533
10 703578
10 703623
10 703668
10 703713
10 703758
10 703803
10 703848
10 703893
10 703938
10 703983
10 704028
10 704073
10 704118
10 704163
10 704208
10 704253
10 704298
10 704343
10 704388
10 704433
10 704478
10 704523
10 704568
10 704613
10 704658
10 704703
10 704748
10 704793
10 704838
10 704883
10 704928
10 704973
10 705018
10 705063
10 705108
10 705153
10 705198
10 705243
10 705288
10 705333
10 705378
10 705423
10 705468
10 705513
10 705558
10 705603
10 705648
10 705693
10 705738
10 705783
10 705828
10 705873
10 705918
10 705963
10 706008
10 706053
10 706098
10 706143
10 706188
10 706233
10 706278
10 706323
10 706368
10 706413
10 706458
10 706503
10 706548
10 706593
10 706638
10 706683
10 706728
10 706773
10 706818
10 706863
10 706908
10 706953
10 706998
10 707043
10 707088
10 707133
10 707178
10 707223
10 707268
10 707313
10 707358
10 707403
10 707448
10 707493
10 707538
10 707583
10 707628
10 707673
10 707718
10 707763
10 707808
10 707853
10 707898
10 707943
10 707988
10 708033
10 708078
10 708123
10 708168
10 708213
10 708258
10 708303
10 708348
10 708393
10 708438
10 708483
10 708528
10 708573
10 708618
10 708663
10 708708
10 708753
10 708798
10 708843
10 708888
10 708933
10 708978
10 709023
10 709068
10 709113
10 709158
10 709203
10 709248
10 709293
10 709338
10 709383
10 709428
10 709473
10 709518
10 709563
10 709608
10 709653
10 709698
10 709776
10 709896
10 709992
10 710037
10 710082
10 710127
10 710208
10 710253
10 710298
10 710343
10 710388
10 710433
10 710478
10 710544
10 710589
10 710634
10 710679
10 710724
10 710769
10 710814
10 710859
10 710904
10 710949
10 710994
10 711039
10 711084
10 711129
10 711174
10 711219
10 711264
10 711309
10 711354
10 711399
10 711444
10 711489
10 711534
10 711579
10 711624
10 711669
10 711714
10 711759
10 711804
10 711864
10 712416
10 712464
10 712509
10 712554
10 712599
10 712656
10 712704
10 713136
10 713208
10 713253
10 713328
10 713373
10 713424
10 713469
10 713514
10 713616
10 714096
10 714168
10 714213
10 714258
10 714303
10 714348
10 714393
10 714438
10 714483
10 714528
10 714573
10 714618
10 714663
10 714708
10 714753
10 714798
10 716760
10 716808
10 716853
10 716898
10 716952
10 716997
10 717096
10 720960
10 721005
10 721050
10 721128
10 721173
10 721218
10 722424
10 723480
10 723528
10 723600
10 723648
10 723693
10 723738
10 724728
10 724800
10 724920
10 724965
10 725040
10 725085
10 725130
10 725184
10 725808
10 725904