1 96
1 105
1 114
1 480
1 489
1 498
1 1008
1 1017
1 1026
1 1056
1 1065
1 1074
1 1128
1 1137
1 1146
1 1464
1 1473
1 1482
1 1584
1 1593
1 1602
1 1656
1 1665
1 1674
1 2112
1 2121
1 2130
1 2184
1 2193
1 2202
1 3144
1 3153
1 3162
1 7152
1 7161
1 7170
1 7464
1 7473
1 7482
1 8256
1 8265
1 8274
1 9048
1 9057
1 9066
1 9096
1 9105
1 9114
1 9216
1 9225
1 9234
1 9243
1 9252
1 9261
1 9312
1 9321
1 9330
1 9339
1 9348
1 9357
1 9480
1 9489
1 9498
1 9600
1 9609
1 9618
1 9744
1 9753
1 9762
1 9792
1 9801
1 9810
1 10032
1 10041
1 10050
1 10296
1 10305
1 10314
1 10323
1 10332
1 10341
1 10368
1 10377
1 10386
1 10416
1 10425
1 10434
1 10464
1 10473
1 10482
1 10512
1 10521
1 10530
1 10539
1 10548
1 10557
1 10992
1 11001
1 11010
1 11019
1 11028
1 11037
1 16416
1 16425
1 16434
1 16443
1 16452
1 16461
1 16488
1 16497
1 16506
1 16584
1 16593
1 16602
1 16611
1 16620
1 16629
1 16638
1 16647
1 16656
1 16665
1 16674
1 16683
1 16692
1 16701
1 16710
1 16719
1 16848
1 16857
1 16866
1 16992
1 17001
1 17010
1 17019
1 17028
1 17037
1 17328
1 17337
1 17346
1 17424
1 17433
1 17442
1 17664
1 17673
1 17682
1 17691
1 17700
1 17709
1 18288
1 18297
1 18306
1 18336
1 18345
1 18354
1 18408
1 18417
1 18426
1 18768
1 18777
1 18786
1 19080
1 19089
1 19098
1 19107
1 19116
1 19125
1 19248
1 19257
1 19266
1 19416
1 19425
1 19434
1 19443
1 19452
1 19461
1 19728
1 19737
1 19746
1 19755
1 19764
1 19773
1 19920
1 19929
1 19938
1 24960
1 24969
1 24978
1 24987
1 24996
1 25005
1 25014
1 25023
1 25032
1 25041
1 25050
1 25080
1 25089
1 25098
1 25200
1 25209
1 25218
1 25248
1 25257
1 25266
1 25320
1 25329
1 25338
1 25488
1 25497
1 25506
1 25536
1 25545
1 25554
1 25563
1 25572
1 25581
1 27144
1 27153
1 27162
1 27192
1 27201
1 27210
1 27240
1 27249
1 27258
1 27267
1 27276
1 27285
1 27312
1 27321
1 27330
1 27456
1 27465
1 27474
1 27483
1 27492
1 27501
1 27696
1 27705
1 27714
1 27723
1 27732
1 27741
1 27750
1 27759
1 27768
1 27777
1 27786
1 27795
1 27804
1 27813
1 27822
1 27831
1 28008
1 28017
1 28026
1 28035
1 28044
1 28053
1 28488
1 28497
1 28506
1 28704
1 28713
1 28722
1 29376
1 29385
1 29394
1 34944
1 34953
1 34962
1 35664
1 35673
1 35682
1 35976
1 35985
1 35994
1 36003
1 36012
1 36021
1 36030
1 36039
1 36168
1 36177
1 36186
1 36195
1 36204
1 36213
1 36312
1 36321
1 36330
1 36720
1 36729
1 36738
1 36747
1 36756
1 36765
1 36792
1 36801
1 36810
1 36840
1 36849
1 36858
1 36867
1 36876
1 36885
1 36894
1 36903
1 36912
1 36921
1 36930
1 36960
1 36969
1 36978
1 36987
1 36996
1 37005
1 37056
1 37065
1 37074
1 37083
1 37092
1 37101
1 37110
1 37119
1 37128
1 37137
1 37146
1 37176
1 37185
1 37194
1 37224
1 37233
1 37242
1 37251
1 37260
1 37269
1 37392
1 37401
1 37410
1 37464
1 37473
1 37482
1 37608
1 37617
1 37626
1 37656
1 37665
1 37674
1 42360
1 42369
1 42378
1 42432
1 42441
1 42450
1 42600
1 42609
1 42618
1 42912
1 42921
1 42930
1 43008
1 43017
1 43026
1 43104
1 43113
1 43122
1 43131
1 43140
1 43149
1 43176
1 43185
1 43194
1 43203
1 43212
1 43221
1 43320
1 43329
1 43338
1 43488
1 43497
1 43506
1 43584
1 43593
1 43602
1 43728
1 43737
1 43746
1 44688
1 44697
1 44706
1 44715
1 44724
1 44733
1 44832
1 44841
1 44850
1 44859
1 44868
1 44877
1 44886
1 44895
1 45168
1 45177
1 45186
1 45216
1 45225
1 45234
1 45816
1 45825
1 45834
1 45843
1 45852
1 45861
1 52872
1 52881
1 52890
1 53808
1 53817
1 53826
1 53835
1 53844
1 53853
1 53862
1 53871
1 54000
1 54009
1 54018
1 54336
1 54345
1 54354
1 54363
1 54372
1 54381
1 54456
1 54465
1 54474
1 54504
1 54513
1 54522
1 54576
1 54585
1 54594
1 54888
1 54897
1 54906
1 54915
1 54924
1 54933
1 59568
1 59577
1 59586
1 59595
1 59604
1 59613
1 60360
1 60369
1 60378
1 60600
1 60609
1 60618
1 60672
1 60681
1 60690
1 60699
1 60708
1 60717
1 61464
1 61473
1 61482
1 61536
1 61545
1 61554
1 61656
1 61665
1 61674
1 61896
1 61905
1 61914
1 61923
1 61932
1 61941
1 62496
1 62505
1 62514
1 62523
1 62532
1 62541
1 62856
1 62865
1 62874
1 62883
1 62892
1 62901
1 62928
1 62937
1 62946
1 62955
1 62964
1 62973
1 62982
1 62991
1 63000
1 63009
1 63018
1 63096
1 63105
1 63114
1 63288
1 63297
1 63306
1 63408
1 63417
1 63426
1 68832
1 68841
1 68850
1 68904
1 68913
1 68922
1 68931
1 68940
1 68949
1 68958
1 68967
1 68976
1 68985
1 68994
1 69003
1 69012
1 69021
1 69030
1 69039
1 69168
1 69177
1 69186
1 69195
1 69204
1 69213
1 69288
1 69297
1 69306
1 69315
1 69324
1 69333
1 70632
1 70641
1 70650
1 70944
1 70953
1 70962
1 71016
1 71025
1 71034
1 71208
1 71217
1 71226
1 71235
1 71244
1 71253
1 71262
1 71271
1 71304
1 71313
1 71322
1 71376
1 71385
1 71394
1 71424
1 71433
1 71442
1 71451
1 71460
1 71469
1 71640
1 71649
1 71658
1 71736
1 71745
1 71754
1 71808
1 71817
1 71826
1 72432
1 72441
1 72450
1 77304
1 77313
1 77322
1 77331
1 77340
1 77349
1 77784
1 77793
1 77802
1 78144
1 78153
1 78162
1 78171
1 78180
1 78189
1 78240
1 78249
1 78258
1 78267
1 78276
1 78285
1 78294
1 78303
1 78312
1 78321
1 78330
1 78384
1 78393
1 78402
1 78480
1 78489
1 78498
1 78507
1 78516
1 78525
1 78744
1 78753
1 78762
1 78771
1 78780
1 78789
1 78816
1 78825
1 78834
1 78960
1 78969
1 78978
1 79392
1 79401
1 79410
1 79419
1 79428
1 79437
1 79446
1 79455
1 79488
1 79497
1 79506
1 79872
1 79881
1 79890
1 80328
1 80337
1 80346
1 80448
1 80457
1 80466
1 80664
1 80673
1 80682
1 80691
1 80700
1 80709
1 81312
1 81321
1 81330
1 81408
1 81417
1 81426
1 86376
1 86385
1 86394
1 86403
1 86412
1 86421
1 86592
1 86601
1 86610
1 86784
1 86793
1 86802
1 86856
1 86865
1 86874
1 86976
1 86985
1 86994
1 87192
1 87201
1 87210
1 87219
1 87228
1 87237
1 87246
1 87255
1 87264
1 87273
1 87282
1 87291
1 87300
1 87309
1 87318
1 87327
1 87912
1 87921
1 87930
1 88104
1 88113
1 88122
1 88176
1 88185
1 88194
1 88248
1 88257
1 88266
1 88320
1 88329
1 88338
1 88464
1 88473
1 88482
1 88512
1 88521
1 88530
1 88539
1 88548
1 88557
1 88680
1 88689
1 88698
1 88824
1 88833
1 88842
1 88896
1 88905
1 88914
1 88923
1 88932
1 88941
1 88992
1 89001
1 89010
1 89040
1 89049
1 89058
1 89067
1 89076
1 89085
1 89256
1 89265
1 89274
1 89496
1 89505
1 89514
1 89616
1 89625
1 89634
1 91032
1 91041
1 91050
1 94944
1 94953
1 94962
1 94971
1 94980
1 94989
1 95064
1 95073
1 95082
1 96744
1 96753
1 96762
1 96771
1 96780
1 96789
1 96984
1 96993
1 97002
1 97056
1 97065
1 97074
1 97083
1 97092
1 97101
1 97110
1 97119
1 97176
1 97185
1 97194
1 97272
1 97281
1 97290
1 97488
1 97497
1 97506
1 97800
1 97809
1 97818
1 97920
1 97929
1 97938
1 98016
1 98025
1 98034
1 98043
1 98052
1 98061
1 98070
1 98079
1 98088
1 98097
1 98106
1 98232
1 98241
1 98250
1 98352
1 98361
1 98370
1 98640
1 98649
1 98658
1 99072
1 99081
1 99090
1 103920
1 103929
1 103938
1 104352
1 104361
1 104370
1 104544
1 104553
1 104562
1 104592
1 104601
1 104610
1 104640
1 104649
1 104658
1 105288
1 105297
1 105306
1 105315
1 105324
1 105333
1 105840
1 105849
1 105858
1 105960
1 105969
1 105978
1 106128
1 106137
1 106146
1 106200
1 106209
1 106218
1 106296
1 106305
1 106314
1 106368
1 106377
1 106386
1 106488
1 106497
1 106506
1 106632
1 106641
1 106650
1 106752
1 106761
1 106770
1 106848
1 106857
1 106866
1 106875
1 106884
1 106893
1 106920
1 106929
1 106938
1 106968
1 106977
1 106986
1 107088
1 107097
1 107106
1 107184
1 107193
1 107202
1 107211
1 107220
1 107229
1 107544
1 107553
1 107562
1 107952
1 107961
1 107970
1 112632
1 112641
1 112650
1 112944
1 112953
1 112962
1 113064
1 113073
1 113082
1 113091
1 113100
1 113109
1 113118
1 113127
1 113736
1 113745
1 113754
1 113976
1 113985
1 113994
1 114216
1 114225
1 114234
1 114243
1 114252
1 114261
1 114270
1 114279
1 114360
1 114369
1 114378
1 114408
1 114417
1 114426
1 114504
1 114513
1 114522
1 115152
1 115161
1 115170
1 115656
1 115665
1 115674
1 115683
1 115692
1 115701
1 115710
1 115719
1 116472
1 116481
1 116490
1 121320
1 121329
1 121338
1 121368
1 121377
1 121386
1 121416
1 121425
1 121434
1 121464
1 121473
1 121482
1 121608
1 121617
1 121626
1 121800
1 121809
1 121818
1 121827
1 121836
1 121845
1 122040
1 122049
1 122058
1 122136
1 122145
1 122154
1 122163
1 122172
1 122181
1 122256
1 122265
1 122274
1 122283
1 122292
1 122301
1 122310
1 122319
1 122328
1 122337
1 122346
1 122592
1 122601
1 122610
1 122784
1 122793
1 122802
1 122952
1 122961
1 122970
1 123072
1 123081
1 123090
1 123144
1 123153
1 123162
1 123171
1 123180
1 123189
1 123198
1 123207
1 123216
1 123225
1 123234
1 123243
1 123252
1 123261
1 123270
1 123279
1 123336
1 123345
1 123354
1 123363
1 123372
1 123381
1 124200
1 124209
1 124218
1 124227
1 124236
1 124245
1 124254
1 124263
1 124272
1 124281
1 124290
1 124344
1 124353
1 124362
1 124371
1 124380
1 124389
1 124488
1 124497
1 124506
1 124536
1 124545
1 124554
1 124608
1 124617
1 124626
1 125136
1 125145
1 125154
1 130296
1 130305
1 130314
1 130323
1 130332
1 130341
1 130464
1 130473
1 130482
1 131112
1 131121
1 131130
1 131160
1 131169
1 131178
1 131187
1 131196
1 131205
1 131214
1 131223
1 131232
1 131241
1 131250
1 131259
1 131268
1 131277
1 131304
1 131313
1 131322
1 131448
1 131457
1 131466
1 132264
1 132273
1 132282
1 132432
1 132441
1 132450
1 132459
1 132468
1 132477
1 132486
1 132495
1 132552
1 132561
1 132570
1 132696
1 132705
1 132714
1 132816
1 132825
1 132834
1 132843
1 132852
1 132861
1 132888
1 132897
1 132906
1 132960
1 132969
1 132978
1 133032
1 133041
1 133050
1 133248
1 133257
1 133266
1 133416
1 133425
1 133434
1 133443
1 133452
1 133461
1 133776
1 133785
1 133794
1 133803
1 133812
1 133821
1 134016
1 134025
1 134034
1 134064
1 134073
1 134082
1 138936
1 138945
1 138954
1 139032
1 139041
1 139050
1 139152
1 139161
1 139170
1 139320
1 139329
1 139338
1 139416
1 139425
1 139434
1 139464
1 139473
1 139482
1 139491
1 139500
1 139509
1 139518
1 139527
1 139536
1 139545
1 139554
1 139656
1 139665
1 139674
1 139683
1 139692
1 139701
1 139728
1 139737
1 139746
1 139872
1 139881
1 139890
1 139899
1 139908
1 139917
1 139926
1 139935
1 139944
1 139953
1 139962
1 139971
1 139980
1 139989
1 139998
1 140007
1 140112
1 140121
1 140130
1 140139
1 140148
1 140157
1 140166
1 140175
1 140184
1 140193
1 140202
1 141384
1 141393
1 141402
1 141528
1 141537
1 141546
1 141555
1 141564
1 141573
1 141768
1 141777
1 141786
1 141795
1 141804
1 141813
1 141840
1 141849
1 141858
1 141912
1 141921
1 141930
1 142056
1 142065
1 142074
1 142176
1 142185
1 142194
1 143088
1 143097
1 143106
1 148176
1 148185
1 148194
1 148632
1 148641
1 148650
1 149688
1 149697
1 149706
1 149880
1 149889
1 149898
1 150456
1 150465
1 150474
1 150600
1 150609
1 150618
1 150744
1 150753
1 150762
1 151008
1 151017
1 151026
1 151128
1 151137
1 151146
1 151656
1 151665
1 151674
1 151896
1 151905
1 151914
1 159000
1 159009
1 159018
1 159027
1 159036
1 159045
1 159054
1 159063
1 159072
1 159081
1 159090
1 159099
1 159108
1 159117
1 159126
1 159135
1 159264
1 159273
1 159282
1 160104
1 160113
1 160122
1 160200
1 160209
1 160218
1 160440
1 160449
1 160458
1 160992
1 161001
1 161010
1 165240
1 165249
1 165258
1 165288
1 165297
1 165306
1 165504
1 165513
1 165522
1 166632
1 166641
1 166650
1 166659
1 166668
1 166677
1 166686
1 166695
1 166704
1 166713
1 166722
1 166776
1 166785
1 166794
1 166848
1 166857
1 166866
1 166875
1 166884
1 166893
1 166920
1 166929
1 166938
1 167328
1 167337
1 167346
1 167400
1 167409
1 167418
1 167568
1 167577
1 167586
1 167928
1 167937
1 167946
1 168336
1 168345
1 168354
1 168432
1 168441
1 168450
1 168459
1 168468
1 168477
1 168528
1 168537
1 168546
1 168648
1 168657
1 168666
1 169008
1 169017
1 169026
1 169035
1 169044
1 169053
1 174096
1 174105
1 174114
1 174144
1 174153
1 174162
1 174408
1 174417
1 174426
1 174456
1 174465
1 174474
1 174483
1 174492
1 174501
1 174510
1 174519
1 174648
1 174657
1 174666
1 175464
1 175473
1 175482
1 175491
1 175500
1 175509
1 175518
1 175527
1 175536
1 175545
1 175554
1 175632
1 175641
1 175650
1 175659
1 175668
1 175677
1 175686
1 175695
1 176040
1 176049
1 176058
1 176160
1 176169
1 176178
1 176187
1 176196
1 176205
1 176232
1 176241
1 176250
1 176304
1 176313
1 176322
1 176331
1 176340
1 176349
1 176616
1 176625
1 176634
1 176664
1 176673
1 176682
1 177072
1 177081
1 177090
1 177168
1 177177
1 177186
1 177432
1 177441
1 177450
1 182064
1 182073
1 182082
1 182904
1 182913
1 182922
1 183024
1 183033
1 183042
1 183360
1 183369
1 183378
1 183528
1 183537
1 183546
1 184008
1 184017
1 184026
1 184035
1 184044
1 184053
1 184776
1 184785
1 184794
1 184803
1 184812
1 184821
1 185448
1 185457
1 185466
1 185880
1 185889
1 185898
1 186240
1 186249
1 186258
1 186267
1 186276
1 186285
1 191304
1 191313
1 191322
1 191712
1 191721
1 191730
1 191739
1 191748
1 191757
1 191976
1 191985
1 191994
1 192432
1 192441
1 192450
1 192459
1 192468
1 192477
1 192486
1 192495
1 192504
1 192513
1 192522
1 193104
1 193113
1 193122
1 193131
1 193140
1 193149
1 193320
1 193329
1 193338
1 193536
1 193545
1 193554
1 193563
1 193572
1 193581
1 193608
1 193617
1 193626
1 193848
1 193857
1 193866
1 193968
1 193977
1 193986
1 194016
1 194025
1 194034
1 194088
1 194097
1 194106
1 194136
1 194145
1 194154
1 194256
1 194265
1 194274
1 194283
1 194292
1 194301
1 194352
1 194361
1 194370
1 194400
1 194409
1 194418
1 194472
1 194481
1 194490
1 194640
1 194649
1 194658
1 195288
1 195297
1 195306
1 200136
1 200145
1 200154
1 200280
1 200289
1 200298
1 200496
1 200505
1 200514
1 201072
1 201081
1 201090
1 201144
1 201153
1 201162
1 202584
1 202593
1 202602
1 202611
1 202620
1 202629
1 202680
1 202689
1 202698
1 202707
1 202716
1 202725
1 202734
1 202743
1 202992
1 203001
1 203010
1 203019
1 203028
1 203037
1 203208
1 203217
1 203226
1 203400
1 203409
1 203418
1 203784
1 203793
1 203802
1 203811
1 203820
1 203829
1 204216
1 204225
1 204234
1 204243
1 204252
1 204261
1 204384
1 204393
1 204402
1 209064
1 209073
1 209082
1 209256
1 209265
1 209274
1 209352
1 209361
1 209370
1 209568
1 209577
1 209586
1 209616
1 209625
1 209634
1 209643
1 209652
1 209661
1 209670
1 209679
1 209880
1 209889
1 209898
1 209907
1 209916
1 209925
1 209934
1 209943
1 209952
1 209961
1 209970
1 209979
1 209988
1 209997
1 210006
1 210015
1 210720
1 210729
1 210738
1 210747
1 210756
1 210765
1 211272
1 211281
1 211290
1 211512
1 211521
1 211530
1 212376
1 212385
1 212394
1 213288
1 213297
1 213306
1 213315
1 213324
1 213333
1 217344
1 217353
1 217362
1 217440
1 217449
1 217458
1 217536
1 217545
1 217554
1 217800
1 217809
1 217818
1 217848
1 217857
1 217866
1 217896
1 217905
1 217914
1 218088
1 218097
1 218106
1 218304
1 218313
1 218322
1 218331
1 218340
1 218349
1 218904
1 218913
1 218922
1 218931
1 218940
1 218949
1 218958
1 218967
1 219144
1 219153
1 219162
1 219171
1 219180
1 219189
1 219576
1 219585
1 219594
1 219603
1 219612
1 219621
1 219630
1 219639
1 219840
1 219849
1 219858
1 219867
1 219876
1 219885
1 219894
1 219903
1 219936
1 219945
1 219954
1 220080
1 220089
1 220098
1 220224
1 220233
1 220242
1 220251
1 220260
1 220269
1 220296
1 220305
1 220314
1 220488
1 220497
1 220506
1 221520
1 221529
1 221538
1 221784
1 221793
1 221802
1 226920
1 226929
1 226938
1 227016
1 227025
1 227034
1 227064
1 227073
1 227082
1 227136
1 227145
1 227154
1 227928
1 227937
1 227946
1 228024
1 228033
1 228042
1 228360
1 228369
1 228378
1 228387
1 228396
1 228405
1 228432
1 228441
1 228450
1 228912
1 228921
1 228930
1 228939
1 228948
1 228957
1 229056
1 229065
1 229074
1 229512
1 229521
1 229530
1 229608
1 229617
1 229626
1 229704
1 229713
1 229722
1 229824
1 229833
1 229842
1 229896
1 229905
1 229914
1 229968
1 229977
1 229986
1 229995
1 230004
1 230013
1 230040
1 230049
1 230058
1 230067
1 230076
1 230085
1 230094
1 230103
1 235200
1 235209
1 235218
1 236112
1 236121
1 236130
1 237072
1 237081
1 237090
1 237099
1 237108
1 237117
1 237408
1 237417
1 237426
1 237435
1 237444
1 237453
1 237462
1 237471
1 237480
1 237489
1 237498
1 237507
1 237516
1 237525
1 237960
1 237969
1 237978
1 238488
1 238497
1 238506
1 238536
1 238545
1 238554
1 238608
1 238617
1 238626
1 238680
1 238689
1 238698
1 238920
1 238929
1 238938
1 239424
1 239433
1 239442
1 239544
1 239553
1 239562
1 244200
1 244209
1 244218
1 244320
1 244329
1 244338
1 244392
1 244401
1 244410
1 244419
1 244428
1 244437
1 244464
1 244473
1 244482
1 244491
1 244500
1 244509
1 244518
1 244527
1 244584
1 244593
1 244602
1 244704
1 244713
1 244722
1 244731
1 244740
1 244749
1 244758
1 244767
1 244776
1 244785
1 244794
1 245856
1 245865
1 245874
1 245883
1 245892
1 245901
1 245910
1 245919
1 245928
1 245937
1 245946
1 245955
1 245964
1 245973
1 246120
1 246129
1 246138
1 246216
1 246225
1 246234
1 246288
1 246297
1 246306
1 246315
1 246324
1 246333
1 246342
1 246351
1 246360
1 246369
1 246378
1 246744
1 246753
1 246762
1 246816
1 246825
1 246834
1 246960
1 246969
1 246978
1 247080
1 247089
1 247098
1 247176
1 247185
1 247194
1 247248
1 247257
1 247266
1 247275
1 247284
1 247293
1 247488
1 247497
1 247506
1 247728
1 247737
1 247746
1 247755
1 247764
1 247773
1 247782
1 247791
1 247848
1 247857
1 247866
1 248304
1 248313
1 248322
1 248331
1 248340
1 248349
1 252888
1 252897
1 252906
1 252960
1 252969
1 252978
1 252987
1 252996
1 253005
1 253032
1 253041
1 253050
1 253128
1 253137
1 253146
1 253155
1 253164
1 253173
1 253182
1 253191
1 253200
1 253209
1 253218
1 253272
1 253281
1 253290
1 253299
1 253308
1 253317
1 253326
1 253335
1 253488
1 253497
1 253506
1 253515
1 253524
1 253533
1 253542
1 253551
1 253560
1 253569
1 253578
1 254928
1 254937
1 254946
1 255504
1 255513
1 255522
1 255768
1 255777
1 255786
1 255795
1 255804
1 255813
1 256104
1 256113
1 256122
1 256131
1 256140
1 256149
1 256248
1 256257
1 256266
1 256560
1 256569
1 256578
1 256632
1 256641
1 256650
1 256728
1 256737
1 256746
1 256755
1 256764
1 256773
1 256968
1 256977
1 256986
1 257016
1 257025
1 257034
1 261648
1 261657
1 261666
1 262104
1 262113
1 262122
1 262152
1 262161
1 262170
1 262440
1 262449
1 262458
1 262467
1 262476
1 262485
1 262896
1 262905
1 262914
1 263040
1 263049
1 263058
1 263136
1 263145
1 263154
1 263163
1 263172
1 263181
1 263232
1 263241
1 263250
1 263376
1 263385
1 263394
1 263640
1 263649
1 263658
1 263667
1 263676
1 263685
1 263832
1 263841
1 263850
1 264024
1 264033
1 264042
1 264096
1 264105
1 264114
1 264288
1 264297
1 264306
1 264504
1 264513
1 264522
1 264720
1 264729
1 264738
1 264768
1 264777
1 264786
1 264864
1 264873
1 264882
1 264960
1 264969
1 264978
1 269976
1 269985
1 269994
1 270048
1 270057
1 270066
1 270696
1 270705
1 270714
1 270984
1 270993
1 271002
1 271011
1 271020
1 271029
1 271104
1 271113
1 271122
1 271560
1 271569
1 271578
1 271587
1 271596
1 271605
1 271614
1 271623
1 271632
1 271641
1 271650
1 271920
1 271929
1 271938
1 272160
1 272169
1 272178
1 272187
1 272196
1 272205
1 272304
1 272313
1 272322
1 272400
1 272409
1 272418
1 272520
1 272529
1 272538
1 272736
1 272745
1 272754
1 273648
1 273657
1 273666
1 273744
1 273753
1 273762
1 273771
1 273780
1 273789
1 273840
1 273849
1 273858
1 274056
1 274065
1 274074
1 274176
1 274185
1 274194
1 274728
1 274737
1 274746
1 278976
1 278985
1 278994
1 279480
1 279489
1 279498
1 279576
1 279585
1 279594
1 280728
1 280737
1 280746
1 280755
1 280764
1 280773
1 280782
1 280791
1 280800
1 280809
1 280818
1 281088
1 281097
1 281106
1 281115
1 281124
1 281133
1 281142
1 281151
1 281520
1 281529
1 281538
1 281616
1 281625
1 281634
1 281643
1 281652
1 281661
1 281670
1 281679
1 281688
1 281697
1 281706
1 281904
1 281913
1 281922
1 281931
1 281940
1 281949
1 282000
1 282009
1 282018
1 282048
1 282057
1 282066
1 282075
1 282084
1 282093
1 282168
1 282177
1 282186
1 282216
1 282225
1 282234
1 282360
1 282369
1 282378
1 282408
1 282417
1 282426
1 282435
1 282444
1 282453
1 282840
1 282849
1 282858
1 288384
1 288393
1 288402
1 288432
1 288441
1 288450
1 288528
1 288537
1 288546
1 288555
1 288564
1 288573
1 288696
1 288705
1 288714
1 288723
1 288732
1 288741
1 288750
1 288759
1 289200
1 289209
1 289218
1 289320
1 289329
1 289338
1 289347
1 289356
1 289365
1 289374
1 289383
1 289728
1 289737
1 289746
1 289848
1 289857
1 289866
1 289875
1 289884
1 289893
1 289902
1 289911
1 289968
1 289977
1 289986
1 289995
1 290004
1 290013
1 290088
1 290097
1 290106
1 290448
1 290457
1 290466
1 290475
1 290484
1 290493
1 290502
1 290511
1 290520
1 290529
1 290538
1 290664
1 290673
1 290682
1 290712
1 290721
1 290730
1 290856
1 290865
1 290874
1 290928
1 290937
1 290946
1 290976
1 290985
1 290994
1 291072
1 291081
1 291090
1 291120
1 291129
1 291138
1 291240
1 291249
1 291258
1 291312
1 291321
1 291330
1 291384
1 291393
1 291402
1 297000
1 297009
1 297018
1 297216
1 297225
1 297234
1 297408
1 297417
1 297426
1 297435
1 297444
1 297453
1 297462
1 297471
1 297480
1 297489
1 297498
1 298488
1 298497
1 298506
1 298515
1 298524
1 298533
1 298824
1 298833
1 298842
1 299304
1 299313
1 299322
1 299331
1 299340
1 299349
1 299358
1 299367
1 299376
1 299385
1 299394
1 299424
1 299433
1 299442
1 299451
1 299460
1 299469
1 299544
1 299553
1 299562
1 299904
1 299913
1 299922
1 300096
1 300105
1 300114
1 300144
1 300153
1 300162
1 300360
1 300369
1 300378
1 300408
1 300417
1 300426
1 300456
1 300465
1 300474
1 300483
1 300492
1 300501
1 300510
1 300519
1 300528
1 300537
1 300546
1 300648
1 300657
1 300666
1 304992
1 305001
1 305010
1 305112
1 305121
1 305130
1 305184
1 305193
1 305202
1 305568
1 305577
1 305586
1 305616
1 305625
1 305634
1 305643
1 305652
1 305661
1 305736
1 305745
1 305754
1 305763
1 305772
1 305781
1 305928
1 305937
1 305946
1 306576
1 306585
1 306594
1 306792
1 306801
1 306810
1 306819
1 306828
1 306837
1 306846
1 306855
1 306864
1 306873
1 306882
1 306912
1 306921
1 306930
1 306939
1 306948
1 306957
1 307008
1 307017
1 307026
1 307056
1 307065
1 307074
1 307344
1 307353
1 307362
1 307536
1 307545
1 307554
1 307656
1 307665
1 307674
1 307683
1 307692
1 307701
1 307800
1 307809
1 307818
1 307872
1 307881
1 307890
1 307899
1 307908
1 307917
1 307926
1 307935
1 307944
1 307953
1 307962
1 307971
1 307980
1 307989
1 308160
1 308169
1 308178
1 308520
1 308529
1 308538
1 308664
1 308673
1 308682
1 308691
1 308700
1 308709
1 308904
1 308913
1 308922
1 309072
1 309081
1 309090
1 314184
1 314193
1 314202
1 315576
1 315585
1 315594
1 315603
1 315612
1 315621
1 315630
1 315639
1 315672
1 315681
1 315690
1 315768
1 315777
1 315786
1 315888
1 315897
1 315906
1 316128
1 316137
1 316146
1 316248
1 316257
1 316266
1 316320
1 316329
1 316338
1 316440
1 316449
1 316458
1 316467
1 316476
1 316485
1 316584
1 316593
1 316602
1 316611
1 316620
1 316629
1 316944
1 316953
1 316962
1 317136
1 317145
1 317154
1 317163
1 317172
1 317181
1 317190
1 317199
1 317424
1 317433
1 317442
1 317640
1 317649
1 317658
1 317667
1 317676
1 317685
1 317880
1 317889
1 317898
1 323712
1 323721
1 323730
1 323739
1 323748
1 323757
1 323952
1 323961
1 323970
1 324024
1 324033
1 324042
1 324192
1 324201
1 324210
1 324219
1 324228
1 324237
1 324288
1 324297
1 324306
1 324315
1 324324
1 324333
1 324342
1 324351
1 325368
1 325377
1 325386
1 325440
1 325449
1 325458
1 325536
1 325545
1 325554
1 325800
1 325809
1 325818
1 325827
1 325836
1 325845
1 325854
1 325863
1 326304
1 326313
1 326322
1 326568
1 326577
1 326586
1 332040
1 332049
1 332058
1 332304
1 332313
1 332322
1 332331
1 332340
1 332349
1 332358
1 332367
1 332376
1 332385
1 332394
1 332403
1 332412
1 332421
1 332568
1 332577
1 332586
1 332595
1 332604
1 332613
1 332688
1 332697
1 332706
1 332784
1 332793
1 332802
1 332811
1 332820
1 332829
1 333384
1 333393
1 333402
1 333432
1 333441
1 333450
1 333576
1 333585
1 333594
1 333624
1 333633
1 333642
1 333720
1 333729
1 333738
1 333792
1 333801
1 333810
1 333819
1 333828
1 333837
1 333864
1 333873
1 333882
1 333936
1 333945
1 333954
1 333963
1 333972
1 333981
1 333990
1 333999
1 334032
1 334041
1 334050
1 334272
1 334281
1 334290
1 334320
1 334329
1 334338
1 334347
1 334356
1 334365
1 334896
1 334905
1 334914
1 334923
1 334932
1 334941
1 335088
1 335097
1 335106
1 335115
1 335124
1 335133
1 340392
1 340401
1 340410
1 340419
1 340428
1 340437
1 340656
1 340665
1 340674
1 340920
1 340929
1 340938
1 341256
1 341265
1 341274
1 341520
1 341529
1 341538
1 341664
1 341673
1 341682
1 341712
1 341721
1 341730
1 342384
1 342393
1 342402
1 342552
1 342561
1 342570
1 342768
1 342777
1 342786
1 343032
1 343041
1 343050
1 343059
1 343068
1 343077
1 343128
1 343137
1 343146
1 343368
1 343377
1 343386
1 343416
1 343425
1 343434
1 343464
1 343473
1 343482
1 343560
1 343569
1 343578
1 343587
1 343596
1 343605
1 343776
1 343785
1 343794
1 343803
1 343812
1 343821
1 344520
1 344529
1 344538
1 344688
1 344697
1 344706
1 344760
1 344769
1 344778
1 344787
1 344796
1 344805
1 344814
1 344823
1 344832
1 344841
1 344850
1 348768
1 348777
1 348786
1 349560
1 349569
1 349578
1 349704
1 349713
1 349722
1 351144
1 351153
1 351162
1 351216
1 351225
1 351234
1 351243
1 351252
1 351261
1 351480
1 351489
1 351498
1 351600
1 351609
1 351618
1 351627
1 351636
1 351645
1 351654
1 351663
1 351672
1 351681
1 351690
1 351699
1 351708
1 351717
1 351726
1 351735
1 351744
1 351753
1 351762
1 351792
1 351801
1 351810
1 351819
1 351828
1 351837
1 351912
1 351921
1 351930
1 352104
1 352113
1 352122
1 352200
1 352209
1 352218
1 352632
1 352641
1 352650
1 352848
1 352857
1 352866
1 358104
1 358113
1 358122
1 358464
1 358473
1 358482
1 358491
1 358500
1 358509
1 358518
1 358527
1 358656
1 358665
1 358674
1 358683
1 358692
1 358701
1 359040
1 359049
1 359058
1 359067
1 359076
1 359085
1 359112
1 359121
1 359130
1 359184
1 359193
1 359202
1 359424
1 359433
1 359442
1 359520
1 359529
1 359538
1 359640
1 359649
1 359658
1 359667
1 359676
1 359685
1 359784
1 359793
1 359802
1 360144
1 360153
1 360162
1 360171
1 360180
1 360189
1 360480
1 360489
1 360498
1 360624
1 360633
1 360642
1 360792
1 360801
1 360810
1 360864
1 360873
1 360882
1 360936
1 360945
1 360954
1 361008
1 361017
1 361026
1 361224
1 361233
1 361242
1 361296
1 361305
1 361314
1 361416
1 361425
1 361434
1 362280
1 362289
1 362298
1 367152
1 367161
1 367170
1 367179
1 367188
1 367197
1 367368
1 367377
1 367386
1 367416
1 367425
1 367434
1 367443
1 367452
1 367461
1 367872
1 367881
1 367890
1 367968
1 367977
1 367986
1 368040
1 368049
1 368058
1 368256
1 368265
1 368274
1 368472
1 368481
1 368490
1 368499
1 368508
1 368517
1 368568
1 368577
1 368586
1 368784
1 368793
1 368802
1 368880
1 368889
1 368898
1 368976
1 368985
1 368994
1 369003
1 369012
1 369021
1 369360
1 369369
1 369378
1 369387
1 369396
1 369405
1 369864
1 369873
1 369882
1 369891
1 369900
1 369909
1 370224
1 370233
1 370242
1 370251
1 370260
1 370269
1 370320
1 370329
1 370338
1 370512
1 370521
1 370530
1 370539
1 370548
1 370557
1 370752
1 370761
1 370770
1 370779
1 370788
1 370797
1 370806
1 370815
1 375192
1 375201
1 375210
1 375408
1 375417
1 375426
1 375456
1 375465
1 375474
1 375600
1 375609
1 375618
1 375648
1 375657
1 375666
1 375768
1 375777
1 375786
1 375795
1 375804
1 375813
1 375936
1 375945
1 375954
1 375984
1 375993
1 376002
1 376104
1 376113
1 376122
1 376131
1 376140
1 376149
1 376158
1 376167
1 376200
1 376209
1 376218
1 376248
1 376257
1 376266
1 376296
1 376305
1 376314
1 376323
1 376332
1 376341
1 376350
1 376359
1 376368
1 376377
1 376386
1 376395
1 376404
1 376413
1 376512
1 376521
1 376530
1 376539
1 376548
1 376557
1 377040
1 377049
1 377058
1 377067
1 377076
1 377085
1 377112
1 377121
1 377130
1 377616
1 377625
1 377634
1 377643
1 377652
1 377661
1 377832
1 377841
1 377850
1 378096
1 378105
1 378114
1 378264
1 378273
1 378282
1 378360
1 378369
1 378378
1 378504
1 378513
1 378522
1 378576
1 378585
1 378594
1 378720
1 378729
1 378738
1 378864
1 378873
1 378882
1 378936
1 378945
1 378954
1 379272
1 379281
1 379290
1 379344
1 379353
1 379362
1 379440
1 379449
1 379458
1 379467
1 379476
1 379485
1 384624
1 384633
1 384642
1 384651
1 384660
1 384669
1 384678
1 384687
1 384720
1 384729
1 384738
1 384768
1 384777
1 384786
1 384960
1 384969
1 384978
1 385008
1 385017
1 385026
1 385035
1 385044
1 385053
1 385200
1 385209
1 385218
1 385227
1 385236
1 385245
1 385344
1 385353
1 385362
1 385416
1 385425
1 385434
1 385656
1 385665
1 385674
1 385944
1 385953
1 385962
1 385971
1 385980
1 385989
1 386016
1 386025
1 386034
1 386043
1 386052
1 386061
1 386088
1 386097
1 386106
1 386115
1 386124
1 386133
1 386784
1 386793
1 386802
1 386928
1 386937
1 386946
1 386976
1 386985
1 386994
1 387096
1 387105
1 387114
1 387168
1 387177
1 387186
1 387360
1 387369
1 387378
1 387552
1 387561
1 387570
1 387648
1 387657
1 387666
1 387792
1 387801
1 387810
1 387960
1 387969
1 387978
1 393456
1 393465
1 393474
1 393792
1 393801
1 393810
1 393936
1 393945
1 393954
1 394032
1 394041
1 394050
1 394656
1 394665
1 394674
1 394683
1 394692
1 394701
1 394710
1 394719
1 394800
1 394809
1 394818
1 395016
1 395025
1 395034
1 395160
1 395169
1 395178
1 395187
1 395196
1 395205
1 395256
1 395265
1 395274
1 395283
1 395292
1 395301
1 395310
1 395319
1 395328
1 395337
1 395346
1 395496
1 395505
1 395514
1 395832
1 395841
1 395850
1 395859
1 395868
1 395877
1 395886
1 395895
1 395928
1 395937
1 395946
1 395955
1 395964
1 395973
1 395982
1 395991
1 396000
1 396009
1 396018
1 396120
1 396129
1 396138
1 396147
1 396156
1 396165
1 396174
1 396183
1 396192
1 396201
1 396210
1 396219
1 396228
1 396237
1 396264
1 396273
1 396282
1 396291
1 396300
1 396309
1 396696
1 396705
1 396714
1 396984
1 396993
1 397002
1 401736
1 401745
1 401754
1 402096
1 402105
1 402114
1 402240
1 402249
1 402258
1 402360
1 402369
1 402378
1 402387
1 402396
1 402405
1 402504
1 402513
1 402522
1 402840
1 402849
1 402858
1 402888
1 402897
1 402906
1 402915
1 402924
1 402933
1 402984
1 402993
1 403002
1 403128
1 403137
1 403146
1 403224
1 403233
1 403242
1 403416
1 403425
1 403434
1 403560
1 403569
1 403578
1 403587
1 403596
1 403605
1 403614
1 403623
1 404064
1 404073
1 404082
1 404091
1 404100
1 404109
1 404256
1 404265
1 404274
1 404283
1 404292
1 404301
1 404310
1 404319
1 404400
1 404409
1 404418
1 404616
1 404625
1 404634
1 404760
1 404769
1 404778
1 404808
1 404817
1 404826
1 410760
1 410769
1 410778
1 410832
1 410841
1 410850
1 411456
1 411465
1 411474
1 411552
1 411561
1 411570
1 411579
1 411588
1 411597
1 411744
1 411753
1 411762
1 411792
1 411801
1 411810
1 411864
1 411873
1 411882
1 411891
1 411900
1 411909
1 411936
1 411945
1 411954
1 411963
1 411972
1 411981
1 411990
1 411999
1 412032
1 412041
1 412050
1 412128
1 412137
1 412146
1 412392
1 412401
1 412410
1 412944
1 412953
1 412962
1 412971
1 412980
1 412989
1 412998
1 413007
1 413016
1 413025
1 413034
1 413112
1 413121
1 413130
1 413184
1 413193
1 413202
1 413280
1 413289
1 413298
1 413424
1 413433
1 413442
1 413592
1 413601
1 413610
1 413832
1 413841
1 413850
1 414144
1 414153
1 414162
1 419496
1 419505
1 419514
1 419523
1 419532
1 419541
1 419688
1 419697
1 419706
1 421128
1 421137
1 421146
1 421155
1 421164
1 421173
1 421344
1 421353
1 421362
1 421392
1 421401
1 421410
1 421728
1 421737
1 421746
1 421824
1 421833
1 421842
1 421896
1 421905
1 421914
1 421923
1 421932
1 421941
1 422040
1 422049
1 422058
1 422067
1 422076
1 422085
1 422094
1 422103
1 422136
1 422145
1 422154
1 422232
1 422241
1 422250
1 422304
1 422313
1 422322
1 422331
1 422340
1 422349
1 422424
1 422433
1 422442
1 422544
1 422553
1 422562
1 428760
1 428769
1 428778
1 428832
1 428841
1 428850
1 428904
1 428913
1 428922
1 428931
1 428940
1 428949
1 428958
1 428967
1 428976
1 428985
1 428994
1 430296
1 430305
1 430314
1 430323
1 430332
1 430341
1 430536
1 430545
1 430554
1 430776
1 430785
1 430794
1 430803
1 430812
1 430821
1 430872
1 430881
1 430890
1 431160
1 431169
1 431178
1 431187
1 431196
1 431205
1 431760
1 431769
1 431778
1 431856
1 431865
1 431874
1 436944
1 436953
1 436962
1 436971
1 436980
1 436989
1 436998
1 437007
1 437064
1 437073
1 437082
1 437091
1 437100
1 437109
1 437118
1 437127
1 437184
1 437193
1 437202
1 437376
1 437385
1 437394
1 437403
1 437412
1 437421
1 437430
1 437439
1 437664
1 437673
1 437682
1 438648
1 438657
1 438666
1 438816
1 438825
1 438834
1 438960
1 438969
1 438978
1 438987
1 438996
1 439005
1 439014
1 439023
1 439032
1 439041
1 439050
1 439152
1 439161
1 439170
1 439179
1 439188
1 439197
1 439416
1 439425
1 439434
1 439443
1 439452
1 439461
1 439632
1 439641
1 439650
1 439896
1 439905
1 439914
1 440016
1 440025
1 440034
1 440064
1 440073
1 440082
1 440184
1 440193
1 440202
1 440280
1 440289
1 440298
1 440307
1 440316
1 440325
1 440334
1 440343
1 440736
1 440745
1 440754
1 440784
1 440793
1 440802
1 440811
1 440820
1 440829
1 440856
1 440865
1 440874
1 440928
1 440937
1 440946
1 440976
1 440985
1 440994
1 445464
1 445473
1 445482
1 446256
1 446265
1 446274
1 446304
1 446313
1 446322
1 446331
1 446340
1 446349
1 446784
1 446793
1 446802
1 446880
1 446889
1 446898
1 447120
1 447129
1 447138
1 447147
1 447156
1 447165
1 447408
1 447417
1 447426
1 447576
1 447585
1 447594
1 447603
1 447612
1 447621
1 448200
1 448209
1 448218
1 448227
1 448236
1 448245
1 448416
1 448425
1 448434
1 448728
1 448737
1 448746
1 448755
1 448764
1 448773
1 448872
1 448881
1 448890
1 449520
1 449529
1 449538
1 454704
1 454713
1 454722
1 454920
1 454929
1 454938
1 454947
1 454956
1 454965
1 455304
1 455313
1 455322
1 455592
1 455601
1 455610
1 455784
1 455793
1 455802
1 455904
1 455913
1 455922
1 455931
1 455940
1 455949
1 455958
1 455967
1 456000
1 456009
1 456018
1 456120
1 456129
1 456138
1 456147
1 456156
1 456165
1 456456
1 456465
1 456474
1 456483
1 456492
1 456501
1 457104
1 457113
1 457122
1 457131
1 457140
1 457149
1 457176
1 457185
1 457194
1 457203
1 457212
1 457221
1 457296
1 457305
1 457314
1 457344
1 457353
1 457362
1 458088
1 458097
1 458106
1 458160
1 458169
1 458178
1 463008
1 463017
1 463026
1 463104
1 463113
1 463122
1 463131
1 463140
1 463149
1 463158
1 463167
1 463296
1 463305
1 463314
1 463323
1 463332
1 463341
1 463368
1 463377
1 463386
1 463395
1 463404
1 463413
1 463422
1 463431
1 463464
1 463473
1 463482
1 463491
1 463500
1 463509
1 463518
1 463527
1 463536
1 463545
1 463554
1 463848
1 463857
1 463866
1 463875
1 463884
1 463893
1 464136
1 464145
1 464154
1 464163
1 464172
1 464181
1 464190
1 464199
1 464208
1 464217
1 464226
1 464280
1 464289
1 464298
1 464448
1 464457
1 464466
1 464664
1 464673
1 464682
1 464691
1 464700
1 464709
1 465144
1 465153
1 465162
1 465192
1 465201
1 465210
1 465219
1 465228
1 465237
1 465246
1 465255
1 465264
1 465273
1 465282
1 465792
1 465801
1 465810
1 465912
1 465921
1 465930
1 466176
1 466185
1 466194
1 466203
1 466212
1 466221
1 466230
1 466239
1 466248
1 466257
1 466266
1 466440
1 466449
1 466458
1 466467
1 466476
1 466485
1 466494
1 466503
1 466728
1 466737
1 466746
1 466776
1 466785
1 466794
1 467016
1 467025
1 467034
1 471624
1 471633
1 471642
1 471651
1 471660
1 471669
1 472536
1 472545
1 472554
1 472563
1 472572
1 472581
1 473712
1 473721
1 473730
1 474120
1 474129
1 474138
1 474216
1 474225
1 474234
1 474243
1 474252
1 474261
1 474270
1 474279
1 474480
1 474489
1 474498
1 474528
1 474537
1 474546
1 474840
1 474849
1 474858
1 474960
1 474969
1 474978
1 475320
1 475329
1 475338
1 475464
1 475473
1 475482
1 475491
1 475500
1 475509
1 475896
1 475905
1 475914
1 480624
1 480633
1 480642
1 481152
1 481161
1 481170
1 481179
1 481188
1 481197
1 481206
1 481215
1 481296
1 481305
1 481314
1 481512
1 481521
1 481530
1 481539
1 481548
1 481557
1 481776
1 481785
1 481794
1 481803
1 481812
1 481821
1 482304
1 482313
1 482322
1 482784
1 482793
1 482802
1 482832
1 482841
1 482850
1 483072
1 483081
1 483090
1 489456
1 489465
1 489474
1 489483
1 489492
1 489501
1 489672
1 489681
1 489690
1 489912
1 489921
1 489930
1 489960
1 489969
1 489978
1 490152
1 490161
1 490170
1 490248
1 490257
1 490266
1 490800
1 490809
1 490818
1 490920
1 490929
1 490938
1 491112
1 491121
1 491130
1 491139
1 491148
1 491157
1 492072
1 492081
1 492090
1 492144
1 492153
1 492162
1 492240
1 492249
1 492258
1 492384
1 492393
1 492402
1 492432
1 492441
1 492450
1 492600
1 492609
1 492618
1 492627
1 492636
1 492645
1 498288
1 498297
1 498306
1 498336
1 498345
1 498354
1 498384
1 498393
1 498402
1 498456
1 498465
1 498474
1 498504
1 498513
1 498522
1 498672
1 498681
1 498690
1 498699
1 498708
1 498717
1 498726
1 498735
1 498816
1 498825
1 498834
1 499080
1 499089
1 499098
1 499152
1 499161
1 499170
1 499179
1 499188
1 499197
1 499206
1 499215
1 499272
1 499281
1 499290
1 499512
1 499521
1 499530
1 499584
1 499593
1 499602
1 500064
1 500073
1 500082
1 500280
1 500289
1 500298
1 500328
1 500337
1 500346
1 500544
1 500553
1 500562
1 500571
1 500580
1 500589
1 500712
1 500721
1 500730
1 500739
1 500748
1 500757
1 501096
1 501105
1 501114
1 501123
1 501132
1 501141
1 501240
1 501249
1 501258
1 501336
1 501345
1 501354
1 501480
1 501489
1 501498
1 501528
1 501537
1 501546
1 501600
1 501609
1 501618
1 501627
1 501636
1 501645
1 501720
1 501729
1 501738
1 501792
1 501801
1 501810
1 501936
1 501945
1 501954
1 501963
1 501972
1 501981
1 506904
1 506913
1 506922
1 507624
1 507633
1 507642
1 507651
1 507660
1 507669
1 507678
1 507687
1 507984
1 507993
1 508002
1 508011
1 508020
1 508029
1 508080
1 508089
1 508098
1 508107
1 508116
1 508125
1 508152
1 508161
1 508170
1 508200
1 508209
1 508218
1 508296
1 508305
1 508314
1 508512
1 508521
1 508530
1 508539
1 508548
1 508557
1 508566
1 508575
1 508584
1 508593
1 508602
1 508611
1 508620
1 508629
1 509088
1 509097
1 509106
1 509136
1 509145
1 509154
1 509184
1 509193
1 509202
1 509211
1 509220
1 509229
1 509256
1 509265
1 509274
1 509328
1 509337
1 509346
1 509376
1 509385
1 509394
1 509544
1 509553
1 509562
1 509571
1 509580
1 509589
1 509760
1 509769
1 509778
1 509808
1 509817
1 509826
1 509835
1 509844
1 509853
1 509862
1 509871
1 510072
1 510081
1 510090
1 510168
1 510177
1 510186
1 510195
1 510204
1 510213
1 510312
1 510321
1 510330
1 516120
1 516129
1 516138
1 516147
1 516156
1 516165
1 516336
1 516345
1 516354
1 516624
1 516633
1 516642
1 516672
1 516681
1 516690
1 516699
1 516708
1 516717
1 516726
1 516735
1 516984
1 516993
1 517002
1 517104
1 517113
1 517122
1 517368
1 517377
1 517386
1 517395
1 517404
1 517413
1 517440
1 517449
1 517458
1 517896
1 517905
1 517914
1 518088
1 518097
1 518106
1 518184
1 518193
1 518202
1 518352
1 518361
1 518370
1 518379
1 518388
1 518397
1 518406
1 518415
1 518496
1 518505
1 518514
1 518523
1 518532
1 518541
1 518592
1 518601
1 518610
1 524136
1 524145
1 524154
1 524163
1 524172
1 524181
1 524808
1 524817
1 524826
1 524976
1 524985
1 524994
1 525072
1 525081
1 525090
1 525099
1 525108
1 525117
1 525168
1 525177
1 525186
1 525912
1 525921
1 525930
1 526344
1 526353
1 526362
1 526584
1 526593
1 526602
1 526728
1 526737
1 526746
1 526755
1 526764
1 526773
1 527016
1 527025
1 527034
1 527088
1 527097
1 527106
1 527232
1 527241
1 527250
1 527259
1 527268
1 527277
1 527592
1 527601
1 527610
1 527736
1 527745
1 527754
1 528216
1 528225
1 528234
1 528243
1 528252
1 528261
1 528336
1 528345
1 528354
1 528363
1 528372
1 528381
1 528504
1 528513
1 528522
1 533664
1 533673
1 533682
1 533784
1 533793
1 533802
1 533811
1 533820
1 533829
1 533838
1 533847
1 533856
1 533865
1 533874
1 533883
1 533892
1 533901
1 534120
1 534129
1 534138
1 534147
1 534156
1 534165
1 534192
1 534201
1 534210
1 534768
1 534777
1 534786
1 535200
1 535209
1 535218
1 535272
1 535281
1 535290
1 535344
1 535353
1 535362
1 535392
1 535401
1 535410
1 535464
1 535473
1 535482
1 535584
1 535593
1 535602
1 535632
1 535641
1 535650
1 536040
1 536049
1 536058
1 536112
1 536121
1 536130
1 536232
1 536241
1 536250
1 536352
1 536361
1 536370
1 536400
1 536409
1 536418
1 536427
1 536436
1 536445
1 536664
1 536673
1 536682
1 536736
1 536745
1 536754
1 536763
1 536772
1 536781
1 536790
1 536799
1 536832
1 536841
1 536850
1 542160
1 542169
1 542178
1 542472
1 542481
1 542490
1 542640
1 542649
1 542658
1 542667
1 542676
1 542685
1 542856
1 542865
1 542874
1 542883
1 542892
1 542901
1 542952
1 542961
1 542970
1 543480
1 543489
1 543498
1 543552
1 543561
1 543570
1 543579
1 543588
1 543597
1 543606
1 543615
1 543624
1 543633
1 543642
1 543651
1 543660
1 543669
1 543678
1 543687
1 543768
1 543777
1 543786
1 543816
1 543825
1 543834
1 543888
1 543897
1 543906
1 544056
1 544065
1 544074
1 544128
1 544137
1 544146
1 544512
1 544521
1 544530
1 544539
1 544548
1 544557
1 544656
1 544665
1 544674
1 544728
1 544737
1 544746
1 544920
1 544929
1 544938
1 544947
1 544956
1 544965
1 545136
1 545145
1 545154
1 545163
1 545172
1 545181
1 545190
1 545199
1 545208
1 545217
1 545226
1 545256
1 545265
1 545274
1 551568
1 551577
1 551586
1 551595
1 551604
1 551613
1 551736
1 551745
1 551754
1 551763
1 551772
1 551781
1 551790
1 551799
1 551808
1 551817
1 551826
1 551835
1 551844
1 551853
1 551862
1 551871
1 552360
1 552369
1 552378
1 552387
1 552396
1 552405
1 552414
1 552423
1 552600
1 552609
1 552618
1 552627
1 552636
1 552645
1 552654
1 552663
1 552840
1 552849
1 552858
1 552867
1 552876
1 552885
1 552912
1 552921
1 552930
1 552939
1 552948
1 552957
1 553008
1 553017
1 553026
1 553104
1 553113
1 553122
1 553131
1 553140
1 553149
1 553158
1 553167
1 553176
1 553185
1 553194
1 553392
1 553401
1 553410
1 553419
1 553428
1 553437
1 553464
1 553473
1 553482
1 553584
1 553593
1 553602
1 553872
1 553881
1 553890
1 553899
1 553908
1 553917
1 553926
1 553935
1 553968
1 553977
1 553986
1 554112
1 554121
1 554130
1 560088
1 560097
1 560106
1 560115
1 560124
1 560133
1 560184
1 560193
1 560202
1 560211
1 560220
1 560229
1 560424
1 560433
1 560442
1 560496
1 560505
1 560514
1 560544
1 560553
1 560562
1 560571
1 560580
1 560589
1 560616
1 560625
1 560634
1 560688
1 560697
1 560706
1 560715
1 560724
1 560733
1 560808
1 560817
1 560826
1 560856
1 560865
1 560874
1 560928
1 560937
1 560946
1 561384
1 561393
1 561402
1 561411
1 561420
1 561429
1 561438
1 561447
1 561600
1 561609
1 561618
1 561627
1 561636
1 561645
1 561744
1 561753
1 561762
1 561960
1 561969
1 561978
1 562176
1 562185
1 562194
1 562224
1 562233
1 562242
1 562251
1 562260
1 562269
1 562278
1 562287
1 562368
1 562377
1 562386
1 562464
1 562473
1 562482
1 562728
1 562737
1 562746
1 562992
1 563001
1 563010
1 563760
1 563769
1 563778
1 568416
1 568425
1 568434
1 568728
1 568737
1 568746
1 569016
1 569025
1 569034
1 569328
1 569337
1 569346
1 569355
1 569364
1 569373
1 569448
1 569457
1 569466
1 570000
1 570009
1 570018
1 570120
1 570129
1 570138
1 570147
1 570156
1 570165
1 570216
1 570225
1 570234
1 570243
1 570252
1 570261
1 570270
1 570279
1 570336
1 570345
1 570354
1 570864
1 570873
1 570882
1 570891
1 570900
1 570909
1 570936
1 570945
1 570954
1 570984
1 570993
1 571002
1 571080
1 571089
1 571098
1 571107
1 571116
1 571125
1 571296
1 571305
1 571314
1 571323
1 571332
1 571341
1 571350
1 571359
1 571488
1 571497
1 571506
1 571515
1 571524
1 571533
1 571542
1 571551
1 571800
1 571809
1 571818
1 571848
1 571857
1 571866
1 577368
1 577377
1 577386
1 577395
1 577404
1 577413
1 577464
1 577473
1 577482
1 577491
1 577500
1 577509
1 577536
1 577545
1 577554
1 577563
1 577572
1 577581
1 577824
1 577833
1 577842
1 577920
1 577929
1 577938
1 577947
1 577956
1 577965
1 578208
1 578217
1 578226
1 578280
1 578289
1 578298
1 578352
1 578361
1 578370
1 578379
1 578388
1 578397
1 578406
1 578415
1 578664
1 578673
1 578682
1 578712
1 578721
1 578730
1 578832
1 578841
1 578850
1 578859
1 578868
1 578877
1 578886
1 578895
1 578928
1 578937
1 578946
1 578955
1 578964
1 578973
1 579072
1 579081
1 579090
1 579099
1 579108
1 579117
1 579432
1 579441
1 579450
1 579480
1 579489
1 579498
1 579576
1 579585
1 579594
1 579603
1 579612
1 579621
1 580728
1 580737
1 580746
1 585936
1 585945
1 585954
1 585984
1 585993
1 586002
1 586011
1 586020
1 586029
1 586248
1 586257
1 586266
1 586275
1 586284
1 586293
1 586302
1 586311
1 586320
1 586329
1 586338
1 586347
1 586356
1 586365
1 586392
1 586401
1 586410
1 586419
1 586428
1 586437
1 586728
1 586737
1 586746
1 586755
1 586764
1 586773
1 586782
1 586791
1 586824
1 586833
1 586842
1 586920
1 586929
1 586938
1 586947
1 586956
1 586965
1 586974
1 586983
1 587112
1 587121
1 587130
1 587139
1 587148
1 587157
1 587208
1 587217
1 587226
1 587640
1 587649
1 587658
1 587667
1 587676
1 587685
1 587760
1 587769
1 587778
1 587787
1 587796
1 587805
1 587856
1 587865
1 587874
1 588000
1 588009
1 588018
1 588120
1 588129
1 588138
1 588147
1 588156
1 588165
1 588174
1 588183
1 588192
1 588201
1 588210
1 588336
1 588345
1 588354
1 588363
1 588372
1 588381
1 588480
1 588489
1 588498
1 588507
1 588516
1 588525
1 588672
1 588681
1 588690
1 588744
1 588753
1 588762
1 588771
1 588780
1 588789
1 588816
1 588825
1 588834
1 588912
1 588921
1 588930
1 589032
1 589041
1 589050
1 589059
1 589068
1 589077
1 589224
1 589233
1 589242
1 589368
1 589377
1 589386
1 589395
1 589404
1 589413
1 594888
1 594897
1 594906
1 595008
1 595017
1 595026
1 595296
1 595305
1 595314
1 595464
1 595473
1 595482
1 595584
1 595593
1 595602
1 595632
1 595641
1 595650
1 595659
1 595668
1 595677
1 595704
1 595713
1 595722
1 595848
1 595857
1 595866
1 595875
1 595884
1 595893
1 596352
1 596361
1 596370
1 596379
1 596388
1 596397
1 596736
1 596745
1 596754
1 596763
1 596772
1 596781
1 596832
1 596841
1 596850
1 596859
1 596868
1 596877
1 596886
1 596895
1 596904
1 596913
1 596922
1 596931
1 596940
1 596949
1 596958
1 596967
1 596976
1 596985
1 596994
1 597096
1 597105
1 597114
1 597192
1 597201
1 597210
1 597264
1 597273
1 597282
1 597336
1 597345
1 597354
1 597363
1 597372
1 597381
1 597456
1 597465
1 597474
1 597483
1 597492
1 597501
1 597912
1 597921
1 597930
1 598032
1 598041
1 598050
1 598059
1 598068
1 598077
1 598086
1 598095
1 598152
1 598161
1 598170
1 598200
1 598209
1 598218
1 598248
1 598257
1 598266
1 598296
1 598305
1 598314
1 598323
1 598332
1 598341
1 598416
1 598425
1 598434
1 603336
1 603345
1 603354
1 603792
1 603801
1 603810
1 603819
1 603828
1 603837
1 604176
1 604185
1 604194
1 604203
1 604212
1 604221
1 604230
1 604239
1 604368
1 604377
1 604386
1 605256
1 605265
1 605274
1 605283
1 605292
1 605301
1 605688
1 605697
1 605706
1 605736
1 605745
1 605754
1 605763
1 605772
1 605781
1 605808
1 605817
1 605826
1 605952
1 605961
1 605970
1 606048
1 606057
1 606066
1 606075
1 606084
1 606093
1 606144
1 606153
1 606162
1 606456
1 606465
1 606474
1 606552
1 606561
1 606570
1 606579
1 606588
1 606597
1 606606
1 606615
1 606696
1 606705
1 606714
1 606723
1 606732
1 606741
1 606864
1 606873
1 606882
1 606936
1 606945
1 606954
1 606984
1 606993
1 607002
1 612576
1 612585
1 612594
1 612603
1 612612
1 612621
1 612912
1 612921
1 612930
1 612984
1 612993
1 613002
1 613032
1 613041
1 613050
1 613200
1 613209
1 613218
1 613227
1 613236
1 613245
1 613254
1 613263
1 613296
1 613305
1 613314
1 613368
1 613377
1 613386
1 613395
1 613404
1 613413
1 613440
1 613449
1 613458
1 613680
1 613689
1 613698
1 613707
1 613716
1 613725
1 613800
1 613809
1 613818
1 613827
1 613836
1 613845
1 613896
1 613905
1 613914
1 613923
1 613932
1 613941
1 614136
1 614145
1 614154
1 614208
1 614217
1 614226
1 614280
1 614289
1 614298
1 614328
1 614337
1 614346
1 614355
1 614364
1 614373
1 614448
1 614457
1 614466
1 614475
1 614484
1 614493
1 614712
1 614721
1 614730
1 614760
1 614769
1 614778
1 614808
1 614817
1 614826
1 615312
1 615321
1 615330
1 615339
1 615348
1 615357
1 615408
1 615417
1 615426
1 615816
1 615825
1 615834
1 615864
1 615873
1 615882
1 615960
1 615969
1 615978
1 616128
1 616137
1 616146
1 621552
1 621561
1 621570
1 621579
1 621588
1 621597
1 621606
1 621615
1 621624
1 621633
1 621642
1 621720
1 621729
1 621738
1 621768
1 621777
1 621786
1 621864
1 621873
1 621882
1 621912
1 621921
1 621930
1 621960
1 621969
1 621978
1 622272
1 622281
1 622290
1 622299
1 622308
1 622317
1 622326
1 622335
1 622488
1 622497
1 622506
1 622776
1 622785
1 622794
1 622920
1 622929
1 622938
1 623208
1 623217
1 623226
1 623400
1 623409
1 623418
1 623427
1 623436
1 623445
1 623664
1 623673
1 623682
1 623712
1 623721
1 623730
1 623739
1 623748
1 623757
1 623952
1 623961
1 623970
1 623979
1 623988
1 623997
1 624192
1 624201
1 624210
1 624219
1 624228
1 624237
1 624288
1 624297
1 624306
1 624336
1 624345
1 624354
1 624384
1 624393
1 624402
1 624411
1 624420
1 624429
1 630192
1 630201
1 630210
1 630219
1 630228
1 630237
1 630246
1 630255
1 630264
1 630273
1 630282
1 630480
1 630489
1 630498
1 630507
1 630516
1 630525
1 630552
1 630561
1 630570
1 630579
1 630588
1 630597
1 630672
1 630681
1 630690
1 630792
1 630801
1 630810
1 630819
1 630828
1 630837
1 630864
1 630873
1 630882
1 630891
1 630900
1 630909
1 630918
1 630927
1 630936
1 630945
1 630954
1 631512
1 631521
1 631530
1 631848
1 631857
1 631866
1 631875
1 631884
1 631893
1 631902
1 631911
1 632136
1 632145
1 632154
1 632184
1 632193
1 632202
1 632232
1 632241
1 632250
1 632259
1 632268
1 632277
1 632448
1 632457
1 632466
1 632475
1 632484
1 632493
1 632592
1 632601
1 632610
1 632808
1 632817
1 632826
1 633168
1 633177
1 633186
1 633240
1 633249
1 633258
1 638784
1 638793
1 638802
1 638952
1 638961
1 638970
1 639144
1 639153
1 639162
1 639360
1 639369
1 639378
1 639504
1 639513
1 639522
1 639600
1 639609
1 639618
1 639627
1 639636
1 639645
1 639654
1 639663
1 639816
1 639825
1 639834
1 639843
1 639852
1 639861
1 639912
1 639921
1 639930
1 639960
1 639969
1 639978
1 640008
1 640017
1 640026
1 640056
1 640065
1 640074
1 640083
1 640092
1 640101
1 640110
1 640119
1 640368
1 640377
1 640386
1 640464
1 640473
1 640482
1 640491
1 640500
1 640509
1 640536
1 640545
1 640554
1 640632
1 640641
1 640650
1 640659
1 640668
1 640677
1 640752
1 640761
1 640770
1 640779
1 640788
1 640797
1 640848
1 640857
1 640866
1 640920
1 640929
1 640938
1 641136
1 641145
1 641154
1 641544
1 641553
1 641562
1 641664
1 641673
1 641682
1 641712
1 641721
1 641730
1 641739
1 641748
1 641757
1 641766
1 641775
1 641808
1 641817
1 641826
1 642000
1 642009
1 642018
1 642624
1 642633
1 642642
1 642651
1 642660
1 642669
1 647376
1 647385
1 647394
1 647736
1 647745
1 647754
1 647784
1 647793
1 647802
1 647904
1 647913
1 647922
1 647931
1 647940
1 647949
1 647976
1 647985
1 647994
1 648072
1 648081
1 648090
1 648168
1 648177
1 648186
1 648195
1 648204
1 648213
1 648504
1 648513
1 648522
1 648552
1 648561
1 648570
1 648936
1 648945
1 648954
1 648984
1 648993
1 649002
1 649011
1 649020
1 649029
1 649056
1 649065
1 649074
1 649083
1 649092
1 649101
1 649110
1 649119
1 649128
1 649137
1 649146
1 649464
1 649473
1 649482
1 649512
1 649521
1 649530
1 649539
1 649548
1 649557
1 649632
1 649641
1 649650
1 649680
1 649689
1 649698
1 649707
1 649716
1 649725
1 649752
1 649761
1 649770
1 649944
1 649953
1 649962
1 649992
1 650001
1 650010
1 650184
1 650193
1 650202
1 650352
1 650361
1 650370
1 650496
1 650505
1 650514
1 650523
1 650532
1 650541
1 656256
1 656265
1 656274
1 656283
1 656292
1 656301
1 656352
1 656361
1 656370
1 656379
1 656388
1 656397
1 656406
1 656415
1 656424
1 656433
1 656442
1 656520
1 656529
1 656538
1 656568
1 656577
1 656586
1 656616
1 656625
1 656634
1 657792
1 657801
1 657810
1 657840
1 657849
1 657858
1 658104
1 658113
1 658122
1 658131
1 658140
1 658149
1 658158
1 658167
1 658176
1 658185
1 658194
1 658584
1 658593
1 658602
1 658680
1 658689
1 658698
1 658707
1 658716
1 658725
1 658824
1 658833
1 658842
1 658872
1 658881
1 658890
1 659064
1 659073
1 659082
1 659304
1 659313
1 659322
1 659424
1 659433
1 659442
1 659451
1 659460
1 659469
1 659568
1 659577
1 659586
1 664656
1 664665
1 664674
1 664683
1 664692
1 664701
1 664776
1 664785
1 664794
1 664803
1 664812
1 664821
1 664848
1 664857
1 664866
1 665088
1 665097
1 665106
1 665328
1 665337
1 665346
1 665376
1 665385
1 665394
1 666048
1 666057
1 666066
1 666075
1 666084
1 666093
1 666102
1 666111
1 666192
1 666201
1 666210
1 666312
1 666321
1 666330
1 666384
1 666393
1 666402
1 666576
1 666585
1 666594
1 666603
1 666612
1 666621
1 666696
1 666705
1 666714
1 666768
1 666777
1 666786
1 666795
1 666804
1 666813
1 666822
1 666831
1 666888
1 666897
1 666906
1 666960
1 666969
1 666978
1 667032
1 667041
1 667050
1 667200
1 667209
1 667218
1 667824
1 667833
1 667842
1 667872
1 667881
1 667890
1 667899
1 667908
1 667917
1 668160
1 668169
1 668178
1 668187
1 668196
1 668205
1 668280
1 668289
1 668298
1 668328
1 668337
1 668346
1 668448
1 668457
1 668466
1 669072
1 669081
1 669090
1 674064
1 674073
1 674082
1 674091
1 674100
1 674109
1 674160
1 674169
1 674178
1 674208
1 674217
1 674226
1 674235
1 674244
1 674253
1 674262
1 674271
1 674328
1 674337
1 674346
1 674355
1 674364
1 674373
1 674424
1 674433
1 674442
1 674544
1 674553
1 674562
1 674664
1 674673
1 674682
1 674808
1 674817
1 674826
1 675360
1 675369
1 675378
1 675504
1 675513
1 675522
1 675531
1 675540
1 675549
1 675558
1 675567
1 675576
1 675585
1 675594
1 675792
1 675801
1 675810
1 676320
1 676329
1 676338
1 676368
1 676377
1 676386
1 676395
1 676404
1 676413
1 676422
1 676431
1 676704
1 676713
1 676722
1 676752
1 676761
1 676770
1 676779
1 676788
1 676797
1 676824
1 676833
1 676842
1 682368
1 682377
1 682386
1 682440
1 682449
1 682458
1 682467
1 682476
1 682485
1 683088
1 683097
1 683106
1 683280
1 683289
1 683298
1 683784
1 683793
1 683802
1 684072
1 684081
1 684090
1 684099
1 684108
1 684117
1 684528
1 684537
1 684546
1 684720
1 684729
1 684738
1 684816
1 684825
1 684834
1 684843
1 684852
1 684861
1 684870
1 684879
1 684984
1 684993
1 685002
1 685128
1 685137
1 685146
1 685248
1 685257
1 685266
1 685275
1 685284
1 685293
1 685464
1 685473
1 685482
1 685992
1 686001
1 686010
1 691344
1 691353
1 691362
1 691584
1 691593
1 691602
1 691611
1 691620
1 691629
1 691656
1 691665
1 691674
1 691752
1 691761
1 691770
1 691779
1 691788
1 691797
1 691848
1 691857
1 691866
1 691875
1 691884
1 691893
1 691902
1 691911
1 691920
1 691929
1 691938
1 691992
1 692001
1 692010
1 692088
1 692097
1 692106
1 692160
1 692169
1 692178
1 692187
1 692196
1 692205
1 692214
1 692223
1 692256
1 692265
1 692274
1 692328
1 692337
1 692346
1 692376
1 692385
1 692394
1 692472
1 692481
1 692490
1 692499
1 692508
1 692517
1 692526
1 692535
1 692544
1 692553
1 692562
1 692592
1 692601
1 692610
1 693144
1 693153
1 693162
1 693171
1 693180
1 693189
1 693312
1 693321
1 693330
1 693384
1 693393
1 693402
1 693411
1 693420
1 693429
1 693624
1 693633
1 693642
1 693840
1 693849
1 693858
1 693867
1 693876
1 693885
1 694008
1 694017
1 694026
1 694320
1 694329
1 694338
1 694347
1 694356
1 694365
1 694440
1 694449
1 694458
1 694680
1 694689
1 694698
1 699840
1 699849
1 699858
1 700416
1 700425
1 700434
1 700443
1 700452
1 700461
1 700608
1 700617
1 700626
1 700635
1 700644
1 700653
1 700680
1 700689
1 700698
1 700776
1 700785
1 700794
1 700872
1 700881
1 700890
1 700899
1 700908
1 700917
1 700926
1 700935
1 700944
1 700953
1 700962
1 701016
1 701025
1 701034
1 701064
1 701073
1 701082
1 701091
1 701100
1 701109
1 701118
1 701127
1 701160
1 701169
1 701178
1 701187
1 701196
1 701205
1 701232
1 701241
1 701250
1 701352
1 701361
1 701370
1 701400
1 701409
1 701418
1 701448
1 701457
1 701466
1 701475
1 701484
1 701493
1 701520
1 701529
1 701538
1 701547
1 701556
1 701565
1 701592
1 701601
1 701610
1 701784
1 701793
1 701802
1 702384
1 702393
1 702402
1 702528
1 702537
1 702546
1 702576
1 702585
1 702594
1 703008
1 703017
1 703026
1 703392
1 703401
1 703410
1 703440
1 703449
1 703458
1 708648
1 708657
1 708666
1 708675
1 708684
1 708693
1 708768
1 708777
1 708786
1 709008
1 709017
1 709026
1 709035
1 709044
1 709053
1 709080
1 709089
1 709098
1 709152
1 709161
1 709170
1 709200
1 709209
1 709218
1 709680
1 709689
1 709698
1 709707
1 709716
1 709725
1 709752
1 709761
1 709770
1 709779
1 709788
1 709797
1 709806
1 709815
1 709872
1 709881
1 709890
1 709944
1 709953
1 709962
1 709971
1 709980
1 709989
1 710088
1 710097
1 710106
1 710115
1 710124
1 710133
1 710184
1 710193
1 710202
1 710304
1 710313
1 710322
1 710760
1 710769
1 710778
1 710787
1 710796
1 710805
1 710814
1 710823
1 710832
1 710841
1 710850
1 710859
1 710868
1 710877
1 710886
1 710895
1 711168
1 711177
1 711186
1 711195
1 711204
1 711213
1 711288
1 711297
1 711306
1 711315
1 711324
1 711333
1 711360
1 711369
1 711378
1 711600
1 711609
1 711618
1 711648
1 711657
1 711666
1 711675
1 711684
1 711693
1 711816
1 711825
1 711834
1 712104
1 712113
1 712122
1 712200
1 712209
1 712218
1 712227
1 712236
1 712245
1 712254
1 712263
1 712272
1 712281
1 712290
1 712299
1 712308
1 712317
1 712344
1 712353
1 712362
1 713064
1 713073
1 713082
1 717672
1 717681
1 717690
1 717720
1 717729
1 717738
1 718992
1 719001
1 719010
1 719019
1 719028
1 719037
1 719232
1 719241
1 719250
1 719424
1 719433
1 719442
1 719544
1 719553
1 719562
1 719571
1 719580
1 719589
1 720168
1 720177
1 720186
1 720264
1 720273
1 720282
1 720576
1 720585
1 720594
1 720624
1 720633
1 720642
1 720864
1 720873
1 720882
1 721128
1 721137
1 721146
1 726168
1 726177
1 726186
1 726384
1 726393
1 726402
1 726456
1 726465
1 726474
1 726504
1 726513
1 726522
1 726531
1 726540
1 726549
1 726624
1 726633
1 726642
1 726651
1 726660
1 726669