10 0
10 45
10 90
10 135
10 180
10 225
10 270
10 315
10 360
10 405
10 450
10 495
10 540
10 585
10 630
10 675
10 720
10 765
10 810
10 855
10 900
10 945
10 990
10 1035
10 1080
10 1125
10 1170
10 1215
10 1260
10 1305
10 1350
10 1395
10 1440
10 1485
10 1530
10 1575
10 1620
10 1665
10 1710
10 1800
10 1845
10 1890
10 1935
10 1980
10 2025
10 2070
10 2115
10 2160
10 2205
10 2250
10 2295
10 2340
10 2385
10 2520
10 2616
10 2664
10 2709
10 2880
10 3120
10 3165
10 3210
10 3912
10 3957
10 4008
10 4056
10 4656
10 4701
10 4824
10 5544
10 6888
10 6933
10 6978
10 7023
10 7068
10 7128
10 7173
10 7218
10 7263
10 7416
10 7461
10 7506
10 7551
10 7596
10 7641
10 7686
10 7731
10 7776
10 7821
10 7866
10 7911
10 7956
10 8001
10 8046
10 8091
10 8136
10 8181
10 8226
10 8271
10 8316
10 8361
10 8406
10 8451
10 8496
10 8541
10 8586
10 8631
10 8676
10 8721
10 8766
10 8811
10 8856
10 8901
10 8946
10 8991
10 9036
10 9081
10 9126
10 9171
10 9216
10 9261
10 9306
10 9351
10 9396
10 9441
10 9486
10 9531
10 9576
10 9621
10 9666
10 9711
10 9756
10 9801
10 9846
10 9891
10 9936
10 9981
10 10026
10 10071
10 10116
10 10161
10 10206
10 10251
10 10296
10 10341
10 10386
10 10431
10 10476
10 10521
10 10566
10 10632
10 10677
10 10752
10 10797
10 10842
10 10887
10 10932
10 10977
10 11022
10 11067
10 11208
10 11253
10 11472
10 11517
10 11688
10 12792
10 13128
10 13512
10 15888
10 15933
10 16104
10 16149
10 16194
10 16368
10 16413
10 16458
10 16503
10 16548
10 16593
10 16638
10 16683
10 16728
10 16773
10 16818
10 16863
10 16908
10 16953
10 16998
10 17043
10 17088
10 17133
10 17178
10 17223
10 17268
10 17313
10 17358
10 17403
10 17448
10 17493
10 17538
10 17583
10 17628
10 17673
10 17718
10 17763
10 17808
10 17853
10 17898
10 17943
10 17988
10 18033
10 18078
10 18123
10 18168
10 18213
10 18258
10 18303
10 18348
10 18393
10 18438
10 18483
10 18528
10 18576
10 18621
10 18666
10 18711
10 18756
10 18801
10 18936
10 18981
10 19032
10 19077
10 19122
10 19167
10 19212
10 19257
10 19302
10 19347
10 19392
10 19437
10 19482
10 19527
10 19572
10 19617
10 19662
10 19707
10 19752
10 19797
10 19896
10 19941
10 19986
10 20031
10 20076
10 20121
10 20424
10 21912
10 21984
10 22320
10 22368
10 24384
10 24792
10 24864
10 24909
10 24954
10 24999
10 25044
10 25089
10 25134
10 25179
10 25224
10 25269
10 25314
10 25359
10 25404
10 25449
10 25494
10 25539
10 25584
10 25629
10 25674
10 25719
10 25764
10 25809
10 25854
10 25899
10 25944
10 25989
10 26034
10 26079
10 26124
10 26169
10 26214
10 26259
10 26304
10 26349
10 26394
10 26439
10 26484
10 26529
10 26574
10 26619
10 26664
10 26709
10 26754
10 26799
10 26844
10 26889
10 26934
10 26979
10 27024
10 27069
10 27114
10 27159
10 27204
10 27249
10 27294
10 27339
10 27384
10 27429
10 27474
10 27519
10 27564
10 27609
10 27654
10 27699
10 27744
10 27789
10 27834
10 27879
10 27924
10 27969
10 28014
10 28059
10 28104
10 28149
10 28194
10 28239
10 28284
10 28329
10 28374
10 28419
10 28464
10 28509
10 28656
10 28701
10 28746
10 28791
10 29016
10 29061
10 29376
10 29421
10 29466
10 30408
10 30504
10 30576
10 30621
10 30666
10 33528
10 33573
10 33618
10 33663
10 33708
10 33753
10 33798
10 33888
10 33933
10 33978
10 34023
10 34068
10 34113
10 34158
10 34203
10 34248
10 34293
10 34338
10 34383
10 34428
10 34473
10 34518
10 34563
10 34608
10 34653
10 34698
10 34743
10 34788
10 34833
10 34878
10 34923
10 34968
10 35013
10 35058
10 35103
10 35148
10 35193
10 35238
10 35283
10 35328
10 35373
10 35418
10 35463
10 35508
10 35553
10 35598
10 35643
10 35688
10 35733
10 35778
10 35823
10 35868
10 35913
10 35958
10 36003
10 36048
10 36093
10 36138
10 36183
10 36228
10 36273
10 36318
10 36363
10 36408
10 36453
10 36498
10 36543
10 36588
10 36633
10 36678
10 36723
10 36768
10 36813
10 36858
10 36903
10 36948
10 36993
10 37038
10 37083
10 37128
10 37173
10 37218
10 37263
10 37308
10 37353
10 37398
10 37443
10 37488
10 37533
10 37578
10 37623
10 37668
10 37713
10 37758
10 37803
10 37944
10 37992
10 38037
10 39600
10 39768
10 40296
10 40392
10 40704
10 40749
10 40800
10 40872
10 40917
10 40962
10 42336
10 42381
10 42426
10 42471
10 42552
10 42597
10 42642
10 42696
10 42741
10 42786
10 42831
10 42876
10 42921
10 42966
10 43011
10 43056
10 43101
10 43146
10 43191
10 43236
10 43281
10 43326
10 43371
10 43416
10 43461
10 43506
10 43551
10 43596
10 43641
10 43686
10 43731
10 43776
10 43821
10 43866
10 43911
10 43956
10 44001
10 44046
10 44091
10 44136
10 44181
10 44226
10 44271
10 44316
10 44361
10 44406
10 44451
10 44496
10 44541
10 44586
10 44631
10 44676
10 44721
10 44766
10 44811
10 44856
10 44901
10 45000
10 45045
10 45144
10 45189
10 45234
10 45279
10 45324
10 45369
10 45792
10 45837
10 45936
10 45981
10 46026
10 46800
10 47184
10 48024
10 48144
10 48432
10 48477
10 49368
10 49464
10 50784
10 50829
10 50874
10 50976
10 51021
10 51120
10 51288
10 51333
10 51480
10 51525
10 51570
10 51615
10 51660
10 51705
10 51750
10 51795
10 51840
10 51885
10 51930
10 51975
10 52020
10 52065
10 52110
10 52155
10 52200
10 52245
10 52290
10 52335
10 52380
10 52425
10 52470
10 52515
10 52560
10 52605
10 52650
10 52695
10 52740
10 52785
10 52830
10 52875
10 52920
10 52965
10 53010
10 53055
10 53100
10 53145
10 53190
10 53235
10 53280
10 53325
10 53370
10 53415
10 53460
10 53505
10 53550
10 53595
10 53640
10 53685
10 53730
10 53775
10 53820
10 53865
10 53910
10 53955
10 54000
10 54045
10 54090
10 54135
10 54180
10 54225
10 54270
10 54315
10 54360
10 54405
10 54450
10 54495
10 54540
10 54585
10 54630
10 54675
10 54888
10 54933
10 55488
10 55533
10 55704
10 56136
10 56592
10 56637
10 57480
10 57696
10 59544
10 59589
10 59634
10 59679
10 59724
10 59769
10 60024
10 60072
10 60117
10 60336
10 60381
10 60426
10 60471
10 60516
10 60561
10 60606
10 60651
10 60696
10 60741
10 60786
10 60831
10 60876
10 60921
10 60966
10 61011
10 61056
10 61101
10 61146
10 61191
10 61236
10 61281
10 61326
10 61371
10 61416
10 61461
10 61506
10 61551
10 61596
10 61641
10 61686
10 61731
10 61776
10 61821
10 61866
10 61911
10 61956
10 62001
10 62046
10 62091
10 62136
10 62181
10 62226
10 62271
10 62316
10 62361
10 62406
10 62451
10 62496
10 62541
10 62586
10 62631
10 62676
10 62721
10 62766
10 62811
10 62856
10 62901
10 62946
10 62991
10 63036
10 63081
10 63126
10 63240
10 63285
10 63330
10 63375
10 63420
10 63465
10 63510
10 63888
10 63933
10 63984
10 64029
10 64074
10 64119
10 65208
10 65256
10 65616
10 65661
10 66048
10 66093
10 66138
10 66240
10 66408
10 66768
10 67224
10 68232
10 68277
10 68808
10 68853
10 68898
10 68943
10 68988
10 69033
10 69078
10 69123
10 69168
10 69213
10 69258
10 69303
10 69348
10 69393
10 69438
10 69483
10 69528
10 69573
10 69618
10 69663
10 69708
10 69753
10 69798
10 69843
10 69888
10 69933
10 69978
10 70023
10 70068
10 70113
10 70158
10 70203
10 70248
10 70293
10 70338
10 70383
10 70428
10 70473
10 70518
10 70563
10 70608
10 70653
10 70698
10 70743
10 70788
10 70833
10 70878
10 70923
10 70968
10 71013
10 71058
10 71103
10 71148
10 71193
10 71238
10 71283
10 71328
10 71373
10 71418
10 71463
10 71508
10 71553
10 71598
10 71643
10 71688
10 71733
10 71778
10 71823
10 71868
10 71952
10 71997
10 72384
10 72429
10 72474
10 72624
10 72669
10 72720
10 73128
10 73176
10 73221
10 74304
10 74520
10 74565
10 74688
10 75000
10 75384
10 77088
10 77280
10 77325
10 77370
10 77415
10 77472
10 77517
10 77592
10 77637
10 77682
10 77727
10 77772
10 77817
10 77904
10 77949
10 77994
10 78039
10 78084
10 78129
10 78174
10 78219
10 78264
10 78309
10 78354
10 78399
10 78444
10 78489
10 78534
10 78579
10 78624
10 78669
10 78714
10 78759
10 78804
10 78849
10 78894
10 78939
10 78984
10 79029
10 79074
10 79119
10 79164
10 79209
10 79254
10 79299
10 79344
10 79389
10 79434
10 79479
10 79524
10 79569
10 79614
10 79659
10 79704
10 79749
10 79794
10 79839
10 79884
10 79929
10 79974
10 80019
10 80160
10 80205
10 80250
10 80295
10 80340
10 80385
10 80430
10 80475
10 80520
10 80565
10 80610
10 80655
10 80700
10 80745
10 80790
10 80928
10 81264
10 81309
10 81354
10 81399
10 81444
10 82488
10 82533
10 82632
10 82752
10 83544
10 83592
10 85752
10 85896
10 85941
10 85986
10 86280
10 86325
10 86370
10 86415
10 86460
10 86505
10 86550
10 86595
10 86640
10 86685
10 86730
10 86775
10 86820
10 86865
10 86910
10 86955
10 87000
10 87045
10 87090
10 87135
10 87180
10 87225
10 87270
10 87315
10 87360
10 87405
10 87450
10 87495
10 87540
10 87585
10 87630
10 87675
10 87720
10 87765
10 87810
10 87855
10 87900
10 87945
10 87990
10 88035
10 88080
10 88125
10 88170
10 88215
10 88260
10 88305
10 88350
10 88395
10 88440
10 88485
10 88530
10 88575
10 88620
10 88665
10 88710
10 88755
10 88800
10 88845
10 88890
10 88935
10 88980
10 89025
10 89070
10 89115
10 89160
10 89205
10 89250
10 89295
10 89424
10 89469
10 89514
10 89592
10 89637
10 89856
10 89928
10 89973
10 90018
10 90816
10 91008
10 91053
10 91800
10 91848
10 91893
10 91938
10 92472
10 94464
10 94509
10 94608
10 94653
10 94698
10 94752
10 94797
10 94920
10 94965
10 95010
10 95055
10 95100
10 95145
10 95190
10 95256
10 95301
10 95346
10 95391
10 95436
10 95481
10 95526
10 95571
10 95616
10 95661
10 95706
10 95751
10 95796
10 95841
10 95886
10 95931
10 95976
10 96021
10 96066
10 96111
10 96156
10 96201
10 96246
10 96291
10 96336
10 96381
10 96426
10 96471
10 96516
10 96561
10 96606
10 96651
10 96696
10 96741
10 96786
10 96831
10 96876
10 96921
10 96966
10 97011
10 97056
10 97101
10 97146
10 97191
10 97236
10 97281
10 97344
10 97389
10 97434
10 97479
10 97524
10 97569
10 97614
10 97659
10 97704
10 97749
10 97794
10 97839
10 97884
10 97929
10 97974
10 98019
10 98064
10 98109
10 98154
10 98199
10 98244
10 98289
10 98334
10 98379
10 98520
10 98565
10 98616
10 98661
10 99048
10 99093
10 99144
10 99189
10 100728
10 100800
10 100848
10 100893
10 100968
10 101013
10 101328
10 101856
10 101928
10 101973
10 102018
10 103320
10 103608
10 103656
10 103701
10 103746
10 103800
10 103872
10 103917
10 103962
10 104064
10 104109
10 104154
10 104199
10 104244
10 104289
10 104334
10 104379
10 104424
10 104469
10 104520
10 104565
10 104610
10 104655
10 104700
10 104745
10 104790
10 104835
10 104880
10 104925
10 104970
10 105015
10 105060
10 105105
10 105150
10 105195
10 105240
10 105285
10 105330
10 105375
10 105420
10 105465
10 105510
10 105555
10 105600
10 105645
10 105690
10 105735
10 105780
10 105825
10 105870
10 105915
10 105960
10 106005
10 106050
10 106095
10 106140
10 106185
10 106230
10 106275
10 106320
10 106365
10 106410
10 106455
10 106500
10 106545
10 106590
10 106635
10 106680
10 106725
10 106770
10 106815
10 106860
10 106905
10 106950
10 106995
10 107040
10 107085
10 107130
10 107175
10 107220
10 107265
10 107310
10 107400
10 107445
10 107490
10 107535
10 107580
10 107784
10 107829
10 107874
10 107919
10 107964
10 108048
10 108093
10 108288
10 108333
10 109272
10 109320
10 109392
10 109437
10 109560
10 109704
10 109749
10 110640
10 111768
10 112128
10 112536
10 112581
10 112626
10 112671
10 112800
10 112845
10 112890
10 112935
10 112980
10 113025
10 113070
10 113115
10 113160
10 113205
10 113250
10 113295
10 113340
10 113385
10 113430
10 113475
10 113520
10 113565
10 113610
10 113655
10 113700
10 113745
10 113790
10 113835
10 113880
10 113925
10 113970
10 114015
10 114060
10 114105
10 114150
10 114195
10 114240
10 114285
10 114330
10 114375
10 114420
10 114465
10 114510
10 114555
10 114600
10 114645
10 114690
10 114735
10 114780
10 114825
10 114870
10 114915
10 114960
10 115005
10 115050
10 115095
10 115140
10 115185
10 115230
10 115275
10 115320
10 115365
10 115410
10 115455
10 115500
10 115545
10 115608
10 115653
10 115698
10 115743
10 115788
10 115833
10 115878
10 115923
10 115968
10 116013
10 116058
10 116160
10 116205
10 116400
10 116445
10 116490
10 116535
10 116640
10 116784
10 117840
10 118032
10 118656
10 118704
10 118776
10 119544
10 120840
10 120885
10 121296
10 121341
10 121386
10 121431
10 121476
10 121521
10 121566
10 121611
10 121656
10 121701
10 121746
10 121791
10 121836
10 121881
10 121926
10 121971
10 122016
10 122061
10 122106
10 122151
10 122196
10 122241
10 122286
10 122331
10 122376
10 122421
10 122466
10 122511
10 122556
10 122601
10 122646
10 122691
10 122736
10 122781
10 122826
10 122871
10 122916
10 122961
10 123006
10 123051
10 123096
10 123141
10 123186
10 123231
10 123276
10 123321
10 123366
10 123411
10 123456
10 123501
10 123546
10 123591
10 123636
10 123681
10 123726
10 123771
10 123816
10 123861
10 123906
10 123951
10 123996
10 124041
10 124086
10 124131
10 124176
10 124221
10 124266
10 124311
10 124356
10 124401
10 124446
10 124491
10 124536
10 124581
10 124626
10 124671
10 124716
10 124761
10 124944
10 125112
10 125157
10 125202
10 125664
10 125709
10 125808
10 125853
10 126552
10 126597
10 126648
10 126696
10 126792
10 126984
10 127029
10 127224
10 127269
10 127392
10 127440
10 127485
10 129888
10 129936
10 129981
10 130026
10 130128
10 130173
10 130218
10 130263
10 130308
10 130353
10 130398
10 130443
10 130488
10 130533
10 130578
10 130623
10 130668
10 130713
10 130758
10 130803
10 130848
10 130893
10 130938
10 130983
10 131028
10 131073
10 131118
10 131163
10 131208
10 131253
10 131298
10 131343
10 131388
10 131433
10 131478
10 131523
10 131568
10 131613
10 131658
10 131703
10 131748
10 131793
10 131838
10 131883
10 131928
10 131973
10 132018
10 132063
10 132108
10 132153
10 132198
10 132243
10 132288
10 132333
10 132378
10 132423
10 132468
10 132513
10 132558
10 132603
10 132648
10 132693
10 132738
10 132783
10 132828
10 132873
10 132918
10 132963
10 133008
10 133053
10 133098
10 133143
10 133188
10 133233
10 133278
10 133323
10 133368
10 133413
10 133458
10 133536
10 133581
10 133626
10 133671
10 133716
10 133761
10 133806
10 133851
10 133944
10 133989
10 134034
10 134079
10 134232
10 135216
10 136320
10 136365
10 136464
10 138816
10 138861
10 138912
10 138957
10 139002
10 139047
10 139092
10 139137
10 139182
10 139227
10 139272
10 139317
10 139362
10 139407
10 139452
10 139497
10 139542
10 139587
10 139632
10 139677
10 139722
10 139767
10 139812
10 139857
10 139902
10 139947
10 139992
10 140037
10 140082
10 140127
10 140172
10 140217
10 140262
10 140307
10 140352
10 140397
10 140442
10 140487
10 140532
10 140577
10 140622
10 140667
10 140712
10 140757
10 140802
10 140847
10 140892
10 140937
10 140982
10 141027
10 141072
10 141117
10 141162
10 141207
10 141252
10 141297
10 141342
10 141387
10 141432
10 141477
10 141522
10 141567
10 141612
10 141768
10 141813
10 141858
10 141903
10 141948
10 141993
10 142038
10 142083
10 142128
10 142173
10 142218
10 142320
10 142440
10 142485
10 142608
10 142653
10 142752
10 142797
10 142842
10 143064
10 143109
10 143304
10 144648
10 144720
10 144765
10 146448
10 147072
10 147117
10 147264
10 147309
10 147624
10 147669
10 147840
10 147885
10 147930
10 147975
10 148020
10 148065
10 148110
10 148155
10 148200
10 148245
10 148290
10 148335
10 148380
10 148425
10 148470
10 148515
10 148560
10 148605
10 148650
10 148695
10 148740
10 148785
10 148830
10 148875
10 148920
10 148965
10 149010
10 149055
10 149100
10 149145
10 149190
10 149235
10 149280
10 149325
10 149370
10 149415
10 149460
10 149505
10 149550
10 149595
10 149640
10 149685
10 149730
10 149775
10 149820
10 149865
10 149910
10 149955
10 150000
10 150045
10 150090
10 150135
10 150180
10 150225
10 150270
10 150315
10 150360
10 150405
10 150450
10 150495
10 150540
10 150585
10 150630
10 150675
10 150720
10 150765
10 150810
10 150855
10 150900
10 150945
10 150990
10 151035
10 151080
10 151125
10 151170
10 151215
10 151260
10 151305
10 151350
10 151395
10 151440
10 151632
10 151677
10 151722
10 151767
10 151872
10 151917
10 153432
10 153528
10 153573
10 153648
10 153840
10 153885
10 153984
10 156432
10 156477
10 156552
10 156624
10 156669
10 156714
10 156759
10 156840
10 156885
10 156930
10 156975
10 157020
10 157065
10 157110
10 157155
10 157200
10 157245
10 157290
10 157335
10 157380
10 157425
10 157470
10 157515
10 157560
10 157605
10 157650
10 157695
10 157740
10 157785
10 157830
10 157875
10 157920
10 157965
10 158010
10 158055
10 158100
10 158145
10 158190
10 158235
10 158280
10 158325
10 158370
10 158415
10 158460
10 158505
10 158550
10 158595
10 158640
10 158685
10 158730
10 158775
10 158820
10 158865
10 158910
10 158955
10 159000
10 159045
10 159090
10 159135
10 159180
10 159225
10 159270
10 159315
10 159360
10 159405
10 159450
10 159495
10 159540
10 159585
10 159630
10 159675
10 159720
10 159984
10 160029
10 160074
10 160119
10 160176
10 160221
10 160266
10 160344
10 160389
10 160434
10 160479
10 160848
10 160893
10 160944
10 160989
10 161034
10 161640
10 161712
10 162024
10 162120
10 162264
10 162624
10 162744
10 162789
10 164616
10 165216
10 165261
10 165306
10 165384
10 165429
10 165474
10 165519
10 165564
10 165609
10 165654
10 165699
10 165744
10 165789
10 165834
10 165879
10 165924
10 165969
10 166014
10 166059
10 166104
10 166149
10 166194
10 166239
10 166284
10 166329
10 166374
10 166419
10 166464
10 166509
10 166554
10 166599
10 166644
10 166689
10 166734
10 166779
10 166824
10 166869
10 166914
10 166959
10 167004
10 167049
10 167094
10 167139
10 167184
10 167229
10 167274
10 167319
10 167364
10 167409
10 167454
10 167499
10 167544
10 167589
10 167634
10 167712
10 167757
10 167802
10 167847
10 167892
10 167937
10 167982
10 168027
10 168072
10 168117
10 168162
10 168207
10 168252
10 168297
10 168342
10 168387
10 168432
10 168477
10 168522
10 168567
10 168612
10 168657
10 168744
10 168789
10 168888
10 168933
10 169008
10 169053
10 169098
10 169200
10 169245
10 169560
10 170424
10 170472
10 170517
10 170568
10 170904
10 170949
10 170994
10 171120
10 171165
10 171312
10 171432
10 171576
10 171768
10 171813
10 171864
10 171912
10 172008
10 172104
10 172344
10 172389
10 172464
10 172536
10 172584
10 173328
10 173373
10 173880
10 173925
10 173970
10 174015
10 174060
10 174105
10 174150
10 174195
10 174240
10 174285
10 174330
10 174375
10 174420
10 174465
10 174510
10 174555
10 174600
10 174645
10 174690
10 174735
10 174780
10 174825
10 174870
10 174915
10 174960
10 175005
10 175050
10 175095
10 175140
10 175185
10 175230
10 175275
10 175320
10 175365
10 175410
10 175455
10 175500
10 175545
10 175590
10 175635
10 175680
10 175725
10 175770
10 175815
10 175860
10 175905
10 175950
10 175995
10 176040
10 176085
10 176130
10 176175
10 176220
10 176265
10 176310
10 176355
10 176400
10 176445
10 176490
10 176535
10 176580
10 176625
10 176670
10 176715
10 176832
10 176877
10 176922
10 176967
10 177012
10 177057
10 177102
10 177147
10 177192
10 177237
10 177282
10 177327
10 177372
10 177417
10 177462
10 177507
10 177720
10 177765
10 177810
10 177855
10 179088
10 179256
10 179736
10 179808
10 180720
10 180864
10 180909
10 181200
10 181245
10 181290
10 182040
10 182085
10 182130
10 182496
10 182664
10 182709
10 182904
10 182949
10 182994
10 183039
10 183084
10 183168
10 183213
10 183312
10 183357
10 183402
10 183447
10 183492
10 183537
10 183582
10 183627
10 183672
10 183717
10 183762
10 183807
10 183852
10 183897
10 183942
10 183987
10 184032
10 184077
10 184122
10 184167
10 184212
10 184257
10 184302
10 184347
10 184392
10 184437
10 184482
10 184527
10 184572
10 184617
10 184662
10 184707
10 184752
10 184797
10 184842
10 184887
10 184932
10 184977
10 185022
10 185067
10 185112
10 185157
10 185202
10 185247
10 185292
10 185337
10 185382
10 185427
10 185472
10 185517
10 185562
10 185607
10 185652
10 185697
10 185742
10 185832
10 185877
10 185922
10 186096
10 186216
10 186261
10 186306
10 186384
10 186429
10 186474
10 186519
10 188400
10 188496
10 189120
10 189165
10 189360
10 189408
10 191256
10 191301
10 191346
10 191592
10 191664
10 191709
10 191754
10 191799
10 191844
10 191889
10 191952
10 191997
10 192042
10 192087
10 192132
10 192177
10 192222
10 192267
10 192312
10 192357
10 192402
10 192447
10 192492
10 192537
10 192582
10 192627
10 192672
10 192717
10 192762
10 192807
10 192852
10 192897
10 192942
10 192987
10 193032
10 193077
10 193122
10 193167
10 193212
10 193257
10 193302
10 193347
10 193392
10 193437
10 193482
10 193527
10 193572
10 193617
10 193662
10 193707
10 193752
10 193797
10 193842
10 193887
10 193932
10 193977
10 194022
10 194067
10 194112
10 194157
10 194232
10 194277
10 194322
10 194367
10 194412
10 194457
10 194502
10 194592
10 194637
10 194682
10 194880
10 194925
10 194970
10 195015
10 195216
10 195261
10 195306
10 195360
10 195405
10 196080
10 196125
10 196824
10 196869
10 197664
10 197808
10 198312
10 200136
10 200181
10 200226
10 200271
10 200316
10 200361
10 200406
10 200451
10 200496
10 200541
10 200586
10 200631
10 200676
10 200721
10 200766
10 200811
10 200856
10 200901
10 200946
10 200991
10 201036
10 201081
10 201126
10 201171
10 201216
10 201261
10 201306
10 201351
10 201396
10 201441
10 201486
10 201531
10 201576
10 201621
10 201666
10 201711
10 201756
10 201801
10 201846
10 201891
10 201936
10 201981
10 202026
10 202071
10 202116
10 202161
10 202206
10 202251
10 202296
10 202341
10 202386
10 202431
10 202476
10 202521
10 202566
10 202611
10 202656
10 202701
10 202746
10 202791
10 202836
10 202881
10 202926
10 202971
10 203016
10 203061
10 203106
10 203151
10 203196
10 203241
10 203286
10 203331
10 203376
10 203421
10 203466
10 203511
10 203784
10 203829
10 203874
10 203919
10 203964
10 204009
10 204192
10 204237
10 204282
10 204327
10 204372
10 204417
10 204462
10 204507
10 204552
10 204597
10 204642
10 204888
10 205752
10 205800
10 207816
10 207888
10 208608
10 208653
10 208704
10 208749
10 208848
10 208893
10 208968
10 209040
10 209085
10 209130
10 209184
10 209229
10 209274
10 209319
10 209364
10 209409
10 209454
10 209499
10 209544
10 209589
10 209634
10 209679
10 209724
10 209769
10 209814
10 209859
10 209904
10 209949
10 209994
10 210039
10 210084
10 210129
10 210174
10 210219
10 210264
10 210309
10 210354
10 210399
10 210444
10 210489
10 210534
10 210579
10 210624
10 210669
10 210714
10 210759
10 210804
10 210849
10 210894
10 210939
10 210984
10 211029
10 211074
10 211119
10 211164
10 211209
10 211254
10 211299
10 211368
10 211413
10 211458
10 211503
10 211548
10 211593
10 211638
10 211683
10 211728
10 211773
10 211818
10 211863
10 211908
10 211953
10 211998
10 212043
10 212088
10 212133
10 212178
10 212223
10 212268
10 212313
10 212358
10 212403
10 212448
10 212493
10 212664
10 213264
10 213309
10 213354
10 214464
10 214824
10 214869
10 214920
10 214965
10 215010
10 215616
10 216360
10 217320
10 217365
10 217410
10 217455
10 217500
10 217545
10 217590
10 217680
10 217725
10 217770
10 217815
10 217860
10 217905
10 217950
10 217995
10 218040
10 218085
10 218130
10 218175
10 218220
10 218265
10 218310
10 218355
10 218400
10 218445
10 218490
10 218535
10 218580
10 218625
10 218670
10 218715
10 218760
10 218805
10 218850
10 218895
10 218940
10 218985
10 219030
10 219075
10 219120
10 219165
10 219210
10 219255
10 219300
10 219345
10 219390
10 219435
10 219480
10 219525
10 219570
10 219615
10 219660
10 219705
10 219750
10 219795
10 219840
10 219885
10 219930
10 219975
10 220020
10 220065
10 220110
10 220155
10 220200
10 220245
10 220290
10 220335
10 220380
10 220425
10 220470
10 220515
10 220560
10 220605
10 220650
10 220848
10 220893
10 220938
10 220983
10 221028
10 221112
10 221157
10 221202
10 221472
10 221517
10 221562
10 221760
10 221805
10 221976
10 222120
10 222360
10 222576
10 223080
10 223125
10 223488
10 223533
10 223680
10 223728
10 224064
10 224112
10 224592
10 226152
10 226344
10 226440
10 226485
10 226560
10 226605
10 226650
10 226695
10 226740
10 226785
10 226830
10 226875
10 226920
10 226965
10 227010
10 227055
10 227100
10 227145
10 227190
10 227235
10 227280
10 227325
10 227370
10 227415
10 227460
10 227505
10 227550
10 227595
10 227640
10 227685
10 227730
10 227775
10 227820
10 227865
10 227910
10 227955
10 228000
10 228045
10 228090
10 228135
10 228180
10 228225
10 228270
10 228315
10 228360
10 228405
10 228450
10 228495
10 228540
10 228585
10 228630
10 228675
10 228720
10 228765
10 228810
10 228855
10 228900
10 228945
10 228990
10 229035
10 229080
10 229125
10 229170
10 229215
10 229260
10 229305
10 229350
10 229395
10 229440
10 229485
10 229530
10 229575
10 229620
10 229665
10 229710
10 229755
10 229800
10 229845
10 229890
10 229935
10 229980
10 230025
10 230070
10 230115
10 230328
10 230544
10 230832
10 232176
10 232704
10 232749
10 233112
10 233184
10 233376
10 233424
10 234408
10 234528
10 234576
10 234621
10 234744
10 234816
10 235080
10 235125
10 235176
10 235221
10 235266
10 235311
10 235356
10 235401
10 235488
10 235800
10 235845
10 235890
10 235944
10 235989
10 236034
10 236079
10 236124
10 236169
10 236214
10 236259
10 236304
10 236349
10 236394
10 236439
10 236484
10 236529
10 236574
10 236619
10 236664
10 236709
10 236754
10 236799
10 236844
10 236889
10 236934
10 236979
10 237024
10 237069
10 237114
10 237159
10 237204
10 237249
10 237294
10 237339
10 237384
10 237429
10 237474
10 237519
10 237564
10 237609
10 237654
10 237699
10 237744
10 237789
10 237834
10 237879
10 237924
10 237969
10 238014
10 238059
10 238104
10 238149
10 238194
10 238239
10 238284
10 238329
10 238374
10 238419
10 238464
10 238509
10 238554
10 238599
10 238644
10 238689
10 238734
10 238872
10 238917
10 238962
10 239064
10 239109
10 239154
10 239280
10 239352
10 239397
10 239442
10 239520
10 239565
10 239664
10 240624
10 240669
10 241104
10 241149
10 241344
10 241896
10 244128
10 244176
10 244221
10 244266
10 244311
10 244356
10 244401
10 244446
10 244491
10 244536
10 244581
10 244626
10 244671
10 244716
10 244761
10 244806
10 244851
10 244896
10 244941
10 244986
10 245031
10 245076
10 245121
10 245166
10 245211
10 245256
10 245301
10 245346
10 245391
10 245436
10 245481
10 245526
10 245571
10 245616
10 245661
10 245706
10 245751
10 245796
10 245841
10 245886
10 245931
10 245976
10 246021
10 246066
10 246111
10 246156
10 246201
10 246246
10 246291
10 246336
10 246381
10 246426
10 246471
10 246516
10 246561
10 246606
10 246651
10 246696
10 246741
10 246786
10 246831
10 246876
10 246921
10 246966
10 247011
10 247056
10 247101
10 247146
10 247191
10 247236
10 247281
10 247326
10 247371
10 247416
10 247461
10 247506
10 247551
10 247596
10 247704
10 247749
10 247794
10 247839
10 247884
10 247929
10 247974
10 248040
10 248280
10 248325
10 249600
10 249645
10 250056
10 250200
10 250488
10 250536
10 252120
10 252336
10 252432
10 252720
10 252765
10 252810
10 252855
10 252900
10 252945
10 252990
10 253035
10 253080
10 253125
10 253170
10 253215
10 253260
10 253305
10 253350
10 253395
10 253440
10 253485
10 253530
10 253575
10 253620
10 253665
10 253710
10 253755
10 253800
10 253845
10 253890
10 253935
10 253980
10 254025
10 254070
10 254115
10 254160
10 254205
10 254250
10 254295
10 254340
10 254385
10 254430
10 254475
10 254520
10 254565
10 254610
10 254655
10 254700
10 254745
10 254790
10 254835
10 254880
10 254925
10 254970
10 255015
10 255060
10 255105
10 255150
10 255195
10 255240
10 255285
10 255330
10 255375
10 255420
10 255465
10 255510
10 255555
10 255600
10 255645
10 255690
10 255735
10 255780
10 255825
10 255870
10 255915
10 255960
10 256080
10 256125
10 256170
10 256215
10 256260
10 256305
10 256350
10 256395
10 256560
10 256605
10 256650
10 256695
10 256740
10 256785
10 256968
10 257013
10 257058
10 258096
10 258360
10 258480
10 258696
10 259224
10 261264
10 261312
10 261357
10 261432
10 261477
10 261522
10 261567
10 261624
10 261669
10 261714
10 261792
10 261837
10 261882
10 261936
10 261981
10 262026
10 262071
10 262116
10 262161
10 262206
10 262251
10 262296
10 262341
10 262386
10 262431
10 262476
10 262521
10 262566
10 262611
10 262656
10 262701
10 262746
10 262791
10 262836
10 262881
10 262926
10 262971
10 263016
10 263061
10 263106
10 263151
10 263196
10 263241
10 263286
10 263331
10 263376
10 263421
10 263466
10 263511
10 263556
10 263601
10 263646
10 263691
10 263736
10 263781
10 263826
10 263871
10 263916
10 264000
10 264045
10 264090
10 264135
10 264180
10 264225
10 264270
10 264315
10 264360
10 264405
10 264450
10 264495
10 264540
10 264585
10 264630
10 264675
10 264720
10 264765
10 264810
10 264855
10 264900
10 264945
10 264990
10 265035
10 265080
10 265125
10 265170
10 265368
10 265413
10 265512
10 266856
10 266901
10 267384
10 267429
10 267768
10 268008
10 268053
10 268272
10 268560
10 269952
10 269997
10 270042
10 270087
10 270132
10 270384
10 270552
10 270672
10 270717
10 270762
10 270807
10 270852
10 270897
10 270942
10 270987
10 271032
10 271077
10 271122
10 271167
10 271212
10 271257
10 271302
10 271347
10 271392
10 271437
10 271482
10 271527
10 271572
10 271617
10 271662
10 271707
10 271752
10 271797
10 271842
10 271887
10 271932
10 271977
10 272022
10 272067
10 272112
10 272157
10 272202
10 272247
10 272292
10 272337
10 272382
10 272427
10 272472
10 272517
10 272562
10 272607
10 272652
10 272697
10 272742
10 272787
10 273048
10 273093
10 273192
10 273237
10 273360
10 273405
10 273450
10 273495
10 273540
10 273648
10 273693
10 273738
10 273783
10 273828
10 273873
10 273984
10 274029
10 274074
10 274152
10 274197
10 274248
10 274293
10 274728
10 274773
10 276528
10 276576
10 276624
10 276720
10 276888
10 277824
10 278640
10 278685
10 278904
10 278949
10 278994
10 279039
10 279084
10 279129
10 279174
10 279219
10 279264
10 279309
10 279354
10 279399
10 279444
10 279489
10 279534
10 279579
10 279624
10 279669
10 279714
10 279759
10 279804
10 279849
10 279894
10 279939
10 279984
10 280029
10 280074
10 280119
10 280164
10 280209
10 280254
10 280299
10 280344
10 280389
10 280434
10 280479
10 280524
10 280569
10 280614
10 280659
10 280704
10 280749
10 280794
10 280839
10 280884
10 280929
10 280974
10 281019
10 281064
10 281109
10 281154
10 281199
10 281244
10 281289
10 281334
10 281379
10 281424
10 281469
10 281514
10 281559
10 281604
10 281649
10 281694
10 281739
10 281784
10 281829
10 281874
10 281919
10 281964
10 282009
10 282054
10 282099
10 282144
10 282189
10 282234
10 282279
10 282324
10 282369
10 282414
10 282459
10 282504
10 282792
10 282837
10 282882
10 283296
10 283728
10 283773
10 284472
10 284736
10 284781
10 285000
10 285048
10 285528
10 285573
10 285624
10 285669
10 285768
10 285840
10 285888
10 286056
10 286101
10 286248
10 286464
10 286509
10 286554
10 286800
10 287712
10 287757
10 287802
10 287847
10 287892
10 287937
10 287982
10 288027
10 288336
10 288381
10 288426
10 288471
10 288516
10 288561
10 288606
10 288651
10 288696
10 288741
10 288786
10 288831
10 288876
10 288921
10 288966
10 289011
10 289056
10 289101
10 289146
10 289191
10 289236
10 289281
10 289326
10 289371
10 289416
10 289461
10 289506
10 289551
10 289596
10 289641
10 289686
10 289731
10 289776
10 289821
10 289866
10 289911
10 289956
10 290001
10 290046
10 290091
10 290136
10 290181
10 290226
10 290271
10 290316
10 290361
10 290406
10 290451
10 290496
10 290541
10 290586
10 290631
10 290676
10 290721
10 290766
10 290811
10 290856
10 290901
10 290946
10 290991
10 291036
10 291081
10 291126
10 291171
10 291216
10 291261
10 291306
10 291351
10 291396
10 291441
10 293304
10 293352
10 293472
10 293568
10 294696
10 295440
10 295485
10 295530
10 296040
10 296085
10 296130
10 296175
10 296616
10 296661
10 296706
10 296856
10 296901
10 296946
10 296991
10 297036
10 297081
10 297126
10 297171
10 297216
10 297261
10 297306
10 297351
10 297396
10 297441
10 297486
10 297531
10 297576
10 297621
10 297666
10 297711
10 297756
10 297801
10 297846
10 297891
10 297936
10 297981
10 298026
10 298071
10 298116
10 298161
10 298206
10 298251
10 298296
10 298341
10 298386
10 298431
10 298476
10 298521
10 298566
10 298611
10 298656
10 298701
10 298746
10 298791
10 298836
10 298881
10 298926
10 298971
10 299016
10 299061
10 299106
10 299151
10 299196
10 299241
10 299286
10 299331
10 299376
10 299421
10 299466
10 299511
10 299556
10 299601
10 299646
10 299691
10 299736
10 299781
10 299826
10 299871
10 299916
10 299961
10 300006
10 300051
10 300096
10 300141
10 300186
10 300360
10 300405
10 300450
10 300495
10 300540
10 300624
10 300669
10 300936
10 300981
10 301104
10 301992
10 302520
10 302688
10 302928
10 303096
10 303528
10 303573
10 304128
10 304944
10 304989
10 305034
10 305079
10 305124
10 305169
10 305214
10 305352
10 305397
10 305448
10 305493
10 305538
10 305583
10 305628
10 305673
10 305718
10 305763
10 305808
10 305853
10 305898
10 305943
10 305988
10 306033
10 306078
10 306123
10 306168
10 306213
10 306258
10 306303
10 306348
10 306393
10 306438
10 306483
10 306528
10 306573
10 306618
10 306663
10 306708
10 306753
10 306798
10 306843
10 306888
10 306933
10 306978
10 307023
10 307068
10 307113
10 307158
10 307203
10 307248
10 307293
10 307338
10 307383
10 307428
10 307473
10 307518
10 307563
10 307608
10 307653
10 307698
10 307743
10 307788
10 307833
10 307878
10 307923
10 307968
10 308013
10 308058
10 308103
10 308148
10 308193
10 308238
10 308283
10 308328
10 308373
10 308418
10 308463
10 308508
10 308553
10 308616
10 308661
10 308706
10 308832
10 308877
10 308922
10 309072
10 309117
10 309840
10 309885
10 311040
10 311208
10 311304
10 311544
10 311592
10 311637
10 311976
10 312216
10 312792
10 312837
10 314016
10 314061
10 314160
10 314205
10 314250
10 314448
10 314640
10 314685
10 314730
10 314775
10 314820
10 314865
10 314910
10 314955
10 315000
10 315045
10 315090
10 315135
10 315180
10 315225
10 315270
10 315315
10 315360
10 315405
10 315450
10 315495
10 315540
10 315585
10 315630
10 315675
10 315720
10 315765
10 315810
10 315855
10 315900
10 315945
10 315990
10 316035
10 316080
10 316125
10 316170
10 316215
10 316260
10 316305
10 316350
10 316395
10 316440
10 316485
10 316530
10 316575
10 316620
10 316665
10 316710
10 316755
10 316800
10 316845
10 316890
10 316935
10 316980
10 317025
10 317070
10 317115
10 317160
10 317205
10 317250
10 317295
10 317340
10 317385
10 317430
10 317475
10 317616
10 317661
10 317706
10 317856
10 317901
10 318312
10 319560
10 319776
10 319821
10 319920
10 320232
10 320328
10 320373
10 320448
10 320496
10 320541
10 320664
10 320856
10 321312
10 321357
10 321402
10 321552
10 321597
10 321642
10 322776
10 322824
10 322944
10 322989
10 323034
10 323208
10 323253
10 323298
10 323400
10 323445
10 323490
10 323535
10 323580
10 323625
10 323670
10 323715
10 323760
10 323805
10 323850
10 323895
10 323940
10 323985
10 324030
10 324075
10 324120
10 324165
10 324210
10 324255
10 324300
10 324345
10 324390
10 324435
10 324480
10 324525
10 324570
10 324615
10 324660
10 324705
10 324750
10 324795
10 324840
10 324885
10 324930
10 324975
10 325020
10 325065
10 325110
10 325155
10 325200
10 325245
10 325290
10 325335
10 325380
10 325425
10 325470
10 325515
10 325560
10 325605
10 325650
10 325695
10 325740
10 325785
10 325830
10 325875
10 326016
10 326061
10 326106
10 326151
10 326208
10 326253
10 326298
10 326343
10 326388
10 326433
10 326478
10 326523
10 326568
10 326613
10 326736
10 327144
10 328032
10 328248
10 328488
10 328560
10 328752
10 328800
10 329184
10 329256
10 329301
10 329346
10 329472
10 329856
10 330384
10 331248
10 331920
10 331968
10 332013
10 332058
10 332103
10 332232
10 332277
10 332322
10 332367
10 332412
10 332457
10 332502
10 332547
10 332592
10 332637
10 332682
10 332727
10 332772
10 332817
10 332862
10 332907
10 332952
10 332997
10 333042
10 333087
10 333132
10 333177
10 333222
10 333267
10 333312
10 333357
10 333402
10 333447
10 333492
10 333537
10 333582
10 333627
10 333672
10 333717
10 333762
10 333807
10 333852
10 333897
10 333942
10 333987
10 334032
10 334077
10 334122
10 334167
10 334212
10 334257
10 334302
10 334347
10 334392
10 334437
10 334512
10 334584
10 334629
10 334728
10 334773
10 334818
10 334863
10 334908
10 334953
10 334998
10 335043
10 335088
10 335133
10 335496
10 335541
10 335736
10 335781
10 335832
10 335877
10 335922
10 335967
10 336984
10 337224
10 337269
10 337368
10 337488
10 337608
10 337653
10 337776
10 337824
10 339000
10 340320
10 340365
10 340410
10 340455
10 340500
10 340560
10 340605
10 340650
10 340695
10 340740
10 340785
10 340830
10 340875
10 340920
10 340965
10 341010
10 341055
10 341100
10 341145
10 341190
10 341235
10 341280
10 341325
10 341370
10 341415
10 341460
10 341505
10 341550
10 341595
10 341640
10 341685
10 341730
10 341775
10 341820
10 341865
10 341910
10 341955
10 342000
10 342045
10 342090
10 342135
10 342180
10 342225
10 342270
10 342315
10 342360
10 342405
10 342450
10 342495
10 342552
10 342597
10 342642
10 342687
10 342732
10 342777
10 342822
10 342867
10 342912
10 342957
10 343002
10 343047
10 343092
10 343137
10 343182
10 343227
10 343272
10 343317
10 343362
10 343407
10 343452
10 343497
10 343542
10 343587
10 343632
10 343752
10 343797
10 343842
10 343944
10 343989
10 344376
10 344496
10 344541
10 344664
10 344709
10 344754
10 344799
10 344844
10 345288
10 345333
10 345480
10 345528
10 345648
10 345693
10 345816
10 345861
10 346128
10 346173
10 346218
10 346296
10 346341
10 346488
10 346680
10 347136
10 347496
10 347664
10 348384
10 348768
10 348813
10 348858
10 348912
10 348957
10 349008
10 349053
10 349296
10 349341
10 349512
10 349557
10 349602
10 349647
10 349692
10 349737
10 349782
10 349827
10 349896
10 349941
10 349986
10 350031
10 350076
10 350121
10 350166
10 350211
10 350256
10 350301
10 350346
10 350391
10 350436
10 350481
10 350526
10 350571
10 350616
10 350661
10 350706
10 350751
10 350796
10 350841
10 350886
10 350931
10 350976
10 351021
10 351066
10 351111
10 351156
10 351201
10 351246
10 351291
10 351336
10 351381
10 351426
10 351471
10 351516
10 351561
10 351606
10 351651
10 351696
10 351741
10 351786
10 351831
10 351876
10 351921
10 351966
10 352011
10 352056
10 352101
10 352146
10 352191
10 352236
10 352281
10 352326
10 352371
10 352416
10 352461
10 352512
10 352608
10 352653
10 352698
10 352743
10 352800
10 352845
10 352890
10 353088
10 353256
10 353301
10 354336
10 354840
10 355056
10 355101
10 355146
10 355416
10 355752
10 355800
10 358080
10 358125
10 358170
10 358272
10 358320
10 358365
10 358440
10 358485
10 358530
10 358575
10 358620
10 358665
10 358710
10 358755
10 358800
10 358845
10 358890
10 358935
10 358980
10 359025
10 359070
10 359115
10 359160
10 359205
10 359250
10 359295
10 359340
10 359385
10 359430
10 359475
10 359520
10 359565
10 359610
10 359655
10 359700
10 359745
10 359790
10 359835
10 359880
10 359925
10 359970
10 360015
10 360060
10 360105
10 360150
10 360195
10 360240
10 360285
10 360330
10 360375
10 360420
10 360465
10 360510
10 360555
10 360600
10 360645
10 360690
10 360735
10 360780
10 360825
10 360870
10 360915
10 360960
10 361005
10 361050
10 361095
10 361152
10 361197
10 361242
10 361287
10 361416
10 361461
10 361506
10 361551
10 361596
10 361656
10 361704
10 362040
10 362085
10 362136
10 362181
10 362232
10 362277
10 362322
10 363456
10 363696
10 363741
10 363786
10 363840
10 364080
10 366504
10 366672
10 366717
10 366984
10 367029
10 367074
10 367119
10 367164
10 367209
10 367254
10 367299
10 367344
10 367389
10 367434
10 367479
10 367524
10 367569
10 367614
10 367659
10 367704
10 367749
10 367794
10 367839
10 367884
10 367929
10 367974
10 368019
10 368064
10 368109
10 368154
10 368199
10 368244
10 368289
10 368334
10 368379
10 368424
10 368469
10 368514
10 368559
10 368604
10 368649
10 368694
10 368739
10 368784
10 368829
10 368874
10 368919
10 368964
10 369009
10 369054
10 369099
10 369144
10 369189
10 369234
10 369279
10 369324
10 369369
10 369414
10 369459
10 369504
10 369549
10 369594
10 369639
10 369744
10 369816
10 369861
10 369906
10 369984
10 370032
10 370077
10 370122
10 370167
10 370212
10 370257
10 370302
10 370347
10 370440
10 370485
10 370530
10 370575
10 370656
10 370701
10 370746
10 370791
10 370836
10 370881
10 370926
10 370992
10 372432
10 372576
10 372621
10 372696
10 373008
10 373056
10 373224
10 373269
10 373314
10 373488
10 373533
10 374208
10 374400
10 375072
10 375144
10 375189
10 375234
10 375288
10 375360
10 375405
10 375450
10 375495
10 375552
10 375597
10 375642
10 375687
10 375732
10 375777
10 375822
10 375867
10 375912
10 375957
10 376002
10 376047
10 376092
10 376137
10 376182
10 376227
10 376272
10 376317
10 376362
10 376407
10 376452
10 376497
10 376542
10 376587
10 376632
10 376677
10 376722
10 376767
10 376812
10 376857
10 376902
10 376947
10 376992
10 377037
10 377082
10 377127
10 377172
10 377217
10 377262
10 377307
10 377352
10 377397
10 377442
10 377487
10 377532
10 377577
10 377622
10 377667
10 377712
10 377757
10 377802
10 377847
10 377892
10 377937
10 377982
10 378027
10 378072
10 378117
10 378162
10 378216
10 378261
10 378306
10 378351
10 378396
10 378441
10 378486
10 378531
10 378576
10 378621
10 378666
10 378711
10 378756
10 378840
10 378885
10 378930
10 378975
10 379020
10 379065
10 379200
10 379245
10 379290
10 379335
10 379380
10 379425
10 379470
10 379515
10 379560
10 379605
10 379650
10 379695
10 379740
10 379785
10 379830
10 381120
10 381216
10 381456
10 381720
10 381888
10 382008
10 382080
10 382125
10 382296
10 383544
10 384552
10 384600
10 384645
10 384690
10 384735
10 384780
10 384825
10 384870
10 384915
10 384960
10 385005
10 385050
10 385095
10 385140
10 385185
10 385230
10 385275
10 385320
10 385365
10 385410
10 385455
10 385500
10 385545
10 385590
10 385635
10 385680
10 385725
10 385770
10 385815
10 385860
10 385905
10 385950
10 385995
10 386040
10 386085
10 386130
10 386175
10 386220
10 386265
10 386310
10 386355
10 386400
10 386445
10 386490
10 386535
10 386580
10 386625
10 386670
10 386715
10 386760
10 386805
10 386850
10 386904
10 386949
10 386994
10 387039
10 387084
10 387129
10 387174
10 387219
10 387264
10 387309
10 387354
10 387399
10 387444
10 387528
10 387573
10 387618
10 387663
10 387792
10 387912
10 387957
10 388002
10 388200
10 388344
10 388389
10 389640
10 389688
10 389808
10 389904
10 390024
10 390144
10 390288
10 390408
10 390768
10 390813
10 390936
10 391080
10 392232
10 393264
10 393336
10 393381
10 393426
10 393471
10 393516
10 393561
10 393606
10 393651
10 393696
10 393741
10 393786
10 393831
10 393876
10 393921
10 393966
10 394011
10 394056
10 394101
10 394146
10 394191
10 394236
10 394281
10 394326
10 394371
10 394416
10 394461
10 394506
10 394551
10 394596
10 394641
10 394686
10 394731
10 394776
10 394821
10 394866
10 394911
10 394956
10 395001
10 395046
10 395091
10 395136
10 395181
10 395226
10 395271
10 395316
10 395361
10 395406
10 395451
10 395496
10 395541
10 395586
10 395631
10 395676
10 395721
10 395766
10 395811
10 395856
10 395901
10 395946
10 395991
10 396036
10 396081
10 396126
10 396171
10 396216
10 396261
10 396306
10 396351
10 396408
10 396453
10 396498
10 396552
10 396597
10 396642
10 396687
10 396732
10 396936
10 396981
10 397026
10 397071
10 398544
10 398592
10 398637
10 398736
10 398781
10 398904
10 398952
10 399072
10 399240
10 399285
10 399408
10 399453
10 400488
10 401712
10 401757
10 401802
10 401904
10 401949
10 401994
10 402039
10 402084
10 402129
10 402174
10 402219
10 402264
10 402309
10 402354
10 402399
10 402444
10 402489
10 402534
10 402579
10 402624
10 402669
10 402714
10 402759
10 402804
10 402849
10 402894
10 402939
10 402984
10 403029
10 403074
10 403119
10 403164
10 403209
10 403254
10 403299
10 403344
10 403389
10 403434
10 403479
10 403524
10 403569
10 403614
10 403659
10 403704
10 403749
10 403794
10 403839
10 403884
10 403929
10 403974
10 404019
10 404064
10 404109
10 404154
10 404199
10 404244
10 404289
10 404334
10 404379
10 404424
10 404469
10 404514
10 404559
10 404604
10 404649
10 404694
10 404739
10 404784
10 404829
10 405216
10 405261
10 405306
10 405351
10 405396
10 405441
10 405624
10 407016
10 407304
10 407424
10 407469
10 407712
10 407784
10 407829
10 407880
10 407952
10 408024
10 408072
10 408117
10 408162
10 408312
10 408480
10 408912
10 408957
10 409032
10 409104
10 409149
10 410448
10 410493
10 410538
10 410688
10 410733
10 410778
10 410823
10 410868
10 410913
10 410958
10 411192
10 411237
10 411282
10 411327
10 411372
10 411417
10 411462
10 411507
10 411552
10 411597
10 411642
10 411687
10 411732
10 411777
10 411822
10 411867
10 411912
10 411957
10 412002
10 412047
10 412092
10 412137
10 412182
10 412227
10 412272
10 412317
10 412362
10 412407
10 412452
10 412497
10 412542
10 412704
10 412749
10 412794
10 412839
10 412884
10 412929
10 412974
10 413019
10 413064
10 413109
10 413154
10 413199
10 413244
10 413289
10 413334
10 413379
10 413424
10 413520
10 413565
10 413610
10 413655
10 413700
10 413745
10 413790
10 413835
10 413880
10 414000
10 414072
10 414117
10 414162
10 415104
10 415149
10 415194
10 415368
10 415512
10 415557
10 415728
10 415824
10 415920
10 416328
10 416400
10 416496
10 416568
10 416664
10 416709
10 417696
10 417744
10 417816
10 417861
10 417936
10 418032
10 419328
10 419448
10 419493
10 419538
10 419592
10 419664
10 419709
10 419904
10 419949
10 419994
10 420039
10 420084
10 420129
10 420174
10 420219
10 420264
10 420309
10 420354
10 420399
10 420444
10 420489
10 420534
10 420579
10 420624
10 420669
10 420714
10 420759
10 420804
10 420849
10 420894
10 420939
10 420984
10 421029
10 421074
10 421119
10 421164
10 421209
10 421254
10 421299
10 421344
10 421389
10 421434
10 421479
10 421524
10 421569
10 421614
10 421659
10 421704
10 421749
10 421794
10 421839
10 421884
10 421929
10 421974
10 422019
10 422064
10 422109
10 422154
10 422199
10 422244
10 422289
10 422334
10 422379
10 422424
10 422469
10 422520
10 422565
10 422610
10 422712
10 422757
10 423048
10 423600
10 423645
10 424512
10 424800
10 424968
10 425016
10 425061
10 425106
10 425256
10 425352
10 425424
10 425904
10 426024
10 426288
10 426333
10 426504
10 426552
10 426624
10 426669
10 428160
10 428208
10 428280
10 428325
10 428370
10 428415
10 428460
10 428505
10 428664
10 428709
10 428754
10 428799
10 428844
10 428889
10 428934
10 428979
10 429024
10 429069
10 429114
10 429159
10 429204
10 429249
10 429294
10 429339
10 429384
10 429429
10 429474
10 429519
10 429564
10 429609
10 429654
10 429699
10 429744
10 429789
10 429834
10 429879
10 429924
10 429969
10 430014
10 430059
10 430104
10 430149
10 430194
10 430239
10 430284
10 430329
10 430374
10 430419
10 430512
10 430557
10 430602
10 430647
10 430692
10 430737
10 430782
10 430827
10 430872
10 430917
10 430962
10 431007
10 431052
10 431097
10 431142
10 431187
10 431232
10 431277
10 431322
10 431367
10 431412
10 431496
10 431616
10 431661
10 431706
10 431751
10 431796
10 431841
10 431886
10 432744
10 433296
10 433416
10 433896
10 434088
10 434133
10 434856
10 434901
10 434946
10 435000
10 435045
10 435192
10 435237
10 435384
10 435552
10 436680
10 436725
10 436824
10 436869
10 436920
10 436965
10 437010
10 437055
10 437100
10 437145
10 437190
10 437235
10 437280
10 437325
10 437370
10 437415
10 437460
10 437505
10 437550
10 437595
10 437640
10 437685
10 437730
10 437775
10 437820
10 437865
10 437910
10 437955
10 438000
10 438045
10 438090
10 438135
10 438180
10 438225
10 438270
10 438315
10 438360
10 438405
10 438450
10 438495
10 438540
10 438585
10 438630
10 438675
10 438720
10 438765
10 438810
10 438855
10 438900
10 438945
10 438990
10 439035
10 439080
10 439125
10 439170
10 439215
10 439260
10 439305
10 439350
10 439395
10 439440
10 439485
10 439530
10 439575
10 439620
10 439665
10 439710
10 439755
10 439800
10 439845
10 439890
10 439935
10 439980
10 440025
10 440070
10 440115
10 440160
10 440205
10 440250
10 440295
10 440340
10 440385
10 440712
10 440757
10 440802
10 440847
10 440892
10 440937
10 440982
10 442488
10 442533
10 442578
10 442623
10 442824
10 443400
10 443496
10 443544
10 443592
10 444024
10 445368
10 445413
10 445458
10 445503
10 445584
10 445629
10 445872
10 445917
10 445962
10 446007
10 446052
10 446097
10 446142
10 446187
10 446232
10 446277
10 446322
10 446367
10 446412
10 446457
10 446502
10 446547
10 446592
10 446637
10 446682
10 446727
10 446772
10 446817
10 446862
10 446907
10 446952
10 446997
10 447042
10 447087
10 447132
10 447177
10 447222
10 447267
10 447312
10 447357
10 447402
10 447447
10 447492
10 447537
10 447582
10 447672
10 447717
10 447762
10 447807
10 447852
10 447897
10 447942
10 447987
10 448032
10 448077
10 448122
10 448167
10 448212
10 448272
10 448368
10 448413
10 448458
10 448503
10 448548
10 448593
10 448656
10 448701
10 448746
10 448791
10 448836
10 448881
10 448926
10 449496
10 449541
10 450144
10 451056
10 451104
10 451200
10 451392
10 451536
10 451656
10 451824
10 452064
10 452109
10 452160
10 452205
10 452304
10 452400
10 452496
10 452568
10 452613
10 452658
10 452784
10 452829
10 452928
10 452973
10 453096
10 453480
10 454032
10 454680
10 454725
10 454770
10 454815
10 454860
10 454905
10 454950
10 454995
10 455040
10 455085
10 455130
10 455175
10 455220
10 455265
10 455310
10 455355
10 455400
10 455445
10 455490
10 455535
10 455580
10 455625
10 455670
10 455715
10 455760
10 455805
10 455850
10 455895
10 455940
10 455985
10 456030
10 456075
10 456120
10 456165
10 456210
10 456255
10 456300
10 456345
10 456390
10 456435
10 456480
10 456525
10 456570
10 456615
10 456660
10 456705
10 456750
10 456795
10 456840
10 456885
10 456930
10 456975
10 457020
10 457065
10 457110
10 457155
10 457200
10 457245
10 457290
10 457335
10 457380
10 457425
10 457470
10 457515
10 457560
10 457605
10 457650
10 457695
10 457800
10 458064
10 458109
10 458160
10 458205
10 458376
10 458421
10 458736
10 459768
10 459813
10 459858
10 459912
10 460032
10 460077
10 460200
10 460296
10 461616
10 461712
10 462744
10 462789
10 462864
10 462909
10 462954
10 462999
10 463044
10 463089
10 463134
10 463179
10 463248
10 463293
10 463338
10 463383
10 463428
10 463473
10 463518
10 463563
10 463608
10 463653
10 463698
10 463743
10 463788
10 463833
10 463878
10 463923
10 463968
10 464013
10 464058
10 464103
10 464148
10 464193
10 464238
10 464283
10 464328
10 464373
10 464424
10 464469
10 464514
10 464559
10 464604
10 464649
10 464694
10 464739
10 464784
10 464829
10 464874
10 464919
10 464964
10 465009
10 465054
10 465099
10 465144
10 465189
10 465234
10 465279
10 465324
10 465369
10 465414
10 465459
10 465504
10 465549
10 465594
10 465639
10 465684
10 465729
10 465774
10 465819
10 465864
10 465909
10 465954
10 465999
10 466044
10 466089
10 466134
10 466179
10 466224
10 466269
10 466320
10 466365
10 466410
10 466455
10 466500
10 466704
10 466749
10 466794
10 466839
10 466884
10 466944
10 466989
10 467034
10 467616
10 467661
10 468408
10 468480
10 468600
10 468672
10 468720
10 468765
10 468810
10 468855
10 469080
10 469176
10 469296
10 469341
10 469386
10 469800
10 469845
10 470640
10 470904
10 470949
10 471600
10 471645
10 471690
10 472104
10 472149
10 472194
10 472239
10 472284
10 472329
10 472374
10 472419
10 472488
10 472533
10 472578
10 472623
10 472668
10 472713
10 472758
10 472803
10 472848
10 472893
10 472938
10 472983
10 473028
10 473073
10 473118
10 473163
10 473208
10 473253
10 473298
10 473343
10 473388
10 473433
10 473478
10 473523
10 473568
10 473613
10 473658
10 473703
10 473748
10 473793
10 473838
10 473883
10 473928
10 473973
10 474018
10 474063
10 474108
10 474153
10 474198
10 474243
10 474288
10 474333
10 474378
10 474423
10 474468
10 474513
10 474558
10 474603
10 474648
10 474693
10 474738
10 474783
10 474828
10 474873
10 474918
10 474963
10 475008
10 475053
10 475098
10 475143
10 475188
10 475233
10 475278
10 475323
10 475368
10 475413
10 475458
10 475503
10 475548
10 475608
10 475653
10 475698
10 475824
10 475869
10 475914
10 475959
10 476640
10 476976
10 477288
10 477360
10 477408
10 477456
10 477672
10 477717
10 478176
10 478248
10 478296
10 478341
10 478440
10 478485
10 478530
10 479016
10 479112
10 479184
10 480504
10 480549
10 480600
10 480645
10 480690
10 480792
10 481128
10 481173
10 481218
10 481263
10 481308
10 481353
10 481398
10 481443
10 481488
10 481533
10 481578
10 481623
10 481668
10 481713
10 481758
10 481803
10 481848
10 481893
10 481938
10 481983
10 482028
10 482073
10 482118
10 482163
10 482208
10 482253
10 482298
10 482343
10 482388
10 482433
10 482478
10 482523
10 482568
10 482613
10 482658
10 482703
10 482748
10 482793
10 482838
10 482883
10 482976
10 483021
10 483066
10 483111
10 483168
10 483213
10 483258
10 483303
10 483528
10 483573
10 483618
10 483663
10 483708
10 483792
10 483837
10 483882
10 483960
10 484005
10 484344
10 484392
10 484437
10 484608
10 484653
10 485160
10 485232
10 485328
10 485808
10 486024
10 486096
10 486216
10 486264
10 486312
10 486357
10 486402
10 486447
10 486768
10 487008
10 487128
10 487728
10 487944
10 488112
10 488157
10 489408
10 489453
10 489498
10 489543
10 489648
10 489693
10 489738
10 489783
10 489828
10 489873
10 489918
10 489963
10 490008
10 490053
10 490098
10 490143
10 490188
10 490233
10 490278
10 490323
10 490368
10 490413
10 490458
10 490503
10 490548
10 490593
10 490638
10 490683
10 490728
10 490773
10 490818
10 490863
10 490908
10 490953
10 490998
10 491043
10 491088
10 491133
10 491178
10 491223
10 491268
10 491313
10 491358
10 491403
10 491448
10 491493
10 491538
10 491583
10 491628
10 491673
10 491718
10 491763
10 491808
10 491853
10 491898
10 491943
10 491988
10 492033
10 492078
10 492123
10 492168
10 492213
10 492258
10 492303
10 492348
10 492393
10 492438
10 492483
10 492528
10 492573
10 492618
10 492663
10 492708
10 492768
10 492813
10 492912
10 492957
10 493002
10 493344
10 493389
10 493434
10 493512
10 493557
10 493602
10 494760
10 494808
10 494853
10 494928
10 494973
10 495018
10 495264
10 495309
10 495360
10 495480
10 495528
10 495672
10 496104
10 498048
10 498144
10 498189
10 498234
10 498279
10 498324
10 498369
10 498414
10 498459
10 498504
10 498549
10 498594
10 498639
10 498684
10 498729
10 498774
10 498819
10 498864
10 498909
10 498954
10 498999
10 499044
10 499089
10 499134
10 499179
10 499224
10 499269
10 499314
10 499359
10 499404
10 499449
10 499494
10 499539
10 499584
10 499629
10 499674
10 499719
10 499764
10 499809
10 499854
10 499899
10 499944
10 499989
10 500034
10 500079
10 500124
10 500169
10 500214
10 500259
10 500304
10 500349
10 500394
10 500439
10 500484
10 500529
10 500574
10 500619
10 500664
10 500709
10 500754
10 500799
10 500844
10 500889
10 500934
10 500979
10 501072
10 501117
10 501162
10 501216
10 501261
10 501306
10 501351
10 501396
10 501441
10 501486
10 501531
10 501576
10 501621
10 501666
10 501711
10 501756
10 501801
10 501846
10 501891
10 501936
10 501981
10 502026
10 503592
10 504024
10 504384
10 504456
10 504501
10 504552
10 504597
10 504642
10 504792
10 504837
10 504882
10 506760
10 506805
10 506850
10 506904
10 506949
10 506994
10 507039
10 507084
10 507129
10 507216
10 507288
10 507333
10 507378
10 507423
10 507468
10 507513
10 507558
10 507603
10 507648
10 507693
10 507738
10 507783
10 507828
10 507873
10 507918
10 507963
10 508008
10 508053
10 508098
10 508143
10 508188
10 508233
10 508278
10 508323
10 508368
10 508413
10 508458
10 508503
10 508548
10 508593
10 508638
10 508683
10 508728
10 508773
10 508818
10 508863
10 508908
10 508953
10 508998
10 509043
10 509088
10 509133
10 509178
10 509223
10 509268
10 509313
10 509358
10 509403
10 509448
10 509493
10 509538
10 509583
10 509628
10 509673
10 509718
10 509763
10 509808
10 509853
10 509898
10 509943
10 509988
10 510048
10 510093
10 510138
10 510183
10 510228
10 510273
10 510318
10 510600
10 510645
10 510744
10 510789
10 510888
10 510933
10 511032
10 511848
10 511893
10 512088
10 512400
10 512664
10 512832
10 513144
10 513264
10 513309
10 513384
10 513432
10 513528
10 513672
10 513720
10 514440
10 514485
10 514530
10 514575
10 514620
10 514752
10 515664
10 515709
10 515754
10 515799
10 515880
10 515925
10 516048
10 516093
10 516138
10 516183
10 516228
10 516273
10 516318
10 516363
10 516408
10 516453
10 516498
10 516543
10 516588
10 516633
10 516678
10 516723
10 516768
10 516813
10 516858
10 516903
10 516948
10 516993
10 517038
10 517083
10 517128
10 517173
10 517218
10 517263
10 517308
10 517353
10 517398
10 517443
10 517488
10 517533
10 517578
10 517623
10 517668
10 517713
10 517758
10 517803
10 517848
10 517893
10 517938
10 517983
10 518028
10 518073
10 518118
10 518163
10 518208
10 518253
10 518298
10 518343
10 518388
10 518433
10 518478
10 518523
10 518568
10 518613
10 518658
10 518703
10 518748
10 518808
10 518928
10 518973
10 519018
10 519264
10 519309
10 519600
10 520056
10 521208
10 521280
10 521352
10 521448
10 521496
10 521880
10 521952
10 522000
10 522096
10 522144
10 522744
10 524088
10 524133
10 524178
10 524223
10 524268
10 524520
10 524565
10 524616
10 524661
10 524706
10 524751
10 524796
10 524841
10 524886
10 524931
10 524976
10 525021
10 525066
10 525111
10 525156
10 525201
10 525246
10 525291
10 525336
10 525381
10 525426
10 525471
10 525516
10 525561
10 525606
10 525651
10 525696
10 525741
10 525786
10 525831
10 525876
10 525921
10 525966
10 526011
10 526056
10 526101
10 526146
10 526191
10 526236
10 526281
10 526326
10 526371
10 526416
10 526461
10 526506
10 526551
10 526596
10 526641
10 526686
10 526731
10 526776
10 526821
10 526866
10 526911
10 526956
10 527001
10 527046
10 527091
10 527136
10 527181
10 527226
10 527271
10 527316
10 527400
10 527445
10 527568
10 527613
10 527658
10 527703
10 527748
10 527793
10 528000
10 528045
10 528090
10 528135
10 528180
10 528225
10 528270
10 528315
10 528360
10 528405
10 528480
10 528525
10 530088
10 530133
10 530232
10 530328
10 530400
10 530448
10 530493
10 530880
10 530976
10 531096
10 531600
10 532680
10 532944
10 532989
10 533280
10 533520
10 533568
10 533613
10 533658
10 533703
10 533748
10 533793
10 533838
10 533883
10 533928
10 533973
10 534018
10 534063
10 534108
10 534153
10 534198
10 534243
10 534288
10 534333
10 534378
10 534423
10 534468
10 534513
10 534558
10 534603
10 534648
10 534693
10 534738
10 534783
10 534828
10 534873
10 534918
10 534963
10 535008
10 535053
10 535098
10 535143
10 535188
10 535233
10 535278
10 535323
10 535368
10 535413
10 535458
10 535503
10 535548
10 535593
10 535638
10 535752
10 535797
10 535842
10 535887
10 535932
10 535977
10 536022
10 536067
10 536112
10 536157
10 536202
10 536247
10 536352
10 536397
10 536442
10 536487
10 536544
10 536589
10 536664
10 536709
10 536754
10 536799
10 536844
10 536889
10 536934
10 537000
10 537045
10 537192
10 537336
10 537381
10 538800
10 538848
10 538896
10 539160
10 539232
10 539352
10 539400
10 539445
10 539490
10 539688
10 539733
10 539904
10 539952
10 540048
10 540288
10 540333
10 540432
10 540477
10 540528
10 540573
10 540672
10 540717
10 540816
10 541656
10 541701
10 541746
10 541896
10 541941
10 541986
10 542064
10 542112
10 542157
10 542202
10 542247
10 542292
10 542400
10 542448
10 542493
10 542538
10 542583
10 542628
10 542673
10 542718
10 542763
10 542808
10 542853
10 542898
10 542943
10 542988
10 543033
10 543078
10 543123
10 543168
10 543213
10 543258
10 543303
10 543348
10 543393
10 543438
10 543483
10 543528
10 543573
10 543618
10 543663
10 543708
10 543753
10 543798
10 543843
10 543888
10 543933
10 543978
10 544023
10 544068
10 544113
10 544158
10 544203
10 544488
10 544533
10 544578
10 544632
10 544677
10 544722
10 544767
10 544896
10 544941
10 544986
10 545031
10 545076
10 545121
10 545166
10 545211
10 545256
10 545544
10 545589
10 545808
10 545928
10 545973
10 547272
10 547317
10 547416
10 547824
10 547869
10 547920
10 548448
10 548520
10 548565
10 548688
10 548856
10 548952
10 549024
10 549072
10 549117
10 549264
10 549360
10 549405
10 549450
10 549552
10 551136
10 551181
10 551226
10 551271
10 551352
10 551397
10 551442
10 551487
10 551532
10 551577
10 551622
10 551667
10 551712
10 551757
10 551802
10 551847
10 551892
10 551937
10 551982
10 552027
10 552072
10 552117
10 552162
10 552207
10 552252
10 552297
10 552342
10 552387
10 552432
10 552477
10 552522
10 552567
10 552612
10 552657
10 552702
10 552747
10 552792
10 552837
10 552882
10 552927
10 552972
10 553017
10 553062
10 553107
10 553152
10 553197
10 553242
10 553296
10 553341
10 553386
10 553431
10 553476
10 553521
10 553566
10 553611
10 553872
10 553917
10 553962
10 554007
10 554052
10 554097
10 554142
10 554187
10 554328
10 554373
10 554418
10 554463
10 554568
10 554613
10 554658
10 554784
10 556272
10 556416
10 556461
10 556560
10 556656
10 556701
10 556848
10 556893
10 556992
10 557232
10 557277
10 557322
10 557928
10 559248
10 559488
10 559533
10 559578
10 559680
10 559725
10 559824
10 559968
10 560013
10 560058
10 560103
10 560148
10 560193
10 560238
10 560283
10 560328
10 560373
10 560418
10 560463
10 560508
10 560553
10 560598
10 560643
10 560688
10 560733
10 560778
10 560823
10 560868
10 560913
10 560958
10 561003
10 561048
10 561093
10 561138
10 561183
10 561228
10 561273
10 561318
10 561363
10 561408
10 561453
10 561498
10 561543
10 561588
10 561633
10 561678
10 561723
10 561768
10 561813
10 561858
10 561903
10 561948
10 561993
10 562038
10 562083
10 562128
10 562173
10 562218
10 562263
10 562308
10 562353
10 562398
10 562443
10 562488
10 562533
10 562578
10 562623
10 562668
10 562713
10 562758
10 562896
10 562941
10 562986
10 563616
10 563661
10 563760
10 563805
10 564624
10 564720
10 564864
10 564912
10 565032
10 565104
10 565200
10 565272
10 565344
10 565392
10 565437
10 565488
10 565533
10 565584
10 565800
10 565896
10 566040
10 566088
10 566160
10 566784
10 567024
10 567069
10 568224
10 568296
10 568341
10 568386
10 568431
10 568476
10 568521
10 568584
10 568632
10 568677
10 568722
10 568767
10 568968
10 569013
10 569058
10 569103
10 569148
10 569193
10 569238
10 569283
10 569328
10 569373
10 569418
10 569463
10 569508
10 569553
10 569598
10 569643
10 569688
10 569733
10 569778
10 569823
10 569868
10 569913
10 569958
10 570003
10 570048
10 570093
10 570138
10 570183
10 570228
10 570273
10 570318
10 570363
10 570408
10 570453
10 570498
10 570543
10 570588
10 570633
10 570678
10 570723
10 570768
10 570813
10 570858
10 570903
10 570948
10 570993
10 571038
10 571083
10 571128
10 571173
10 571248
10 571293
10 571338
10 571383
10 571428
10 571473
10 571518
10 571563
10 571704
10 571749
10 571794
10 571839
10 571884
10 571944
10 572208
10 572280
10 572448
10 572493
10 572544
10 573336
10 573480
10 573576
10 573840
10 573912
10 573957
10 574032
10 574080
10 574125
10 574170
10 574224
10 574320
10 574440
10 574800
10 575064
10 575112
10 575376
10 577056
10 577101
10 577146
10 577191
10 577236
10 577281
10 577326
10 577371
10 577416
10 577461
10 577506
10 577551
10 577596
10 577641
10 577686
10 577731
10 577776
10 577821
10 577866
10 577911
10 577956
10 578001
10 578046
10 578091
10 578136
10 578181
10 578226
10 578271
10 578316
10 578361
10 578406
10 578451
10 578496
10 578541
10 578586
10 578631
10 578676
10 578721
10 578766
10 578811
10 578856
10 578901
10 578946
10 578991
10 579036
10 579081
10 579126
10 579171
10 579216
10 579261
10 579306
10 579351
10 579396
10 579441
10 579486
10 579531
10 579576
10 579621
10 579666
10 579711
10 579756
10 579864
10 579909
10 579954
10 579999
10 580044
10 580089
10 580200
10 580245
10 580290
10 580335
10 580380
10 580440
10 580485
10 580536
10 580581
10 580728
10 580773
10 580920
10 580965
10 581976
10 582072
10 582120
10 582192
10 582312
10 582357
10 582408
10 582528
10 582573
10 582618
10 582663
10 582708
10 582792
10 582840
10 582912
10 583008
10 583053
10 583098
10 583152
10 583320
10 583368
10 583560
10 583605
10 583752
10 583800
10 584400
10 584448
10 584493
10 584760
10 585864
10 585909
10 585954
10 585999
10 586044
10 586128
10 586173
10 586218
10 586263
10 586308
10 586353
10 586398
10 586443
10 586488
10 586533
10 586578
10 586623
10 586668
10 586713
10 586758
10 586803
10 586848
10 586893
10 586938
10 586983
10 587028
10 587073
10 587118
10 587163
10 587208
10 587253
10 587298
10 587343
10 587388
10 587433
10 587478
10 587523
10 587568
10 587613
10 587658
10 587703
10 587748
10 587793
10 587838
10 587883
10 587928
10 587973
10 588018
10 588063
10 588108
10 588153
10 588198
10 588243
10 588288
10 588333
10 588378
10 588423
10 588468
10 588513
10 588558
10 588603
10 588648
10 588693
10 588738
10 588783
10 588828
10 588873
10 588918
10 588963
10 589008
10 589053
10 589098
10 589143
10 589188
10 589233
10 589296
10 589341
10 589386
10 589431
10 589584
10 589629
10 590376
10 590421
10 591264
10 591408
10 591453
10 591504
10 591549
10 591600
10 591645
10 591696
10 591744
10 591816
10 592008
10 594192
10 594237
10 594792
10 594837
10 594882
10 594927
10 594972
10 595017
10 595062
10 595107
10 595152
10 595197
10 595242
10 595287
10 595332
10 595377
10 595422
10 595467
10 595512
10 595557
10 595602
10 595647
10 595692
10 595737
10 595782
10 595827
10 595872
10 595917
10 595962
10 596007
10 596052
10 596097
10 596142
10 596187
10 596232
10 596277
10 596322
10 596367
10 596412
10 596457
10 596502
10 596547
10 596592
10 596637
10 596682
10 596727
10 596772
10 596817
10 596862
10 596907
10 596952
10 596997
10 597042
10 597087
10 597132
10 597177
10 597222
10 597267
10 597312
10 597357
10 597402
10 597447
10 597492
10 597537
10 597582
10 597627
10 597672
10 597744
10 597789
10 597834
10 597879
10 597924
10 597969
10 598014
10 598059
10 598104
10 598149
10 598194
10 598239
10 598284
10 598329
10 598392
10 598437
10 598482
10 598527
10 598632
10 598677
10 598722
10 600456
10 600912
10 601008
10 601128
10 601173
10 601248
10 601293
10 601368
10 601416
10 603336
10 603381
10 603552
10 603792
10 603837
10 603882
10 603927
10 603972
10 604080
10 604125
10 604170
10 604215
10 604260
10 604305
10 604350
10 604395
10 604440
10 604485
10 604530
10 604575
10 604620
10 604665
10 604710
10 604755
10 604800
10 604845
10 604890
10 604935
10 604980
10 605025
10 605070
10 605115
10 605160
10 605205
10 605250
10 605295
10 605340
10 605385
10 605430
10 605475
10 605520
10 605565
10 605610
10 605655
10 605700
10 605745
10 605790
10 605835
10 605880
10 605925
10 605970
10 606015
10 606060
10 606105
10 606150
10 606195
10 606336
10 606408
10 606453
10 606498
10 606543
10 606588
10 606633
10 606678
10 606723
10 606816
10 606861
10 606906
10 606951
10 606996
10 607248
10 608184
10 608229
10 608520
10 608592
10 608664
10 608760
10 608832
10 609072
10 609264
10 609456
10 609816
10 610032
10 610104
10 610176
10 610440
10 610485
10 610530
10 610776
10 610821
10 610866
10 611040
10 611952
10 612264
10 612309
10 612360
10 612405
10 612450
10 612504
10 612549
10 612594
10 612639
10 612768
10 612813
10 612864
10 612909
10 612954
10 612999
10 613044
10 613089
10 613134
10 613179
10 613224
10 613269
10 613314
10 613359
10 613404
10 613449
10 613494
10 613539
10 613584
10 613629
10 613674
10 613719
10 613764
10 613809
10 613854
10 613899
10 613944
10 613989
10 614088
10 614133
10 614178
10 614223
10 614268
10 614313
10 614358
10 614403
10 614448
10 614493
10 614538
10 614583
10 614664
10 614709
10 614754
10 614799
10 614844
10 614889
10 614934
10 614979
10 615024
10 615069
10 615114
10 615168
10 615213
10 615258
10 615303
10 615348
10 615393
10 615438
10 615624
10 615669
10 615714
10 615759
10 615804
10 615849
10 615894
10 615939
10 615984
10 616029
10 616074
10 616119
10 616164
10 616488
10 616533
10 616704
10 616992
10 617352
10 617496
10 617616
10 617712
10 617757
10 617808
10 617856
10 617901
10 617946
10 617991
10 618036
10 618120
10 618165
10 618264
10 618456
10 618528
10 618816
10 618888
10 618936
10 619008
10 619608
10 619653
10 619728
10 620520
10 620565
10 620712
10 620757
10 620802
10 620856
10 620901
10 621216
10 621261
10 621306
10 621351
10 621396
10 621441
10 621486
10 621531
10 621576
10 621621
10 621666
10 621711
10 621756
10 621801
10 621846
10 621891
10 621936
10 621981
10 622026
10 622071
10 622116
10 622161
10 622206
10 622251
10 622296
10 622341
10 622386
10 622431
10 622476
10 622521
10 622566
10 622611
10 622656
10 622701
10 622746
10 622791
10 622836
10 622881
10 622926
10 622971
10 623016
10 623061
10 623106
10 623151
10 623196
10 623241
10 623286
10 623331
10 623376
10 623421
10 623466
10 623511
10 623556
10 623601
10 623646
10 623691
10 623736
10 623781
10 623826
10 623871
10 623916
10 623961
10 624006
10 624051
10 624120
10 624165
10 624210
10 624255
10 624300
10 624345
10 624390
10 624435
10 624480
10 625080
10 625125
10 625200
10 625245
10 625896
10 626352
10 626400
10 626445
10 626712
10 627000
10 627096
10 627141
10 627216
10 627264
10 627309
10 627354
10 627720
10 627936
10 628008
10 629688
10 629733
10 629778
10 629880
10 629976
10 630021
10 630072
10 630117
10 630162
10 630207
10 630252
10 630297
10 630342
10 630387
10 630432
10 630477
10 630522
10 630567
10 630612
10 630657
10 630702
10 630747
10 630792
10 630837
10 630882
10 630927
10 630972
10 631032
10 631077
10 631122
10 631167
10 631212
10 631257
10 631302
10 631347
10 631392
10 631437
10 631482
10 631527
10 631572
10 631617
10 631662
10 631707
10 631752
10 631797
10 631842
10 631887
10 631932
10 631977
10 632022
10 632067
10 632112
10 632157
10 632202
10 632247
10 632292
10 632337
10 632382
10 632427
10 632472
10 632517
10 632562
10 632607
10 632664
10 632709
10 632784
10 632829
10 632874
10 632928
10 632973
10 633018
10 633063
10 633108
10 633153
10 633198
10 633243
10 633408
10 633453
10 634008
10 634104
10 635520
10 635616
10 635661
10 635760
10 636024
10 636408
10 637080
10 637125
10 638352
10 638397
10 638442
10 638487
10 638544
10 638589
10 638634
10 638679
10 638724
10 638769
10 638814
10 638859
10 638904
10 638949
10 638994
10 639039
10 639084
10 639129
10 639192
10 639237
10 639282
10 639327
10 639372
10 639417
10 639462
10 639507
10 639552
10 639597
10 639642
10 639687
10 639732
10 639777
10 639822
10 639867
10 639912
10 639957
10 640002
10 640047
10 640092
10 640137
10 640182
10 640227
10 640272
10 640368
10 640413
10 640458
10 640503
10 640548
10 640593
10 640638
10 640683
10 640728
10 640773
10 640818
10 640863
10 640908
10 640953
10 640998
10 641043
10 641088
10 641133
10 641178
10 641223
10 641268
10 641313
10 641358
10 641403
10 641448
10 641493
10 641538
10 641583
10 641628
10 641673
10 641718
10 641763
10 641808
10 641853
10 641952
10 641997
10 642042
10 642087
10 642384
10 642600
10 642645
10 642840
10 643656
10 643701
10 643776
10 643872
10 644112
10 644184
10 644256
10 644352
10 644397
10 644544
10 644589
10 644688
10 645168
10 645213
10 645258
10 645576
10 645621
10 645912
10 645957
10 646920
10 647280
10 647325
10 647370
10 647415
10 647592
10 647637
10 647682
10 647727
10 647772
10 647817
10 647880
10 647925
10 647970
10 648015
10 648060
10 648105
10 648150
10 648195
10 648240
10 648285
10 648330
10 648375
10 648420
10 648465
10 648510
10 648555
10 648600
10 648645
10 648690
10 648735
10 648780
10 648825
10 648870
10 648915
10 648960
10 649005
10 649050
10 649095
10 649140
10 649185
10 649230
10 649275
10 649320
10 649365
10 649410
10 649455
10 649500
10 649545
10 649590
10 649635
10 649680
10 649725
10 649770
10 649920
10 649965
10 650010
10 650055
10 650100
10 650145
10 650190
10 650235
10 650280
10 650328
10 650373
10 650418
10 650472
10 650517
10 650562
10 650856
10 650904
10 650949
10 651312
10 651357
10 651402
10 651480
10 651525
10 652008
10 652056
10 652656
10 652728
10 652920
10 652965
10 653352
10 653736
10 653784
10 653829
10 653874
10 653919
10 654528
10 654648
10 656160
10 656208
10 656253
10 656298
10 656343
10 656388
10 656433
10 656478
10 656523
10 656568
10 656613
10 656658
10 656703
10 656748
10 656793
10 656838
10 656883
10 656928
10 656973
10 657018
10 657063
10 657108
10 657153
10 657198
10 657243
10 657288
10 657333
10 657378
10 657423
10 657468
10 657513
10 657558
10 657603
10 657648
10 657693
10 657738
10 657783
10 657828
10 657873
10 657918
10 657963
10 658008
10 658053
10 658098
10 658143
10 658188
10 658233
10 658278
10 658323
10 658368
10 658413
10 658458
10 658503
10 658548
10 658593
10 658638
10 658683
10 658728
10 658773
10 658818
10 658863
10 658908
10 658953
10 659016
10 659061
10 659106
10 659151
10 659196
10 659241
10 659286
10 659331
10 659424
10 659469
10 659514
10 659559
10 659604
10 659952
10 659997
10 660624
10 661200
10 661344
10 661392
10 661512
10 661560
10 661605
10 661680
10 661776
10 661821
10 661992
10 662088
10 662133
10 662178
10 662424
10 663072
10 663117
10 663168
10 663288
10 663333
10 663378
10 663423
10 663504
10 663549
10 664392
10 664488
10 664533
10 664608
10 664653
10 664698
10 664743
10 664788
10 664833
10 664878
10 664923
10 664968
10 665013
10 665058
10 665103
10 665148
10 665208
10 665256
10 665301
10 665346
10 665391
10 665436
10 665481
10 665526
10 665571
10 665616
10 665661
10 665706
10 665751
10 665796
10 665841
10 665886
10 665931
10 665976
10 666021
10 666066
10 666111
10 666156
10 666201
10 666246
10 666291
10 666336
10 666381
10 666426
10 666471
10 666516
10 666561
10 666606
10 666651
10 666696
10 666741
10 666786
10 666831
10 666876
10 666921
10 666966
10 667011
10 667056
10 667101
10 667146
10 667191
10 667236
10 667281
10 667326
10 667392
10 667437
10 667482
10 667527
10 667572
10 667617
10 667662
10 667707
10 667752
10 667797
10 667842
10 667887
10 667932
10 668040
10 668085
10 668130
10 668175
10 668220
10 668265
10 668310
10 668355
10 668400
10 668445
10 668490
10 668568
10 668613
10 668784
10 669072
10 669600
10 669888
10 670392
10 670437
10 670512
10 670557
10 670656
10 670704
10 670749
10 670800
10 671328
10 671472
10 671520
10 671565
10 671976
10 673608
10 673653
10 673698
10 673896
10 673941
10 673986
10 674040
10 674085
10 674130
10 674175
10 674220
10 674265
10 674310
10 674355
10 674400
10 674445
10 674490
10 674535
10 674580
10 674625
10 674670
10 674715
10 674760
10 674805
10 674850
10 674895
10 674940
10 674985
10 675030
10 675075
10 675120
10 675165
10 675210
10 675255
10 675300
10 675345
10 675390
10 675435
10 675480
10 675525
10 675570
10 675615
10 675660
10 675705
10 675792
10 675837
10 675882
10 675927
10 675972
10 676017
10 676080
10 676176
10 676221
10 676266
10 676311
10 676356
10 676401
10 676446
10 676491
10 676560
10 676680
10 676725
10 676770
10 676815
10 677136
10 677181
10 678360
10 678528
10 679008
10 679128
10 679224
10 679296
10 679341
10 679386
10 679431
10 679512
10 679584
10 679629
10 679896
10 679941
10 680184
10 680808
10 680853
10 681192
10 681264
10 682032
10 682077
10 682320
10 682365
10 682410
10 682455
10 682500
10 682656
10 682701
10 682746
10 682791
10 682836
10 682881
10 682926
10 682971
10 683016
10 683061
10 683106
10 683151
10 683196
10 683241
10 683286
10 683331
10 683376
10 683421
10 683466
10 683511
10 683556
10 683601
10 683646
10 683691
10 683736
10 683781
10 683826
10 683871
10 683916
10 683961
10 684006
10 684051
10 684096
10 684141
10 684186
10 684231
10 684276
10 684321
10 684366
10 684411
10 684456
10 684501
10 684546
10 684591
10 684636
10 684681
10 684726
10 684771
10 684816
10 684861
10 684906
10 684951
10 684996
10 685041
10 685086
10 685131
10 685176
10 685221
10 685266
10 685311
10 685356
10 685401
10 685446
10 685491
10 685536
10 685581
10 685626
10 685704
10 685749
10 685794
10 685896
10 685941
10 685992
10 686037
10 687672
10 687912
10 687984
10 688152
10 688272
10 688464
10 688509
10 688560
10 688728
10 688872
10 689160
10 689616
10 689664
10 689709
10 690744
10 690792
10 690837
10 690882
10 690984
10 691029
10 691074
10 691119
10 691176
10 691344
10 691389
10 691434
10 691479
10 691524
10 691569
10 691614
10 691659
10 691704
10 691749
10 691794
10 691839
10 691884
10 691929
10 691974
10 692019
10 692064
10 692109
10 692154
10 692199
10 692244
10 692289
10 692334
10 692379
10 692424
10 692469
10 692514
10 692559
10 692604
10 692649
10 692694
10 692739
10 692784
10 692829
10 692874
10 692919
10 692964
10 693009
10 693054
10 693099
10 693144
10 693189
10 693234
10 693279
10 693324
10 693369
10 693414
10 693459
10 693504
10 693549
10 693594
10 693639
10 693684
10 693729
10 693792
10 693837
10 693882
10 693927
10 693972
10 694017
10 694176
10 694320
10 694365
10 694410
10 694455
10 694560
10 694656
10 694701
10 694746
10 694800
10 694845
10 695256
10 696216
10 696432
10 696480
10 696525
10 696648
10 696864
10 697008
10 697104
10 697152
10 697200
10 697512
10 697557
10 697728
10 697776
10 697824
10 697896
10 698064
10 698109
10 698280
10 698325
10 699384
10 699429
10 699474
10 699519
10 699564
10 699816
10 699861
10 699906
10 699960
10 700008
10 700053
10 700176
10 700221
10 700266
10 700320
10 700392
10 700437
10 700482
10 700527
10 700572
10 700617
10 700662
10 700707
10 700752
10 700797
10 700842
10 700887
10 700932
10 700977
10 701022
10 701067
10 701112
10 701157
10 701202
10 701247
10 701292
10 701337
10 701382
10 701427
10 701472
10 701517
10 701562
10 701607
10 701664
10 701709
10 701754
10 701799
10 701844
10 701889
10 701934
10 701979
10 702024
10 702069
10 702114
10 702159
10 702204
10 702312
10 702357
10 702402
10 702447
10 702492
10 702537
10 702582
10 702648
10 702693
10 702738
10 702840
10 702885
10 702984
10 703029
10 703074
10 703119
10 703164
10 703272
10 703317
10 703362
10 703407
10 703452
10 703497
10 705120
10 705192
10 705237
10 705288
10 705576
10 705672
10 705720
10 705888
10 705936
10 705984
10 706032
10 706077
10 706128
10 706176
10 706221
10 706296
10 706341
10 706386
10 706512
10 706557
10 706602
10 706704
10 706896
10 706968
10 707040
10 707088
10 708552
10 708597
10 708642
10 708687
10 708732
10 708777
10 708822
10 708888
10 708933
10 708978
10 709023
10 709068
10 709113
10 709158
10 709203
10 709248
10 709293
10 709338
10 709383
10 709428
10 709473
10 709518
10 709563
10 709608
10 709653
10 709698
10 709743
10 709788
10 709833
10 709878
10 709923
10 709968
10 710013
10 710058
10 710103
10 710148
10 710193
10 710238
10 710283
10 710328
10 710373
10 710418
10 710463
10 710508
10 710553
10 710598
10 710643
10 710688
10 710733
10 710778
10 710823
10 710868
10 710913
10 710958
10 711003
10 711048
10 711093
10 711138
10 711183
10 711228
10 711273
10 711318
10 711363
10 711408
10 711453
10 711498
10 711543
10 711588
10 711633
10 711678
10 711723
10 711768
10 711813
10 711858
10 711960
10 712005
10 712050
10 712095
10 712140
10 712185
10 712230
10 712275
10 712320
10 712365
10 712410
10 712455
10 712500
10 712608
10 712653
10 712728
10 712773
10 712818
10 713040
10 713085
10 713130
10 713592
10 713712
10 714048
10 714120
10 714165
10 714216
10 714264
10 714360
10 714405
10 714480
10 714528
10 714573
10 714624
10 714669
10 714744
10 714789
10 714864
10 714960
10 715005
10 715050
10 715176
10 715248
10 715293
10 715440
10 715584
10 715629
10 716016
10 716064
10 717360
10 717405
10 717504
10 717552
10 717597
10 717642
10 717687
10 717732
10 717777
10 717822
10 717867
10 717912
10 717957
10 718002
10 718047
10 718092
10 718137
10 718272
10 718317
10 718362
10 718407
10 718452
10 718497
10 718542
10 718587
10 718632
10 718677
10 718722
10 718767
10 718812
10 718857
10 718902
10 718947
10 718992
10 719037
10 719082
10 719127
10 719172
10 719217
10 719262
10 719307
10 719352
10 719397
10 719442
10 719487
10 719532
10 719577
10 719622
10 719667
10 719712
10 719757
10 719802
10 719847
10 719892
10 719937
10 719982
10 720027
10 720072
10 720117
10 720162
10 720207
10 720252
10 720297
10 720342
10 720408
10 720453
10 720576
10 720621
10 720666
10 720711
10 720840
10 720885
10 720930
10 720975
10 721020
10 721128
10 721173
10 722208
10 722253
10 722688
10 722880
10 722925
10 722976
10 723021
10 723336
10 723408
10 723453
10 723768
10 724032
10 724080
10 724152
10 724197
10 724488
10 724656
10 725712
10 726072
10 726117
10 726162
10 726207
10 726288
10 726333
10 726378
10 726423
10 726468
10 726513
10 726558
10 726603
10 726648
10 726693
10 726738
10 726783
10 726828
10 726873
10 726918
10 726963
10 727008
10 727053