1 24
1 33
1 42
1 2064
1 2073
1 2082
1 2091
1 2100
1 2109
1 2160
1 2169
1 2178
1 2187
1 2196
1 2205
1 2214
1 2223
1 2232
1 2241
1 2250
1 2259
1 2268
1 2277
1 2496
1 2505
1 2514
1 2568
1 2577
1 2586
1 2595
1 2604
1 2613
1 2622
1 2631
1 2640
1 2649
1 2658
1 2667
1 2676
1 2685
1 2694
1 2703
1 2712
1 2721
1 2730
1 2760
1 2769
1 2778
1 2787
1 2796
1 2805
1 4080
1 4089
1 4098
1 4107
1 4116
1 4125
1 4152
1 4161
1 4170
1 4179
1 4188
1 4197
1 4206
1 4215
1 4224
1 4233
1 4242
1 4251
1 4260
1 4269
1 4278
1 4287
1 4320
1 4329
1 4338
1 4347
1 4356
1 4365
1 4392
1 4401
1 4410
1 4419
1 4428
1 4437
1 4488
1 4497
1 4506
1 4515
1 4524
1 4533
1 4560
1 4569
1 4578
1 4587
1 4596
1 4605
1 4614
1 4623
1 4680
1 4689
1 4698
1 4707
1 4716
1 4725
1 4734
1 4743
1 4824
1 4833
1 4842
1 5472
1 5481
1 5490
1 6216
1 6225
1 6234
1 6312
1 6321
1 6330
1 6339
1 6348
1 6357
1 6432
1 6441
1 6450
1 6459
1 6468
1 6477
1 6576
1 6585
1 6594
1 6768
1 6777
1 6786
1 6795
1 6804
1 6813
1 6822
1 6831
1 7368
1 7377
1 7386
1 7395
1 7404
1 7413
1 7440
1 7449
1 7458
1 7467
1 7476
1 7485
1 7536
1 7545
1 7554
1 7800
1 7809
1 7818
1 7968
1 7977
1 7986
1 7995
1 8004
1 8013
1 8040
1 8049
1 8058
1 8067
1 8076
1 8085
1 8094
1 8103
1 8112
1 8121
1 8130
1 8208
1 8217
1 8226
1 8235
1 8244
1 8253
1 8352
1 8361
1 8370
1 8400
1 8409
1 8418
1 8664
1 8673
1 8682
1 8760
1 8769
1 8778
1 8880
1 8889
1 8898
1 8907
1 8916
1 8925
1 9096
1 9105
1 9114
1 9336
1 9345
1 9354
1 10056
1 10065
1 10074
1 10320
1 10329
1 10338
1 10416
1 10425
1 10434
1 11736
1 11745
1 11754
1 11808
1 11817
1 11826
1 11928
1 11937
1 11946
1 11955
1 11964
1 11973
1 11982
1 11991
1 12456
1 12465
1 12474
1 12576
1 12585
1 12594
1 14736
1 14745
1 14754
1 14808
1 14817
1 14826
1 14880
1 14889
1 14898
1 14976
1 14985
1 14994
1 31680
1 31689
1 31698
1 37800
1 37809
1 37818
1 37848
1 37857
1 37866
1 37875
1 37884
1 37893
1 37944
1 37953
1 37962
1 37971
1 37980
1 37989
1 38064
1 38073
1 38082
1 38328
1 38337
1 38346
1 38400
1 38409
1 38418
1 38448
1 38457
1 38466
1 38475
1 38484
1 38493
1 38502
1 38511
1 38520
1 38529
1 38538
1 38568
1 38577
1 38586
1 38640
1 38649
1 38658
1 38667
1 38676
1 38685
1 38694
1 38703
1 38712
1 38721
1 38730
1 40032
1 40041
1 40050
1 40059
1 40068
1 40077
1 40086
1 40095
1 40560
1 40569
1 40578
1 40587
1 40596
1 40605
1 40614
1 40623
1 40704
1 40713
1 40722
1 40992
1 41001
1 41010
1 41019
1 41028
1 41037
1 41472
1 41481
1 41490
1 41499
1 41508
1 41517
1 41568
1 41577
1 41586
1 41595
1 41604
1 41613
1 41622
1 41631
1 41640
1 41649
1 41658
1 41667
1 41676
1 41685
1 41694
1 41703
1 41712
1 41721
1 41730
1 41739
1 41748
1 41757
1 41766
1 41775
1 41784
1 41793
1 41802
1 41811
1 41820
1 41829
1 41838
1 41847
1 41856
1 41865
1 41874
1 42216
1 42225
1 42234
1 42312
1 42321
1 42330
1 42339
1 42348
1 42357
1 42432
1 42441
1 42450
1 42459
1 42468
1 42477
1 42648
1 42657
1 42666
1 42675
1 42684
1 42693
1 42702
1 42711
1 42744
1 42753
1 42762
1 43056
1 43065
1 43074
1 43083
1 43092
1 43101
1 43128
1 43137
1 43146
1 43224
1 43233
1 43242
1 46248
1 46257
1 46266
1 46320
1 46329
1 46338
1 46347
1 46356
1 46365
1 46440
1 46449
1 46458
1 46467
1 46476
1 46485
1 46494
1 46503
1 46512
1 46521
1 46530
1 46584
1 46593
1 46602
1 46992
1 47001
1 47010
1 47040
1 47049
1 47058
1 47067
1 47076
1 47085
1 47184
1 47193
1 47202
1 48168
1 48177
1 48186
1 48195
1 48204
1 48213
1 48264
1 48273
1 48282
1 49920
1 49929
1 49938
1 49968
1 49977
1 49986
1 49995
1 50004
1 50013
1 50040
1 50049
1 50058
1 50067
1 50076
1 50085
1 51480
1 51489
1 51498
1 51528
1 51537
1 51546
1 51600
1 51609
1 51618
1 51627
1 51636
1 51645
1 51654
1 51663
1 51672
1 51681
1 51690
1 51720
1 51729
1 51738
1 51747
1 51756
1 51765
1 51774
1 51783
1 51792
1 51801
1 51810
1 51936
1 51945
1 51954
1 52008
1 52017
1 52026
1 52080
1 52089
1 52098
1 52107
1 52116
1 52125
1 52134
1 52143
1 52200
1 52209
1 52218
1 52227
1 52236
1 52245
1 52254
1 52263
1 52272
1 52281
1 52290
1 52299
1 52308
1 52317
1 52344
1 52353
1 52362
1 52416
1 52425
1 52434
1 52776
1 52785
1 52794
1 52848
1 52857
1 52866
1 52920
1 52929
1 52938
1 52947
1 52956
1 52965
1 53040
1 53049
1 53058
1 53112
1 53121
1 53130
1 53256
1 53265
1 53274
1 53856
1 53865
1 53874
1 53928
1 53937
1 53946
1 53955
1 53964
1 53973
1 54000
1 54009
1 54018
1 54027
1 54036
1 54045
1 54144
1 54153
1 54162
1 54171
1 54180
1 54189
1 54198
1 54207
1 54288
1 54297
1 54306
1 54315
1 54324
1 54333
1 54384
1 54393
1 54402
1 54432
1 54441
1 54450
1 54480
1 54489
1 54498
1 54648
1 54657
1 54666
1 54675
1 54684
1 54693
1 54744
1 54753
1 54762
1 55320
1 55329
1 55338
1 55392
1 55401
1 55410
1 56832
1 56841
1 56850
1 56859
1 56868
1 56877
1 56928
1 56937
1 56946
1 56955
1 56964
1 56973
1 57456
1 57465
1 57474
1 57552
1 57561
1 57570
1 57720
1 57729
1 57738
1 57816
1 57825
1 57834
1 58008
1 58017
1 58026
1 58320
1 58329
1 58338
1 58416
1 58425
1 58434
1 59736
1 59745
1 59754
1 59763
1 59772
1 59781
1 60000
1 60009
1 60018
1 60048
1 60057
1 60066
1 60075
1 60084
1 60093
1 60144
1 60153
1 60162
1 72432
1 72441
1 72450
1 72459
1 72468
1 72477
1 72486
1 72495
1 72672
1 72681
1 72690
1 76416
1 76425
1 76434
1 79176
1 79185
1 79194
1 79680
1 79689
1 79698
1 80280
1 80289
1 80298
1 80328
1 80337
1 80346
1 80400
1 80409
1 80418
1 80427
1 80436
1 80445
1 80520
1 80529
1 80538
1 80568
1 80577
1 80586
1 80595
1 80604
1 80613
1 80736
1 80745
1 80754
1 81096
1 81105
1 81114
1 81216
1 81225
1 81234
1 81336
1 81345
1 81354
1 81432
1 81441
1 81450
1 81459
1 81468
1 81477
1 81486
1 81495
1 81720
1 81729
1 81738
1 81840
1 81849
1 81858
1 81867
1 81876
1 81885
1 81894
1 81903
1 81960
1 81969
1 81978
1 81987
1 81996
1 82005
1 82014
1 82023
1 82080
1 82089
1 82098
1 82107
1 82116
1 82125
1 82488
1 82497
1 82506
1 82515
1 82524
1 82533
1 82560
1 82569
1 82578
1 82587
1 82596
1 82605
1 82614
1 82623
1 82680
1 82689
1 82698
1 82707
1 82716
1 82725
1 83544
1 83553
1 83562
1 83640
1 83649
1 83658
1 83667
1 83676
1 83685
1 83694
1 83703
1 83712
1 83721
1 83730
1 83739
1 83748
1 83757
1 83766
1 83775
1 83784
1 83793
1 83802
1 83832
1 83841
1 83850
1 83859
1 83868
1 83877
1 83928
1 83937
1 83946
1 84024
1 84033
1 84042
1 87000
1 87009
1 87018
1 87048
1 87057
1 87066
1 87075
1 87084
1 87093
1 87120
1 87129
1 87138
1 87147
1 87156
1 87165
1 90864
1 90873
1 90882
1 90891
1 90900
1 90909
1 90984
1 90993
1 91002
1 91080
1 91089
1 91098
1 91128
1 91137
1 91146
1 91200
1 91209
1 91218
1 91227
1 91236
1 91245
1 91320
1 91329
1 91338
1 91347
1 91356
1 91365
1 91374
1 91383
1 91440
1 91449
1 91458
1 91467
1 91476
1 91485
1 91944
1 91953
1 91962
1 91971
1 91980
1 91989
1 91998
1 92007
1 92040
1 92049
1 92058
1 92067
1 92076
1 92085
1 92094
1 92103
1 92112
1 92121
1 92130
1 92160
1 92169
1 92178
1 92187
1 92196
1 92205
1 92232
1 92241
1 92250
1 92280
1 92289
1 92298
1 92307
1 92316
1 92325
1 94440
1 94449
1 94458
1 94488
1 94497
1 94506
1 94515
1 94524
1 94533
1 94560
1 94569
1 94578
1 94608
1 94617
1 94626
1 94680
1 94689
1 94698
1 94707
1 94716
1 94725
1 94734
1 94743
1 94752
1 94761
1 94770
1 94824
1 94833
1 94842
1 95520
1 95529
1 95538
1 95547
1 95556
1 95565
1 95574
1 95583
1 95640
1 95649
1 95658
1 95688
1 95697
1 95706
1 96624
1 96633
1 96642
1 97728
1 97737
1 97746
1 97755
1 97764
1 97773
1 97824
1 97833
1 97842
1 97896
1 97905
1 97914
1 98016
1 98025
1 98034
1 98136
1 98145
1 98154
1 98256
1 98265
1 98274
1 98376
1 98385
1 98394
1 98496
1 98505
1 98514
1 99432
1 99441
1 99450
1 99504
1 99513
1 99522
1 99576
1 99585
1 99594
1 99696
1 99705
1 99714
1 99723
1 99732
1 99741
1 99984
1 99993
1 100002
1 100056
1 100065
1 100074
1 100083
1 100092
1 100101
1 100176
1 100185
1 100194
1 100203
1 100212
1 100221
1 100320
1 100329
1 100338
1 101088
1 101097
1 101106
1 101115
1 101124
1 101133
1 101184
1 101193
1 101202
1 102000
1 102009
1 102018
1 102096
1 102105
1 102114
1 104136
1 104145
1 104154
1 125040
1 125049
1 125058
1 125067
1 125076
1 125085
1 125094
1 125103
1 125424
1 125433
1 125442
1 125592
1 125601
1 125610
1 125619
1 125628
1 125637
1 125646
1 125655
1 125688
1 125697
1 125706
1 125784
1 125793
1 125802
1 125811
1 125820
1 125829
1 125838
1 125847
1 125856
1 125865
1 125874
1 126624
1 126633
1 126642
1 129168
1 129177
1 129186
1 129195
1 129204
1 129213
1 129222
1 129231
1 129240
1 129249
1 129258
1 129267
1 129276
1 129285
1 129294
1 129303
1 129312
1 129321
1 129330
1 129339
1 129348
1 129357
1 129366
1 129375
1 129432
1 129441
1 129450
1 129459
1 129468
1 129477
1 129486
1 129495
1 129504
1 129513
1 129522
1 129552
1 129561
1 129570
1 129624
1 129633
1 129642
1 131904
1 131913
1 131922
1 131931
1 131940
1 131949
1 131958
1 131967
1 132024
1 132033
1 132042
1 132480
1 132489
1 132498
1 132528
1 132537
1 132546
1 132555
1 132564
1 132573
1 132582
1 132591
1 132888
1 132897
1 132906
1 132915
1 132924
1 132933
1 132942
1 132951
1 132960
1 132969
1 132978
1 132987
1 132996
1 133005
1 133014
1 133023
1 133104
1 133113
1 133122
1 133944
1 133953
1 133962
1 134280
1 134289
1 134298
1 134376
1 134385
1 134394
1 134403
1 134412
1 134421
1 134448
1 134457
1 134466
1 134475
1 134484
1 134493
1 134544
1 134553
1 134562
1 134712
1 134721
1 134730
1 134760
1 134769
1 134778
1 134787
1 134796
1 134805
1 134814
1 134823
1 134832
1 134841
1 134850
1 134859
1 134868
1 134877
1 134886
1 134895
1 134904
1 134913
1 134922
1 134931
1 134940
1 134949
1 134958
1 134967
1 134976
1 134985
1 134994
1 135003
1 135012
1 135021
1 135048
1 135057
1 135066
1 135120
1 135129
1 135138
1 135147
1 135156
1 135165
1 135174
1 135183
1 135192
1 135201
1 135210
1 135240
1 135249
1 135258
1 135267
1 135276
1 135285
1 135294
1 135303
1 135312
1 135321
1 135330
1 135339
1 135348
1 135357
1 135366
1 135375
1 135432
1 135441
1 135450
1 135459
1 135468
1 135477
1 135486
1 135495
1 135528
1 135537
1 135546
1 135555
1 135564
1 135573
1 135582
1 135591
1 135600
1 135609
1 135618
1 135627
1 135636
1 135645
1 135654
1 135663
1 135672
1 135681
1 135690
1 135699
1 135708
1 135717
1 135726
1 135735
1 135840
1 135849
1 135858
1 135867
1 135876
1 135885
1 135894
1 135903
1 135912
1 135921
1 135930
1 136128
1 136137
1 136146
1 136224
1 136233
1 136242
1 137040
1 137049
1 137058
1 137067
1 137076
1 137085
1 137094
1 137103
1 137112
1 137121
1 137130
1 137139
1 137148
1 137157
1 137232
1 137241
1 137250
1 137259
1 137268
1 137277
1 137286
1 137295
1 137328
1 137337
1 137346
1 137424
1 137433
1 137442
1 138360
1 138369
1 138378
1 138387
1 138396
1 138405
1 138414
1 138423
1 138432
1 138441
1 138450
1 138459
1 138468
1 138477
1 138504
1 138513
1 138522
1 139128
1 139137
1 139146
1 139155
1 139164
1 139173
1 139200
1 139209
1 139218
1 139227
1 139236
1 139245
1 139296
1 139305
1 139314
1 139752
1 139761
1 139770
1 139800
1 139809
1 139818
1 139848
1 139857
1 139866
1 139920
1 139929
1 139938
1 139947
1 139956
1 139965
1 139974
1 139983
1 139992
1 140001
1 140010
1 140040
1 140049
1 140058
1 140067
1 140076
1 140085
1 140208
1 140217
1 140226
1 140235
1 140244
1 140253
1 140304
1 140313
1 140322
1 140376
1 140385
1 140394
1 140403
1 140412
1 140421
1 140448
1 140457
1 140466
1 140475
1 140484
1 140493
1 140502
1 140511
1 140520
1 140529
1 140538
1 140616
1 140625
1 140634
1 140736
1 140745
1 140754
1 140856
1 140865
1 140874
1 140928
1 140937
1 140946
1 141000
1 141009
1 141018
1 141027
1 141036
1 141045
1 141120
1 141129
1 141138
1 141147
1 141156
1 141165
1 141174
1 141183
1 141192
1 141201
1 141210
1 141219
1 141228
1 141237
1 142032
1 142041
1 142050
1 142059
1 142068
1 142077
1 142200
1 142209
1 142218
1 142248
1 142257
1 142266
1 142296
1 142305
1 142314
1 142896
1 142905
1 142914
1 142968
1 142977
1 142986
1 142995
1 143004
1 143013
1 143400
1 143409
1 143418
1 143520
1 143529
1 143538
1 143547
1 143556
1 143565
1 143760
1 143769
1 143778
1 143787
1 143796
1 143805
1 143814
1 143823
1 143832
1 143841
1 143850
1 143859
1 143868
1 143877
1 144840
1 144849
1 144858
1 144960
1 144969
1 144978
1 145008
1 145017
1 145026
1 145035
1 145044
1 145053
1 145062
1 145071
1 145104
1 145113
1 145122
1 145632
1 145641
1 145650
1 145659
1 145668
1 145677
1 145704
1 145713
1 145722
1 145776
1 145785
1 145794
1 145848
1 145857
1 145866
1 145944
1 145953
1 145962
1 145971
1 145980
1 145989
1 145998
1 146007
1 146016
1 146025
1 146034
1 146064
1 146073
1 146082
1 146136
1 146145
1 146154
1 147000
1 147009
1 147018
1 147027
1 147036
1 147045
1 147672
1 147681
1 147690
1 147720
1 147729
1 147738
1 147747
1 147756
1 147765
1 147774
1 147783
1 147864
1 147873
1 147882
1 149256
1 149265
1 149274
1 166536
1 166545
1 166554
1 166563
1 166572
1 166581
1 166608
1 166617
1 166626
1 166635
1 166644
1 166653
1 166662
1 166671
1 166680
1 166689
1 166698
1 166707
1 166716
1 166725
1 166896
1 166905
1 166914
1 166992
1 167001
1 167010
1 167040
1 167049
1 167058
1 167088
1 167097
1 167106
1 167115
1 167124
1 167133
1 167160
1 167169
1 167178
1 167187
1 167196
1 167205
1 167232
1 167241
1 167250
1 167259
1 167268
1 167277
1 168552
1 168561
1 168570
1 168600
1 168609
1 168618
1 168720
1 168729
1 168738
1 168768
1 168777
1 168786
1 168795
1 168804
1 168813
1 169992
1 170001
1 170010
1 170040
1 170049
1 170058
1 170904
1 170913
1 170922
1 171168
1 171177
1 171186
1 171195
1 171204
1 171213
1 171240
1 171249
1 171258
1 171336
1 171345
1 171354
1 171600
1 171609
1 171618
1 171648
1 171657
1 171666
1 173160
1 173169
1 173178
1 173187
1 173196
1 173205
1 173214
1 173223
1 173232
1 173241
1 173250
1 173328
1 173337
1 173346
1 173355
1 173364
1 173373
1 173382
1 173391
1 173664
1 173673
1 173682
1 175800
1 175809
1 175818
1 175848
1 175857
1 175866
1 175875
1 175884
1 175893
1 175968
1 175977
1 175986
1 175995
1 176004
1 176013
1 176088
1 176097
1 176106
1 176115
1 176124
1 176133
1 176142
1 176151
1 176184
1 176193
1 176202
1 178608
1 178617
1 178626
1 178635
1 178644
1 178653
1 178662
1 178671
1 178680
1 178689
1 178698
1 178707
1 178716
1 178725
1 178800
1 178809
1 178818
1 178827
1 178836
1 178845
1 178854
1 178863
1 178872
1 178881
1 178890
1 178899
1 178908
1 178917
1 178944
1 178953
1 178962
1 180096
1 180105
1 180114
1 180192
1 180201
1 180210
1 180264
1 180273
1 180282
1 180291
1 180300
1 180309
1 180318
1 180327
1 180336
1 180345
1 180354
1 180576
1 180585
1 180594
1 180603
1 180612
1 180621
1 180648
1 180657
1 180666
1 181440
1 181449
1 181458
1 181467
1 181476
1 181485
1 182136
1 182145
1 182154
1 182232
1 182241
1 182250
1 182280
1 182289
1 182298
1 182328
1 182337
1 182346
1 182400
1 182409
1 182418
1 182427
1 182436
1 182445
1 182454
1 182463
1 182472
1 182481
1 182490
1 182520
1 182529
1 182538
1 182547
1 182556
1 182565
1 182574
1 182583
1 182592
1 182601
1 182610
1 182664
1 182673
1 182682
1 182832
1 182841
1 182850
1 182952
1 182961
1 182970
1 182979
1 182988
1 182997
1 183576
1 183585
1 183594
1 184080
1 184089
1 184098
1 184107
1 184116
1 184125
1 184134
1 184143
1 184152
1 184161
1 184170
1 184179
1 184188
1 184197
1 184224
1 184233
1 184242
1 184272
1 184281
1 184290
1 184299
1 184308
1 184317
1 184368
1 184377
1 184386
1 184395
1 184404
1 184413
1 184800
1 184809
1 184818
1 184827
1 184836
1 184845
1 185640
1 185649
1 185658
1 185667
1 185676
1 185685
1 185694
1 185703
1 185712
1 185721
1 185730
1 185739
1 185748
1 185757
1 185766
1 185775
1 185784
1 185793
1 185802
1 185811
1 185820
1 185829
1 185838
1 185847
1 185856
1 185865
1 185874
1 185883
1 185892
1 185901
1 185928
1 185937
1 185946
1 186000
1 186009
1 186018
1 186027
1 186036
1 186045
1 186054
1 186063
1 186144
1 186153
1 186162
1 186171
1 186180
1 186189
1 186198
1 186207
1 186216
1 186225
1 186234
1 186312
1 186321
1 186330
1 189720
1 189729
1 189738
1 189768
1 189777
1 189786
1 189795
1 189804
1 189813
1 189864
1 189873
1 189882
1 210960
1 210969
1 210978
1 210987
1 210996
1 211005
1 211014
1 211023
1 211080
1 211089
1 211098
1 211107
1 211116
1 211125
1 211134
1 211143
1 211152
1 211161
1 211170
1 211179
1 211188
1 211197
1 211992
1 212001
1 212010
1 212040
1 212049
1 212058
1 212067
1 212076
1 212085
1 212112
1 212121
1 212130
1 212139
1 212148
1 212157
1 213672
1 213681
1 213690
1 213720
1 213729
1 213738
1 213747
1 213756
1 213765
1 213774
1 213783
1 213792
1 213801
1 213810
1 213840
1 213849
1 213858
1 213867
1 213876
1 213885
1 213894
1 213903
1 213912
1 213921
1 213930
1 213939
1 213948
1 213957
1 214896
1 214905
1 214914
1 215016
1 215025
1 215034
1 215136
1 215145
1 215154
1 215232
1 215241
1 215250
1 215280
1 215289
1 215298
1 215328
1 215337
1 215346
1 215520
1 215529
1 215538
1 215547
1 215556
1 215565
1 215574
1 215583
1 215592
1 215601
1 215610
1 215640
1 215649
1 215658
1 215832
1 215841
1 215850
1 215880
1 215889
1 215898
1 215907
1 215916
1 215925
1 215934
1 215943
1 215952
1 215961
1 215970
1 215979
1 215988
1 215997
1 216006
1 216015
1 216024
1 216033
1 216042
1 216051
1 216060
1 216069
1 216078
1 216087
1 216096
1 216105
1 216114
1 216384
1 216393
1 216402
1 217560
1 217569
1 217578
1 217587
1 217596
1 217605
1 217614
1 217623
1 217632
1 217641
1 217650
1 217659
1 217668
1 217677
1 217686
1 217695
1 217704
1 217713
1 217722
1 217731
1 217740
1 217749
1 217758
1 217767
1 217776
1 217785
1 217794
1 217803
1 217812
1 217821
1 217830
1 217839
1 217872
1 217881
1 217890
1 218064
1 218073
1 218082
1 218184
1 218193
1 218202
1 222480
1 222489
1 222498
1 222507
1 222516
1 222525
1 222534
1 222543
1 222552
1 222561
1 222570
1 222579
1 222588
1 222597
1 222624
1 222633
1 222642
1 224160
1 224169
1 224178
1 224208
1 224217
1 224226
1 224235
1 224244
1 224253
1 224304
1 224313
1 224322
1 224376
1 224385
1 224394
1 224616
1 224625
1 224634
1 224736
1 224745
1 224754
1 224763
1 224772
1 224781
1 224808
1 224817
1 224826
1 226320
1 226329
1 226338
1 226347
1 226356
1 226365
1 226374
1 226383
1 226392
1 226401
1 226410
1 226440
1 226449
1 226458
1 226488
1 226497
1 226506
1 226515
1 226524
1 226533
1 226584
1 226593
1 226602
1 226611
1 226620
1 226629
1 226638
1 226647
1 226728
1 226737
1 226746
1 226755
1 226764
1 226773
1 226800
1 226809
1 226818
1 226827
1 226836
1 226845
1 226896
1 226905
1 226914
1 227400
1 227409
1 227418
1 227427
1 227436
1 227445
1 227454
1 227463
1 227544
1 227553
1 227562
1 227592
1 227601
1 227610
1 227736
1 227745
1 227754
1 227856
1 227865
1 227874
1 228048
1 228057
1 228066
1 228144
1 228153
1 228162
1 228360
1 228369
1 228378
1 228387
1 228396
1 228405
1 228414
1 228423
1 228504
1 228513
1 228522
1 228840
1 228849
1 228858
1 229392
1 229401
1 229410
1 229584
1 229593
1 229602
1 230136
1 230145
1 230154
1 230163
1 230172
1 230181
1 230208
1 230217
1 230226
1 230520
1 230529
1 230538
1 230568
1 230577
1 230586
1 230595
1 230604
1 230613
1 230664
1 230673
1 230682
1 230736
1 230745
1 230754
1 232152
1 232161
1 232170
1 232224
1 232233
1 232242
1 232536
1 232545
1 232554
1 233640
1 233649
1 233658
1 233688
1 233697
1 233706
1 233760
1 233769
1 233778
1 234456
1 234465
1 234474
1 256416
1 256425
1 256434
1 256512
1 256521
1 256530
1 256560
1 256569
1 256578
1 256587
1 256596
1 256605
1 256680
1 256689
1 256698
1 256707
1 256716
1 256725
1 256734
1 256743
1 256752
1 256761
1 256770
1 256779
1 256788
1 256797
1 256896
1 256905
1 256914
1 256968
1 256977
1 256986
1 256995
1 257004
1 257013
1 257040
1 257049
1 257058
1 257832
1 257841
1 257850
1 258048
1 258057
1 258066
1 258075
1 258084
1 258093
1 258720
1 258729
1 258738
1 258747
1 258756
1 258765
1 258774
1 258783
1 258840
1 258849
1 258858
1 258867
1 258876
1 258885
1 258912
1 258921
1 258930
1 258960
1 258969
1 258978
1 259104
1 259113
1 259122
1 259224
1 259233
1 259242
1 260640
1 260649
1 260658
1 260667
1 260676
1 260685
1 260784
1 260793
1 260802
1 260880
1 260889
1 260898
1 260907
1 260916
1 260925
1 260934
1 260943
1 260952
1 260961
1 260970
1 260979
1 260988
1 260997
1 261006
1 261015
1 261360
1 261369
1 261378
1 261387
1 261396
1 261405
1 261414
1 261423
1 261432
1 261441
1 261450
1 261459
1 261468
1 261477
1 261486
1 261495
1 261528
1 261537
1 261546
1 261555
1 261564
1 261573
1 261582
1 261591
1 261600
1 261609
1 261618
1 261627
1 261636
1 261645
1 261720
1 261729
1 261738
1 261747
1 261756
1 261765
1 261840
1 261849
1 261858
1 261867
1 261876
1 261885
1 261894
1 261903
1 261912
1 261921
1 261930
1 261939
1 261948
1 261957
1 262056
1 262065
1 262074
1 262176
1 262185
1 262194
1 262248
1 262257
1 262266
1 262275
1 262284
1 262293
1 262320
1 262329
1 262338
1 262560
1 262569
1 262578
1 262587
1 262596
1 262605
1 262680
1 262689
1 262698
1 262707
1 262716
1 262725
1 262734
1 262743
1 262752
1 262761
1 262770
1 262779
1 262788
1 262797
1 263160
1 263169
1 263178
1 263187
1 263196
1 263205
1 263214
1 263223
1 263232
1 263241
1 263250
1 263328
1 263337
1 263346
1 263355
1 263364
1 263373
1 263382
1 263391
1 263400
1 263409
1 263418
1 263427
1 263436
1 263445
1 263568
1 263577
1 263586
1 263595
1 263604
1 263613
1 263622
1 263631
1 263640
1 263649
1 263658
1 263667
1 263676
1 263685
1 263694
1 263703
1 263712
1 263721
1 263730
1 264288
1 264297
1 264306
1 264315
1 264324
1 264333
1 264342
1 264351
1 264360
1 264369
1 264378
1 264387
1 264396
1 264405
1 264744
1 264753
1 264762
1 268224
1 268233
1 268242
1 268344
1 268353
1 268362
1 269088
1 269097
1 269106
1 269160
1 269169
1 269178
1 269187
1 269196
1 269205
1 269214
1 269223
1 269232
1 269241
1 269250
1 269259
1 269268
1 269277
1 269286
1 269295
1 269352
1 269361
1 269370
1 269928
1 269937
1 269946
1 270000
1 270009
1 270018
1 270027
1 270036
1 270045
1 270120
1 270129
1 270138
1 270147
1 270156
1 270165
1 270264
1 270273
1 270282
1 270291
1 270300
1 270309
1 270318
1 270327
1 270336
1 270345
1 270354
1 270696
1 270705
1 270714
1 270723
1 270732
1 270741
1 271104
1 271113
1 271122
1 271131
1 271140
1 271149
1 271158
1 271167
1 271176
1 271185
1 271194
1 271416
1 271425
1 271434
1 271443
1 271452
1 271461
1 271920
1 271929
1 271938
1 271968
1 271977
1 271986
1 271995
1 272004
1 272013
1 272022
1 272031
1 273912
1 273921
1 273930
1 274344
1 274353
1 274362
1 274371
1 274380
1 274389
1 275136
1 275145
1 275154
1 275328
1 275337
1 275346
1 275355
1 275364
1 275373
1 275424
1 275433
1 275442
1 275640
1 275649
1 275658
1 275667
1 275676
1 275685
1 275694
1 275703
1 275712
1 275721
1 275730
1 275739
1 275748
1 275757
1 275976
1 275985
1 275994
1 277008
1 277017
1 277026
1 277176
1 277185
1 277194
1 298536
1 298545
1 298554
1 298728
1 298737
1 298746
1 298755
1 298764
1 298773
1 298782
1 298791
1 298824
1 298833
1 298842
1 299112
1 299121
1 299130
1 299160
1 299169
1 299178
1 301056
1 301065
1 301074
1 301152
1 301161
1 301170
1 301179
1 301188
1 301197
1 301440
1 301449
1 301458
1 301467
1 301476
1 301485
1 301494
1 301503
1 301512
1 301521
1 301530
1 301608
1 301617
1 301626
1 301635
1 301644
1 301653
1 301704
1 301713
1 301722
1 302088
1 302097
1 302106
1 302136
1 302145
1 302154
1 302163
1 302172
1 302181
1 302208
1 302217
1 302226
1 302235
1 302244
1 302253
1 302280
1 302289
1 302298
1 302307
1 302316
1 302325
1 302334
1 302343
1 302352
1 302361
1 302370
1 302424
1 302433
1 302442
1 302616
1 302625
1 302634
1 302688
1 302697
1 302706
1 302715
1 302724
1 302733
1 302742
1 302751
1 302808
1 302817
1 302826
1 302835
1 302844
1 302853
1 302862
1 302871
1 302880
1 302889
1 302898
1 302907
1 302916
1 302925
1 303000
1 303009
1 303018
1 303048
1 303057
1 303066
1 303075
1 303084
1 303093
1 303168
1 303177
1 303186
1 303195
1 303204
1 303213
1 303222
1 303231
1 303240
1 303249
1 303258
1 303744
1 303753
1 303762
1 304680
1 304689
1 304698
1 304707
1 304716
1 304725
1 304824
1 304833
1 304842
1 304920
1 304929
1 304938
1 304947
1 304956
1 304965
1 305064
1 305073
1 305082
1 306360
1 306369
1 306378
1 306387
1 306396
1 306405
1 306480
1 306489
1 306498
1 306507
1 306516
1 306525
1 306534
1 306543
1 306552
1 306561
1 306570
1 306579
1 306588
1 306597
1 306606
1 306615
1 306744
1 306753
1 306762
1 311304
1 311313
1 311322
1 311400
1 311409
1 311418
1 311427
1 311436
1 311445
1 311454
1 311463
1 311472
1 311481
1 311490
1 311520
1 311529
1 311538
1 311547
1 311556
1 311565
1 311574
1 311583
1 311592
1 311601
1 311610
1 311619
1 311628
1 311637
1 311712
1 311721
1 311730
1 311739
1 311748
1 311757
1 312456
1 312465
1 312474
1 312744
1 312753
1 312762
1 313224
1 313233
1 313242
1 313584
1 313593
1 313602
1 313632
1 313641
1 313650
1 313659
1 313668
1 313677
1 313752
1 313761
1 313770
1 313779
1 313788
1 313797
1 313848
1 313857
1 313866
1 313875
1 313884
1 313893
1 313902
1 313911
1 314400
1 314409
1 314418
1 314427
1 314436
1 314445
1 314454
1 314463
1 314592
1 314601
1 314610
1 314619
1 314628
1 314637
1 314736
1 314745
1 314754
1 315240
1 315249
1 315258
1 315267
1 315276
1 315285
1 315294
1 315303
1 315312
1 315321
1 315330
1 315360
1 315369
1 315378
1 315387
1 315396
1 315405
1 315528
1 315537
1 315546
1 315624
1 315633
1 315642
1 315672
1 315681
1 315690
1 315699
1 315708
1 315717
1 315792
1 315801
1 315810
1 315840
1 315849
1 315858
1 316944
1 316953
1 316962
1 316971
1 316980
1 316989
1 316998
1 317007
1 317016
1 317025
1 317034
1 317256
1 317265
1 317274
1 317448
1 317457
1 317466
1 317496
1 317505
1 317514
1 317544
1 317553
1 317562
1 317616
1 317625
1 317634
1 317880
1 317889
1 317898
1 317928
1 317937
1 317946
1 318024
1 318033
1 318042
1 318456
1 318465
1 318474
1 319656
1 319665
1 319674
1 319728
1 319737
1 319746
1 319776
1 319785
1 319794
1 319848
1 319857
1 319866
1 319875
1 319884
1 319893
1 319944
1 319953
1 319962
1 319992
1 320001
1 320010
1 320019
1 320028
1 320037
1 320400
1 320409
1 320418
1 320448
1 320457
1 320466
1 320475
1 320484
1 320493
1 320502
1 320511
1 322176
1 322185
1 322194
1 322368
1 322377
1 322386
1 322440
1 322449
1 322458
1 322728
1 322737
1 322746
1 322755
1 322764
1 322773
1 322824
1 322833
1 322842
1 322896
1 322905
1 322914
1 322968
1 322977
1 322986
1 322995
1 323004
1 323013
1 323064
1 323073
1 323082
1 323616
1 323625
1 323634
1 323688
1 323697
1 323706
1 323715
1 323724
1 323733
1 323784
1 323793
1 323802
1 323856
1 323865
1 323874
1 324096
1 324105
1 324114
1 340992
1 341001
1 341010
1 341019
1 341028
1 341037
1 341328
1 341337
1 341346
1 341400
1 341409
1 341418
1 341427
1 341436
1 341445
1 341454
1 341463
1 341976
1 341985
1 341994
1 342120
1 342129
1 342138
1 342147
1 342156
1 342165
1 342240
1 342249
1 342258
1 342288
1 342297
1 342306
1 342384
1 342393
1 342402
1 342696
1 342705
1 342714
1 342768
1 342777
1 342786
1 342795
1 342804
1 342813
1 342822
1 342831
1 342840
1 342849
1 342858
1 343008
1 343017
1 343026
1 343104
1 343113
1 343122
1 343440
1 343449
1 343458
1 343467
1 343476
1 343485
1 343560
1 343569
1 343578
1 343587
1 343596
1 343605
1 344328
1 344337
1 344346
1 344400
1 344409
1 344418
1 344427
1 344436
1 344445
1 344454
1 344463
1 344472
1 344481
1 344490
1 344568
1 344577
1 344586
1 344595
1 344604
1 344613
1 344640
1 344649
1 344658
1 345744
1 345753
1 345762
1 346176
1 346185
1 346194
1 346203
1 346212
1 346221
1 346230
1 346239
1 346248
1 346257
1 346266
1 346275
1 346284
1 346293
1 346302
1 346311
1 346368
1 346377
1 346386
1 346395
1 346404
1 346413
1 346440
1 346449
1 346458
1 347304
1 347313
1 347322
1 347808
1 347817
1 347826
1 347856
1 347865
1 347874
1 347883
1 347892
1 347901
1 347928
1 347937
1 347946
1 347955
1 347964
1 347973
1 347982
1 347991
1 348048
1 348057
1 348066
1 348075
1 348084
1 348093
1 348102
1 348111
1 348120
1 348129
1 348138
1 348624
1 348633
1 348642
1 349944
1 349953
1 349962
1 350664
1 350673
1 350682
1 351504
1 351513
1 351522
1 351624
1 351633
1 351642
1 352560
1 352569
1 352578
1 352587
1 352596
1 352605
1 352680
1 352689
1 352698
1 352707
1 352716
1 352725
1 354480
1 354489
1 354498
1 354507
1 354516
1 354525
1 354534
1 354543
1 354552
1 354561
1 354570
1 354600
1 354609
1 354618
1 356160
1 356169
1 356178
1 356208
1 356217
1 356226
1 356304
1 356313
1 356322
1 356568
1 356577
1 356586
1 356616
1 356625
1 356634
1 356643
1 356652
1 356661
1 356880
1 356889
1 356898
1 356907
1 356916
1 356925
1 356934
1 356943
1 356952
1 356961
1 356970
1 357048
1 357057
1 357066
1 357075
1 357084
1 357093
1 357144
1 357153
1 357162
1 357171
1 357180
1 357189
1 357198
1 357207
1 357240
1 357249
1 357258
1 359880
1 359889
1 359898
1 359928
1 359937
1 359946
1 359955
1 359964
1 359973
1 360048
1 360057
1 360066
1 360075
1 360084
1 360093
1 360102
1 360111
1 360168
1 360177
1 360186
1 360195
1 360204
1 360213
1 360240
1 360249
1 360258
1 360267
1 360276
1 360285
1 360360
1 360369
1 360378
1 360480
1 360489
1 360498
1 360507
1 360516
1 360525
1 360720
1 360729
1 360738
1 360747
1 360756
1 360765
1 360864
1 360873
1 360882
1 360912
1 360921
1 360930
1 361200
1 361209
1 361218
1 361248
1 361257
1 361266
1 361320
1 361329
1 361338
1 361347
1 361356
1 361365
1 361752
1 361761
1 361770
1 362088
1 362097
1 362106
1 362115
1 362124
1 362133
1 362160
1 362169
1 362178
1 362187
1 362196
1 362205
1 362544
1 362553
1 362562
1 362616
1 362625
1 362634
1 362904
1 362913
1 362922
1 362976
1 362985
1 362994
1 363336
1 363345
1 363354
1 363456
1 363465
1 363474
1 364296
1 364305
1 364314
1 383928
1 383937
1 383946
1 384024
1 384033
1 384042
1 384096
1 384105
1 384114
1 386616
1 386625
1 386634
1 386808
1 386817
1 386826
1 386835
1 386844
1 386853
1 386880
1 386889
1 386898
1 387024
1 387033
1 387042
1 387120
1 387129
1 387138
1 387147
1 387156
1 387165
1 387174
1 387183
1 387192
1 387201
1 387210
1 387576
1 387585
1 387594
1 388368
1 388377
1 388386
1 388395
1 388404
1 388413
1 388422
1 388431
1 388440
1 388449
1 388458
1 388512
1 388521
1 388530
1 388704
1 388713
1 388722
1 388824
1 388833
1 388842
1 389400
1 389409
1 389418
1 389427
1 389436
1 389445
1 389454
1 389463
1 389472
1 389481
1 389490
1 389499
1 389508
1 389517
1 389616
1 389625
1 389634
1 390048
1 390057
1 390066
1 390075
1 390084
1 390093
1 390120
1 390129
1 390138
1 390147
1 390156
1 390165
1 390312
1 390321
1 390330
1 390624
1 390633
1 390642
1 390651
1 390660
1 390669
1 390720
1 390729
1 390738
1 390747
1 390756
1 390765
1 390774
1 390783
1 390792
1 390801
1 390810
1 390840
1 390849
1 390858
1 390867
1 390876
1 390885
1 391128
1 391137
1 391146
1 391155
1 391164
1 391173
1 391182
1 391191
1 391296
1 391305
1 391314
1 391512
1 391521
1 391530
1 391539
1 391548
1 391557
1 391566
1 391575
1 391608
1 391617
1 391626
1 391635
1 391644
1 391653
1 391662
1 391671
1 391680
1 391689
1 391698
1 391707
1 391716
1 391725
1 391734
1 391743
1 391752
1 391761
1 391770
1 391779
1 391788
1 391797
1 391968
1 391977
1 391986
1 391995
1 392004
1 392013
1 392022
1 392031
1 392040
1 392049
1 392058
1 392067
1 392076
1 392085
1 392094
1 392103
1 392112
1 392121
1 392130
1 392160
1 392169
1 392178
1 392187
1 392196
1 392205
1 392214
1 392223
1 392232
1 392241
1 392250
1 392259
1 392268
1 392277
1 392328
1 392337
1 392346
1 392355
1 392364
1 392373
1 392400
1 392409
1 392418
1 392427
1 392436
1 392445
1 392520
1 392529
1 392538
1 392547
1 392556
1 392565
1 392574
1 392583
1 392592
1 392601
1 392610
1 392619
1 392628
1 392637
1 392646
1 392655
1 392688
1 392697
1 392706
1 392715
1 392724
1 392733
1 392760
1 392769
1 392778
1 392880
1 392889
1 392898
1 392928
1 392937
1 392946
1 392955
1 392964
1 392973
1 393000
1 393009
1 393018
1 393027
1 393036
1 393045
1 393054
1 393063
1 393168
1 393177
1 393186
1 393195
1 393204
1 393213
1 393240
1 393249
1 393258
1 395520
1 395529
1 395538
1 395547
1 395556
1 395565
1 395574
1 395583
1 395592
1 395601
1 395610
1 395640
1 395649
1 395658
1 395667
1 395676
1 395685
1 395694
1 395703
1 395712
1 395721
1 395730
1 395739
1 395748
1 395757
1 395766
1 395775
1 395784
1 395793
1 395802
1 395832
1 395841
1 395850
1 395859
1 395868
1 395877
1 395886
1 395895
1 396024
1 396033
1 396042
1 396144
1 396153
1 396162
1 396264
1 396273
1 396282
1 396408
1 396417
1 396426
1 396435
1 396444
1 396453
1 396462
1 396471
1 396480
1 396489
1 396498
1 396507
1 396516
1 396525
1 396534
1 396543
1 396552
1 396561
1 396570
1 396579
1 396588
1 396597
1 396606
1 396615
1 396624
1 396633
1 396642
1 396651
1 396660
1 396669
1 396744
1 396753
1 396762
1 397248
1 397257
1 397266
1 397320
1 397329
1 397338
1 397347
1 397356
1 397365
1 397440
1 397449
1 397458
1 397467
1 397476
1 397485
1 397494
1 397503
1 397512
1 397521
1 397530
1 397560
1 397569
1 397578
1 397587
1 397596
1 397605
1 397704
1 397713
1 397722
1 398880
1 398889
1 398898
1 398907
1 398916
1 398925
1 399024
1 399033
1 399042
1 399960
1 399969
1 399978
1 399987
1 399996
1 400005
1 400584
1 400593
1 400602
1 401280
1 401289
1 401298
1 401400
1 401409
1 401418
1 401427
1 401436
1 401445
1 401472
1 401481
1 401490
1 401499
1 401508
1 401517
1 401736
1 401745
1 401754
1 402168
1 402177
1 402186
1 402360
1 402369
1 402378
1 402387
1 402396
1 402405
1 402456
1 402465
1 402474
1 402768
1 402777
1 402786
1 402795
1 402804
1 402813
1 403056
1 403065
1 403074
1 403176
1 403185
1 403194
1 403248
1 403257
1 403266
1 403275
1 403284
1 403293
1 403320
1 403329
1 403338
1 403347
1 403356
1 403365
1 403374
1 403383
1 403464
1 403473
1 403482
1 403536
1 403545
1 403554
1 403872
1 403881
1 403890
1 403992
1 404001
1 404010
1 404019
1 404028
1 404037
1 404256
1 404265
1 404274
1 404520
1 404529
1 404538
1 404547
1 404556
1 404565
1 404574
1 404583
1 404592
1 404601
1 404610
1 404688
1 404697
1 404706
1 404715
1 404724
1 404733
1 404856
1 404865
1 404874
1 406008
1 406017
1 406026
1 406035
1 406044
1 406053
1 406104
1 406113
1 406122
1 407352
1 407361
1 407370
1 407379
1 407388
1 407397
1 407472
1 407481
1 407490
1 408336
1 408345
1 408354
1 409128
1 409137
1 409146
1 409155
1 409164
1 409173
1 409200
1 409209
1 409218
1 409227
1 409236
1 409245
1 409320
1 409329
1 409338
1 411336
1 411345
1 411354
1 427176
1 427185
1 427194
1 427203
1 427212
1 427221
1 427488
1 427497
1 427506
1 427515
1 427524
1 427533
1 427656
1 427665
1 427674
1 430968
1 430977
1 430986
1 430995
1 431004
1 431013
1 431022
1 431031
1 431040
1 431049
1 431058
1 431616
1 431625
1 431634
1 431643
1 431652
1 431661
1 431670
1 431679
1 431688
1 431697
1 431706
1 431715
1 431724
1 431733
1 431742
1 431751
1 432096
1 432105
1 432114
1 432216
1 432225
1 432234
1 432312
1 432321
1 432330
1 432339
1 432348
1 432357
1 432432
1 432441
1 432450
1 432480
1 432489
1 432498
1 432507
1 432516
1 432525
1 432534
1 432543
1 432552
1 432561
1 432570
1 432579
1 432588
1 432597
1 432606
1 432615
1 432768
1 432777
1 432786
1 432795
1 432804
1 432813
1 432840
1 432849
1 432858
1 432888
1 432897
1 432906
1 432915
1 432924
1 432933
1 432942
1 432951
1 433008
1 433017
1 433026
1 433035
1 433044
1 433053
1 433128
1 433137
1 433146
1 433200
1 433209
1 433218
1 433227
1 433236
1 433245
1 433254
1 433263
1 433272
1 433281
1 433290
1 433299
1 433308
1 433317
1 433326
1 433335
1 433368
1 433377
1 433386
1 433416
1 433425
1 433434
1 433443
1 433452
1 433461
1 433560
1 433569
1 433578
1 433587
1 433596
1 433605
1 433680
1 433689
1 433698
1 433707
1 433716
1 433725
1 433734
1 433743
1 433752
1 433761
1 433770
1 433848
1 433857
1 433866
1 433875
1 433884
1 433893
1 433902
1 433911
1 433920
1 433929
1 433938
1 434280
1 434289
1 434298
1 434307
1 434316
1 434325
1 434334
1 434343
1 434352
1 434361
1 434370
1 434400
1 434409
1 434418
1 434568
1 434577
1 434586
1 434808
1 434817
1 434826
1 434835
1 434844
1 434853
1 434862
1 434871
1 434880
1 434889
1 434898
1 435000
1 435009
1 435018
1 435027
1 435036
1 435045
1 435264
1 435273
1 435282
1 436704
1 436713
1 436722
1 441144
1 441153
1 441162
1 441720
1 441729
1 441738
1 441747
1 441756
1 441765
1 442824
1 442833
1 442842
1 442944
1 442953
1 442962
1 445992
1 446001
1 446010
1 446019
1 446028
1 446037
1 446856
1 446865
1 446874
1 446952
1 446961
1 446970
1 447048
1 447057
1 447066
1 447075
1 447084
1 447093
1 447102
1 447111
1 447120
1 447129
1 447138
1 447384
1 447393
1 447402
1 447552
1 447561
1 447570
1 447579
1 447588
1 447597
1 448248
1 448257
1 448266
1 448275
1 448284
1 448293
1 448416
1 448425
1 448434
1 448728
1 448737
1 448746
1 448776
1 448785
1 448794
1 448803
1 448812
1 448821
1 448830
1 448839
1 449376
1 449385
1 449394
1 450528
1 450537
1 450546
1 450555
1 450564
1 450573
1 450582
1 450591
1 450624
1 450633
1 450642
1 450696
1 450705
1 450714
1 451872
1 451881
1 451890
1 451899
1 451908
1 451917
1 451926
1 451935
1 451968
1 451977
1 451986
1 452040
1 452049
1 452058
1 452088
1 452097
1 452106
1 452184
1 452193
1 452202
1 452448
1 452457
1 452466
1 452568
1 452577
1 452586
1 452595
1 452604
1 452613
1 452622
1 452631
1 453216
1 453225
1 453234
1 453288
1 453297
1 453306
1 453315
1 453324
1 453333
1 453342
1 453351
1 472128
1 472137
1 472146
1 472200
1 472209
1 472218
1 472320
1 472329
1 472338
1 472347
1 472356
1 472365
1 472392
1 472401
1 472410
1 472728
1 472737
1 472746
1 472755
1 472764
1 472773
1 472800
1 472809
1 472818
1 472992
1 473001
1 473010
1 473064
1 473073
1 473082
1 473328
1 473337
1 473346
1 473904
1 473913
1 473922
1 475248
1 475257
1 475266
1 475296
1 475305
1 475314
1 475323
1 475332
1 475341
1 475350
1 475359
1 475536
1 475545
1 475554
1 475632
1 475641
1 475650
1 475680
1 475689
1 475698
1 475707
1 475716
1 475725
1 475848
1 475857
1 475866
1 475875
1 475884
1 475893
1 475920
1 475929
1 475938
1 475947
1 475956
1 475965
1 476208
1 476217
1 476226
1 476235
1 476244
1 476253
1 476262
1 476271
1 476280
1 476289
1 476298
1 476424
1 476433
1 476442
1 476688
1 476697
1 476706
1 476736
1 476745
1 476754
1 476763
1 476772
1 476781
1 476790
1 476799
1 476808
1 476817
1 476826
1 476835
1 476844
1 476853
1 476880
1 476889
1 476898
1 476907
1 476916
1 476925
1 477000
1 477009
1 477018
1 477048
1 477057
1 477066
1 477075
1 477084
1 477093
1 477102
1 477111
1 477120
1 477129
1 477138
1 477408
1 477417
1 477426
1 477435
1 477444
1 477453
1 477462
1 477471
1 477768
1 477777
1 477786
1 477795
1 477804
1 477813
1 477864
1 477873
1 477882
1 477891
1 477900
1 477909
1 477918
1 477927
1 477936
1 477945
1 477954
1 477963
1 477972
1 477981
1 478320
1 478329
1 478338
1 478392
1 478401
1 478410
1 478512
1 478521
1 478530
1 478539
1 478548
1 478557
1 480648
1 480657
1 480666
1 480744
1 480753
1 480762
1 481056
1 481065
1 481074
1 481083
1 481092
1 481101
1 481110
1 481119
1 481128
1 481137
1 481146
1 481155
1 481164
1 481173
1 481182
1 481191
1 481200
1 481209
1 481218
1 481227
1 481236
1 481245
1 481254
1 481263
1 481272
1 481281
1 481290
1 481299
1 481308
1 481317
1 481326
1 481335
1 481392
1 481401
1 481410
1 481419
1 481428
1 481437
1 481446
1 481455
1 481464
1 481473
1 481482
1 481491
1 481500
1 481509
1 481584
1 481593
1 481602
1 482976
1 482985
1 482994
1 483144
1 483153
1 483162
1 483264
1 483273
1 483282
1 483360
1 483369
1 483378
1 483387
1 483396
1 483405
1 483432
1 483441
1 483450
1 483504
1 483513
1 483522
1 483888
1 483897
1 483906
1 483915
1 483924
1 483933
1 483960
1 483969
1 483978
1 483987
1 483996
1 484005
1 484014
1 484023
1 484032
1 484041
1 484050
1 484128
1 484137
1 484146
1 484155
1 484164
1 484173
1 484200
1 484209
1 484218
1 484248
1 484257
1 484266
1 484275
1 484284
1 484293
1 484302
1 484311
1 485880
1 485889
1 485898
1 485907
1 485916
1 485925
1 485976
1 485985
1 485994
1 486096
1 486105
1 486114
1 486123
1 486132
1 486141
1 486150
1 486159
1 486960
1 486969
1 486978
1 487032
1 487041
1 487050
1 487272
1 487281
1 487290
1 487368
1 487377
1 487386
1 487440
1 487449
1 487458
1 487467
1 487476
1 487485
1 487494
1 487503
1 487512
1 487521
1 487530
1 487539
1 487548
1 487557
1 487728
1 487737
1 487746
1 487755
1 487764
1 487773
1 487824
1 487833
1 487842
1 488328
1 488337
1 488346
1 488355
1 488364
1 488373
1 488382
1 488391
1 488400
1 488409
1 488418
1 488427
1 488436
1 488445
1 488454
1 488463
1 488472
1 488481
1 488490
1 488808
1 488817
1 488826
1 488835
1 488844
1 488853
1 488862
1 488871
1 488880
1 488889
1 488898
1 488907
1 488916
1 488925
1 489240
1 489249
1 489258
1 489288
1 489297
1 489306
1 489315
1 489324
1 489333
1 489342
1 489351
1 489384
1 489393
1 489402
1 489411
1 489420
1 489429
1 489438
1 489447
1 489456
1 489465
1 489474
1 489483
1 489492
1 489501
1 490128
1 490137
1 490146
1 490176
1 490185
1 490194
1 490536
1 490545
1 490554
1 491040
1 491049
1 491058
1 491136
1 491145
1 491154
1 491304
1 491313
1 491322
1 491520
1 491529
1 491538
1 491547
1 491556
1 491565
1 491574
1 491583
1 491592
1 491601
1 491610
1 492096
1 492105
1 492114
1 492360
1 492369
1 492378
1 492387
1 492396
1 492405
1 492504
1 492513
1 492522
1 492984
1 492993
1 493002
1 493056
1 493065
1 493074
1 493728
1 493737
1 493746
1 493800
1 493809
1 493818
1 493827
1 493836
1 493845
1 493854
1 493863
1 493872
1 493881
1 493890
1 493944
1 493953
1 493962
1 494256
1 494265
1 494274
1 495792
1 495801
1 495810
1 495819
1 495828
1 495837
1 495846
1 495855
1 495864
1 495873
1 495882
1 495891
1 495900
1 495909
1 495918
1 495927
1 495936
1 495945
1 495954
1 496056
1 496065
1 496074
1 515808
1 515817
1 515826
1 515904
1 515913
1 515922
1 516000
1 516009
1 516018
1 516072
1 516081
1 516090
1 516099
1 516108
1 516117
1 518232
1 518241
1 518250
1 518304
1 518313
1 518322
1 518928
1 518937
1 518946
1 519000
1 519009
1 519018
1 519027
1 519036
1 519045
1 519096
1 519105
1 519114
1 519336
1 519345
1 519354
1 519363
1 519372
1 519381
1 519408
1 519417
1 519426
1 519435
1 519444
1 519453
1 519480
1 519489
1 519498
1 519507
1 519516
1 519525
1 519534
1 519543
1 519552
1 519561
1 519570
1 519600
1 519609
1 519618
1 519627
1 519636
1 519645
1 519654
1 519663
1 519672
1 519681
1 519690
1 519720
1 519729
1 519738
1 519747
1 519756
1 519765
1 519774
1 519783
1 519792
1 519801
1 519810
1 519840
1 519849
1 519858
1 519867
1 519876
1 519885
1 519894
1 519903
1 519912
1 519921
1 519930
1 519960
1 519969
1 519978
1 520008
1 520017
1 520026
1 520035
1 520044
1 520053
1 520104
1 520113
1 520122
1 520584
1 520593
1 520602
1 521688
1 521697
1 521706
1 521784
1 521793
1 521802
1 521928
1 521937
1 521946
1 522024
1 522033
1 522042
1 522240
1 522249
1 522258
1 522267
1 522276
1 522285
1 522384
1 522393
1 522402
1 522411
1 522420
1 522429
1 522438
1 522447
1 522480
1 522489
1 522498
1 522864
1 522873
1 522882
1 525984
1 525993
1 526002
1 529320
1 529329
1 529338
1 529347
1 529356
1 529365
1 529374
1 529383
1 529440
1 529449
1 529458
1 529467
1 529476
1 529485
1 529494
1 529503
1 529512
1 529521
1 529530
1 529584
1 529593
1 529602
1 529611
1 529620
1 529629
1 529638
1 529647
1 529656
1 529665
1 529674
1 529683
1 529692
1 529701
1 529728
1 529737
1 529746
1 529755
1 529764
1 529773
1 529782
1 529791
1 529800
1 529809
1 529818
1 529827
1 529836
1 529845
1 529854
1 529863
1 529872
1 529881
1 529890
1 529920
1 529929
1 529938
1 529947
1 529956
1 529965
1 529974
1 529983
1 529992
1 530001
1 530010
1 530040
1 530049
1 530058
1 530067
1 530076
1 530085
1 530094
1 530103
1 530112
1 530121
1 530130
1 530160
1 530169
1 530178
1 530187
1 530196
1 530205
1 530214
1 530223
1 530232
1 530241
1 530250
1 530280
1 530289
1 530298
1 530307
1 530316
1 530325
1 530334
1 530343
1 530352
1 530361
1 530370
1 530424
1 530433
1 530442
1 530688
1 530697
1 530706
1 530856
1 530865
1 530874
1 530952
1 530961
1 530970
1 530979
1 530988
1 530997
1 531984
1 531993
1 532002
1 533568
1 533577
1 533586
1 533664
1 533673
1 533682
1 533691
1 533700
1 533709
1 533718
1 533727
1 533760
1 533769
1 533778
1 534960
1 534969
1 534978
1 534987
1 534996
1 535005
1 535080
1 535089
1 535098
1 535107
1 535116
1 535125
1 535134
1 535143
1 535152
1 535161
1 535170
1 535200
1 535209
1 535218
1 535227
1 535236
1 535245
1 535920
1 535929
1 535938
1 536448
1 536457
1 536466
1 536568
1 536577
1 536586
1 536595
1 536604
1 536613
1 536664
1 536673
1 536682
1 536736
1 536745
1 536754
1 542088
1 542097
1 542106
1 542115
1 542124
1 542133
1 542142
1 542151
1 542208
1 542217
1 542226
1 542235
1 542244
1 542253
1 542328
1 542337
1 542346
1 542355
1 542364
1 542373
1 543624
1 543633
1 543642
1 543696
1 543705
1 543714
1 560808
1 560817
1 560826
1 560856
1 560865
1 560874
1 560883
1 560892
1 560901
1 560928
1 560937
1 560946
1 560955
1 560964
1 560973
1 561024
1 561033
1 561042
1 564048
1 564057
1 564066
1 564096
1 564105
1 564114
1 564384
1 564393
1 564402
1 564960
1 564969
1 564978
1 565008
1 565017
1 565026
1 565035
1 565044
1 565053
1 565062
1 565071
1 565080
1 565089
1 565098
1 565107
1 565116
1 565125
1 565200
1 565209
1 565218
1 565227
1 565236
1 565245
1 565296
1 565305
1 565314
1 565536
1 565545
1 565554
1 565608
1 565617
1 565626
1 565656
1 565665
1 565674
1 565704
1 565713
1 565722
1 565776
1 565785
1 565794
1 565803
1 565812
1 565821
1 565848
1 565857
1 565866
1 565875
1 565884
1 565893
1 565902
1 565911
1 565944
1 565953
1 565962
1 566520
1 566529
1 566538
1 566568
1 566577
1 566586
1 566595
1 566604
1 566613
1 566622
1 566631
1 566688
1 566697
1 566706
1 566715
1 566724
1 566733
1 566742
1 566751
1 566760
1 566769
1 566778
1 566787
1 566796
1 566805
1 566832
1 566841
1 566850
1 566859
1 566868
1 566877
1 566886
1 566895
1 566904
1 566913
1 566922
1 566952
1 566961
1 566970
1 566979
1 566988
1 566997
1 567024
1 567033
1 567042
1 567096
1 567105
1 567114
1 567216
1 567225
1 567234
1 567243
1 567252
1 567261
1 567480
1 567489
1 567498
1 567507
1 567516
1 567525
1 567534
1 567543
1 567552
1 567561
1 567570
1 567600
1 567609
1 567618
1 567627
1 567636
1 567645
1 567672
1 567681
1 567690
1 567720
1 567729
1 567738
1 567747
1 567756
1 567765
1 567774
1 567783
1 567792
1 567801
1 567810
1 567840
1 567849
1 567858
1 567867
1 567876
1 567885
1 567894
1 567903
1 567912
1 567921
1 567930
1 567939
1 567948
1 567957
1 567966
1 567975
1 567984
1 567993
1 568002
1 568011
1 568020
1 568029
1 568038
1 568047
1 568056
1 568065
1 568074
1 568104
1 568113
1 568122
1 573360
1 573369
1 573378
1 573387
1 573396
1 573405
1 573414
1 573423
1 573432
1 573441
1 573450
1 573459
1 573468
1 573477
1 573528
1 573537
1 573546
1 573555
1 573564
1 573573
1 573624
1 573633
1 573642
1 574488
1 574497
1 574506
1 574560
1 574569
1 574578
1 575760
1 575769
1 575778
1 575808
1 575817
1 575826
1 575835
1 575844
1 575853
1 575862
1 575871
1 575928
1 575937
1 575946
1 575955
1 575964
1 575973
1 575982
1 575991
1 576048
1 576057
1 576066
1 576075
1 576084
1 576093
1 576144
1 576153
1 576162
1 576192
1 576201
1 576210
1 576219
1 576228
1 576237
1 576336
1 576345
1 576354
1 576648
1 576657
1 576666
1 576675
1 576684
1 576693
1 576702
1 576711
1 576720
1 576729
1 576738
1 576747
1 576756
1 576765
1 576840
1 576849
1 576858
1 576867
1 576876
1 576885
1 576894
1 576903
1 576984
1 576993
1 577002
1 577011
1 577020
1 577029
1 577038
1 577047
1 577560
1 577569
1 577578
1 577680
1 577689
1 577698
1 577707
1 577716
1 577725
1 577734
1 577743
1 577848
1 577857
1 577866
1 577875
1 577884
1 577893
1 577920
1 577929
1 577938
1 578328
1 578337
1 578346
1 578400
1 578409
1 578418
1 578427
1 578436
1 578445
1 578454
1 578463
1 578472
1 578481
1 578490
1 578520
1 578529
1 578538
1 579120
1 579129
1 579138
1 579192
1 579201
1 579210
1 579219
1 579228
1 579237
1 579576
1 579585
1 579594
1 579672
1 579681
1 579690
1 579699
1 579708
1 579717
1 580296
1 580305
1 580314
1 580608
1 580617
1 580626
1 580656
1 580665
1 580674
1 580683
1 580692
1 580701
1 580848
1 580857
1 580866
1 580875
1 580884
1 580893
1 580902
1 580911
1 580944
1 580953
1 580962
1 581784
1 581793
1 581802
1 582408
1 582417
1 582426
1 582435
1 582444
1 582453
1 582480
1 582489
1 582498
1 582768
1 582777
1 582786
1 582936
1 582945
1 582954
1 583080
1 583089
1 583098
1 583128
1 583137
1 583146
1 583155
1 583164
1 583173
1 583182
1 583191
1 583488
1 583497
1 583506
1 583560
1 583569
1 583578
1 583587
1 583596
1 583605
1 583824
1 583833
1 583842
1 583896
1 583905
1 583914
1 604728
1 604737
1 604746
1 604776
1 604785
1 604794
1 604803
1 604812
1 604821
1 604830
1 604839
1 604872
1 604881
1 604890
1 604899
1 604908
1 604917
1 604944
1 604953
1 604962
1 606408
1 606417
1 606426
1 606456
1 606465
1 606474
1 606483
1 606492
1 606501
1 606510
1 606519
1 606528
1 606537
1 606546
1 606555
1 606564
1 606573
1 606672
1 606681
1 606690
1 606792
1 606801
1 606810
1 606819
1 606828
1 606837
1 606936
1 606945
1 606954
1 606963
1 606972
1 606981
1 607320
1 607329
1 607338
1 608016
1 608025
1 608034
1 608043
1 608052
1 608061
1 609864
1 609873
1 609882
1 609960
1 609969
1 609978
1 609987
1 609996
1 610005
1 610080
1 610089
1 610098
1 610107
1 610116
1 610125
1 610134
1 610143
1 610200
1 610209
1 610218
1 610227
1 610236
1 610245
1 610320
1 610329
1 610338
1 610347
1 610356
1 610365
1 610440
1 610449
1 610458
1 610467
1 610476
1 610485
1 610584
1 610593
1 610602
1 610824
1 610833
1 610842
1 610944
1 610953
1 610962
1 612696
1 612705
1 612714
1 612816
1 612825
1 612834
1 613176
1 613185
1 613194
1 613248
1 613257
1 613266
1 613275
1 613284
1 613293
1 613344
1 613353
1 613362
1 613656
1 613665
1 613674
1 617280
1 617289
1 617298
1 617307
1 617316
1 617325
1 617334
1 617343
1 617352
1 617361
1 617370
1 617379
1 617388
1 617397
1 617406
1 617415
1 617424
1 617433
1 617442
1 618360
1 618369
1 618378
1 618387
1 618396
1 618405
1 618414
1 618423
1 618432
1 618441
1 618450
1 618459
1 618468
1 618477
1 618504
1 618513
1 618522
1 622080
1 622089
1 622098
1 622107
1 622116
1 622125
1 622224
1 622233
1 622242
1 622440
1 622449
1 622458
1 622467
1 622476
1 622485
1 622494
1 622503
1 622512
1 622521
1 622530
1 622608
1 622617
1 622626
1 622635
1 622644
1 622653
1 622662
1 622671
1 622728
1 622737
1 622746
1 622755
1 622764
1 622773
1 622782
1 622791
1 622896
1 622905
1 622914
1 622968
1 622977
1 622986
1 622995
1 623004
1 623013
1 623022
1 623031
1 623040
1 623049
1 623058
1 623067
1 623076
1 623085
1 623160
1 623169
1 623178
1 623208
1 623217
1 623226
1 623235
1 623244
1 623253
1 623262
1 623271
1 623280
1 623289
1 623298
1 623307
1 623316
1 623325
1 623880
1 623889
1 623898
1 623928
1 623937
1 623946
1 623955
1 623964
1 623973
1 623982
1 623991
1 624504
1 624513
1 624522
1 625104
1 625113
1 625122
1 625344
1 625353
1 625362
1 626688
1 626697
1 626706
1 626808
1 626817
1 626826
1 626904
1 626913
1 626922
1 626976
1 626985
1 626994
1 627216
1 627225
1 627234
1 627480
1 627489
1 627498
1 627528
1 627537
1 627546
1 627555
1 627564
1 627573
1 627582
1 627591
1 627936
1 627945
1 627954
1 628056
1 628065
1 628074
1 628248
1 628257
1 628266
1 628296
1 628305
1 628314
1 628416
1 628425
1 628434
1 628488
1 628497
1 628506
1 628515
1 628524
1 628533
1 628728
1 628737
1 628746
1 628800
1 628809
1 628818
1 628827
1 628836
1 628845
1 628968
1 628977
1 628986
1 628995
1 629004
1 629013
1 629022
1 629031
1 650328
1 650337
1 650346
1 650355
1 650364
1 650373
1 650382
1 650391
1 650400
1 650409
1 650418
1 650427
1 650436
1 650445
1 650496
1 650505
1 650514
1 651192
1 651201
1 651210
1 651219
1 651228
1 651237
1 652968
1 652977
1 652986
1 652995
1 653004
1 653013
1 653022
1 653031
1 653064
1 653073
1 653082
1 653568
1 653577
1 653586
1 653595
1 653604
1 653613
1 653622
1 653631
1 653664
1 653673
1 653682
1 653760
1 653769
1 653778
1 659064
1 659073
1 659082
1 659136
1 659145
1 659154
1 659256
1 659265
1 659274
1 659448
1 659457
1 659466
1 659475
1 659484
1 659493
1 659502
1 659511
1 659520
1 659529
1 659538
1 659568
1 659577
1 659586
1 659595
1 659604
1 659613
1 659622
1 659631
1 659640
1 659649
1 659658
1 659667
1 659676
1 659685
1 659712
1 659721
1 659730
1 659739
1 659748
1 659757
1 659784
1 659793
1 659802
1 661344
1 661353
1 661362
1 661488
1 661497
1 661506
1 661515
1 661524
1 661533
1 661608
1 661617
1 661626
1 661635
1 661644
1 661653
1 661680
1 661689
1 661698
1 661707
1 661716
1 661725
1 661824
1 661833
1 661842
1 663288
1 663297
1 663306
1 663360
1 663369
1 663378
1 663387
1 663396
1 663405
1 663432
1 663441
1 663450
1 663459
1 663468
1 663477
1 663486
1 663495
1 663504
1 663513
1 663522
1 663531
1 663540
1 663549
1 663558
1 663567
1 663600
1 663609
1 663618
1 663627
1 663636
1 663645
1 663696
1 663705
1 663714
1 663768
1 663777
1 663786
1 663816
1 663825
1 663834
1 663843
1 663852
1 663861
1 664128
1 664137
1 664146
1 664155
1 664164
1 664173
1 664182
1 664191
1 664368
1 664377
1 664386
1 664416
1 664425
1 664434
1 664443
1 664452
1 664461
1 664470
1 664479
1 665304
1 665313
1 665322
1 666888
1 666897
1 666906
1 666915
1 666924
1 666933
1 666960
1 666969
1 666978
1 666987
1 666996
1 667005
1 667014
1 667023
1 667032
1 667041
1 667050
1 667080
1 667089
1 667098
1 667107
1 667116
1 667125
1 667134
1 667143
1 667152
1 667161
1 667170
1 667200
1 667209
1 667218
1 667227
1 667236
1 667245
1 667320
1 667329
1 667338
1 667347
1 667356
1 667365
1 667680
1 667689
1 667698
1 667707
1 667716
1 667725
1 667734
1 667743
1 667752
1 667761
1 667770
1 667848
1 667857
1 667866
1 667875
1 667884
1 667893
1 667920
1 667929
1 667938
1 667947
1 667956
1 667965
1 667992
1 668001
1 668010
1 668019
1 668028
1 668037
1 669960
1 669969
1 669978
1 672672
1 672681
1 672690
1 672699
1 672708
1 672717
1 672726
1 672735
1 672768
1 672777
1 672786
1 672795
1 672804
1 672813
1 673320
1 673329
1 673338
1 673368
1 673377
1 673386
1 673395
1 673404
1 673413
1 674736
1 674745
1 674754
1 674856
1 674865
1 674874
1 688992
1 689001
1 689010
1 689019
1 689028
1 689037
1 689064
1 689073
1 689082
1 692040
1 692049
1 692058
1 692112
1 692121
1 692130
1 692139
1 692148
1 692157
1 692280
1 692289
1 692298
1 692328
1 692337
1 692346
1 692355
1 692364
1 692373
1 692424
1 692433
1 692442
1 695256
1 695265
1 695274
1 695328
1 695337
1 695346
1 695355
1 695364
1 695373
1 695382
1 695391
1 695496
1 695505
1 695514
1 695523
1 695532
1 695541
1 695568
1 695577
1 695586
1 695595
1 695604
1 695613
1 695664
1 695673
1 695682
1 695691
1 695700
1 695709
1 695718
1 695727
1 695736
1 695745
1 695754
1 695763
1 695772
1 695781
1 695808
1 695817
1 695826
1 695835
1 695844
1 695853
1 695862
1 695871
1 695904
1 695913
1 695922
1 696000
1 696009
1 696018
1 696048
1 696057
1 696066
1 696075
1 696084
1 696093
1 696102
1 696111
1 696120
1 696129
1 696138
1 696147
1 696156
1 696165
1 696174
1 696183
1 696192
1 696201
1 696210
1 696240
1 696249
1 696258
1 696267
1 696276
1 696285
1 696294
1 696303
1 697728
1 697737
1 697746
1 697755
1 697764
1 697773
1 697800
1 697809
1 697818
1 697848
1 697857
1 697866
1 697875
1 697884
1 697893
1 697902
1 697911
1 697944
1 697953
1 697962
1 698352
1 698361
1 698370
1 698379
1 698388
1 698397
1 698406
1 698415
1 702048
1 702057
1 702066
1 702075
1 702084
1 702093
1 702102
1 702111
1 702504
1 702513
1 702522
1 707208
1 707217
1 707226
1 707328
1 707337
1 707346
1 707400
1 707409
1 707418
1 707448
1 707457
1 707466
1 707475
1 707484
1 707493
1 707544
1 707553
1 707562
1 709032
1 709041
1 709050
1 709059
1 709068
1 709077
1 709104
1 709113
1 709122
1 709176
1 709185
1 709194
1 709296
1 709305
1 709314
1 709416
1 709425
1 709434
1 709536
1 709545
1 709554
1 710376
1 710385
1 710394
1 710856
1 710865
1 710874
1 710976
1 710985
1 710994
1 711048
1 711057
1 711066
1 711075
1 711084
1 711093
1 711144
1 711153
1 711162
1 711216
1 711225
1 711234
1 711384
1 711393
1 711402
1 711528
1 711537
1 711546
1 711555
1 711564
1 711573
1 711624
1 711633
1 711642
1 711696
1 711705
1 711714
1 714408
1 714417
1 714426
1 714480
1 714489
1 714498