4 0
65 0
69 0
1 1728
59 7176
72 11736
41 21576
31 29616
54 30432
4 30705
47 30720
84 60528
92 63744
81 64560
64 65160
17 65184
57 68232
13 70152
18 73464
12 73896
6 74280
87 77616
40 80616
39 82656
11 89976
56 100141
0 100560
16 103320
53 103920
70 109296
90 112344
85 112560
47 116736
49 120840
61 121344
91 124632
44 124693
29 129600
83 134304
63 135528
50 138399
15 141696
93 143568
6 153744
62 156024
25 161626
78 162000
30 162648
71 164280
43 164640
77 164680
1 177024
38 179136
94 182064
16 182205
0 188592
70 195768
69 200064
80 200520
28 202800
22 205776
76 205776
46 211344
91 212832
57 226608
58 226704
45 232176
75 232176
24 234456
74 239760
82 239904
7 244200
33 248400
41 249456
39 252120
81 253080
97 253080
0 255888
86 256008
36 256920
72 258360
9 262416
20 268968
60 269928
35 272424
67 274536
89 275544
31 275568
55 276240
52 278640
10 282936
35 285610
15 290832
12 291840
38 293064
34 293328
48 297096
66 300840
95 301392
50 304992
4 306691
56 310488
41 313704
62 314664
51 319560
14 320136
79 322368
43 323424
77 323424
91 327504
42 328032
46 328032
8 328152
74 344928
87 345936
76 350361
96 358464
28 360526
8 363312
69 367152
84 367248
55 370608
12 379656
64 393240
19 393816
23 397944
26 401904
73 406416
7 410736
45 412080
83 412248
29 412368
93 416136
1 417970
57 419374
25 425328
29 425554
75 427080
61 428376
39 431746
22 432000
70 432334
38 433896
59 436944
8 440568
32 441096
20 445392
68 450384
3 451056
27 451080
65 454032
54 454800
6 456984
5 458712
97 467856
62 468816
21 472104
9 476088
37 480552
88 481392
94 489408
92 489504
56 490114
71 492826
0 494016
47 494040
85 494760
38 500976
40 501264
2 501288
89 502512
34 505512
4 506544
49 511848
44 511992
90 512016
24 512664
56 516672
93 521520
12 525192
33 525192
25 528768
86 530400
95 538320
30 538368
11 541656
78 547872
14 548328
82 551136
58 555288
52 556488
60 563760
80 572640
91 572976
25 573504
53 577008
23 577080
18 591264
63 597408
61 603792
48 603888
30 606312
40 607608
45 611904
43 612960
56 617457
93 618648
16 625104
58 625488
73 625512
87 630360
64 633984
38 641181
57 642800
77 646944
86 652008
36 652608
2 656448
81 665640
28 667320
17 667992
79 668880
10 669600
95 669888
19 670512
30 672264
43 673392
97 677304
60 678360
18 681384
84 682656
72 683266
20 686640
0 690648
31 691464
61 695817
47 712560
25 713709
88 713736
41 714288
50 714360
67 717576
48 722208
56 722712
42 723048
33 725688
39 726456