6 21240
6 21288
6 21816
6 22032
6 23160
6 23208
6 23253
6 23328
6 23424
6 23520
6 23565
6 26400
6 26448
6 26493
6 27120
6 27240
6 27288
6 27384
6 27456
6 27528
6 27573
6 27648
6 27693
6 27738
6 27783
6 27960
6 28560
6 28680
6 28824
6 28869
6 28914
6 28968
6 29013
6 29376
6 29424
6 29469
6 29514
6 61296
6 61392
6 61488
6 61680
6 61725
6 65088
6 65133
6 65208
6 65253
6 65304
6 65400
6 65520
6 65568
6 65880
6 66120
6 66192
6 66237
6 66312
6 66357
6 66432
6 66528
6 66573
6 66648
6 66693
6 66840
6 66960
6 67008
6 67080
6 67320
6 67512
6 67632
6 67800
6 67848
6 67896
6 68016
6 68064
6 69048
6 69216
6 69264
6 70680
6 71040
6 71088
6 71133
6 71232
6 107760
6 107808
6 107853
6 107928
6 107973
6 108048
6 108093
6 108240
6 109560
6 110520
6 110640
6 111120
6 111264
6 111309
6 111360
6 111408
6 111453
6 111720
6 112080
6 113232
6 113277
6 113328
6 113373
6 113520
6 113880
6 114360
6 115680
6 115752
6 115797
6 115848
6 116640
6 116760
6 116880
6 117048
6 117093
6 117144
6 117189
6 117234
6 117312
6 117357
6 117402
6 117447
6 117504
6 117549
6 117594
6 117639
6 117684
6 117840
6 151176
6 151296
6 151392
6 152088
6 152133
6 152184
6 152496
6 152592
6 152712
6 152760
6 152808
6 152880
6 152928
6 153072
6 153117
6 153162
6 153552
6 153597
6 153768
6 153813
6 154440
6 154512
6 154557
6 154602
6 155640
6 155688
6 155733
6 155778
6 155856
6 155901
6 155976
6 156021
6 157560
6 157608
6 157824
6 157872
6 158328
6 158373
6 158418
6 158463
6 158640
6 158688
6 158733
6 158778
6 158976
6 159096
6 159168
6 161280
6 161328
6 161373
6 161418
6 161472
6 161520
6 161736
6 161880
6 161925
6 161970
6 162240
6 162480
6 195528
6 195600
6 195696
6 195744
6 195816
6 196056
6 196200
6 196248
6 197016
6 197061
6 197106
6 197400
6 197568
6 197613
6 197808
6 197880
6 198672
6 198717
6 198816
6 198861
6 198906
6 199368
6 200208
6 200304
6 200472
6 200520
6 200568
6 200613
6 200760
6 200805
6 202680
6 202728
6 204120
6 204216
6 204261
6 204306
6 205560
6 206160
6 237960
6 238032
6 239520
6 239568
6 239613
6 239736
6 241680
6 241728
6 241773
6 241818
6 241863
6 242592
6 242664
6 242709
6 248688
6 248733
6 248778
6 248823
6 248880
6 248976
6 249480
6 249552
6 249597
6 279504
6 281280
6 281328
6 281373
6 281418
6 281463
6 282120
6 282216
6 282696
6 282744
6 284280
6 284328
6 284373
6 285360
6 285408
6 285453
6 285504
6 285816
6 285888
6 285933
6 285978
6 286023
6 286080
6 286125
6 289200
6 289248
6 289293
6 289338
6 289392
6 289440
6 289488
6 289533
6 289578
6 292368
6 292416
6 292461
6 293760
6 293904
6 294216
6 294261
6 294360
6 294405
6 325056
6 325248
6 325320
6 325392
6 325464
6 325536
6 325581
6 325632
6 325677
6 327048
6 327096
6 327168
6 327213
6 327264
6 327309
6 327360
6 327405
6 327600
6 327672
6 327717
6 327816
6 328248
6 328293
6 328338
6 328560
6 328632
6 328677
6 329136
6 329208
6 329253
6 330024
6 330069
6 330192
6 330312
6 330357
6 330402
6 331968
6 332136
6 332328
6 332400
6 332445
6 333120
6 336480
6 336528
6 336600
6 367920
6 367968
6 368040
6 368160
6 368232
6 368304
6 368376
6 368472
6 368520
6 369288
6 369360
6 370728
6 370800
6 370872
6 370920
6 370968
6 371448
6 371520
6 371568
6 371640
6 371760
6 371808
6 371853
6 371904
6 371976
6 372096
6 372192
6 372264
6 372309
6 372960
6 373008
6 373176
6 373776
6 374088
6 374133
6 375480
6 375552
6 375597
6 375642
6 376200
6 376245
6 376290
6 376440
6 376488
6 376560
6 377040
6 377088
6 377208
6 377253
6 379080
6 379125
6 379344
6 379800
6 379845
6 379920
6 379965
6 380040
6 380085
6 380520
6 380640
6 380685
6 380760
6 380805
6 413760
6 413832
6 413976
6 414096
6 414216
6 414336
6 414456
6 414888
6 414960
6 415056
6 415488
6 415533
6 415578
6 416400
6 416445
6 416688
6 416832
6 416928
6 416973
6 417072
6 417117
6 417168
6 417213
6 417336
6 417456
6 417528
6 417573
6 417672
6 417840
6 417885
6 417960
6 418008
6 418053
6 418098
6 418143
6 418200
6 418440
6 418485
6 418680
6 418728
6 419016
6 419232
6 419280
6 419880
6 423408
6 423480
6 423525
6 423600
6 423840
6 423960
6 424005
6 424200
6 424245
6 424320
6 424365
6 453960
6 454005
6 454050
6 454095
6 454224
6 456648
6 456768
6 457920
6 457992
6 458112
6 458157
6 458424
6 458469
6 458616
6 459168
6 459213
6 459360
6 459405
6 459480
6 459600
6 459645
6 459690
6 459792
6 459912
6 459957
6 460008
6 460053
6 460176
6 460368
6 460440
6 460584
6 460704
6 460800
6 461448
6 461493
6 461736
6 462336
6 462408
6 462453
6 462498
6 462552
6 462600
6 462888
6 462936
6 462981
6 463026
6 463071
6 463152
6 463464
6 463800
6 463896
6 464088
6 464133
6 464184
6 464448
6 464493
6 464538
6 464583
6 464640
6 465168
6 465288
6 465333
6 465378
6 465423
6 465912
6 467424
6 467880
6 467925
6 468024
6 468864
6 501936
6 502200
6 502248
6 502368
6 502440
6 502485
6 502530
6 502608
6 502728
6 503448
6 503493
6 503904
6 504024
6 504744
6 504936
6 505056
6 505176
6 505248
6 505320
6 505512
6 505608
6 505653
6 505698
6 505752
6 505800
6 505968
6 506136
6 506256
6 506928
6 507000
6 507048
6 507264
6 508200
6 508248
6 508293
6 508392
6 508437
6 508512
6 508560
6 509040
6 546240
6 546312
6 546432
6 546528
6 546573
6 546672
6 546717
6 546816
6 547176
6 548424
6 548472
6 548568
6 548760
6 548805
6 549000
6 549600
6 549645
6 550008
6 550368
6 550440
6 550488
6 550560
6 550608
6 550704
6 551040
6 551328
6 551400
6 551445
6 552048
6 552192
6 552237
6 552408
6 552453
6 552504
6 553320
6 553848
6 553944
6 554208
6 554256
6 554328
6 554373
6 554418
6 554520
6 554592
6 554637
6 554688
6 554733
6 554778
6 555240
6 555288
6 555384
6 556968
6 557136
6 557208
6 557253
6 557298
6 557343
6 557388
6 589848
6 589920
6 589965
6 590040
6 590184
6 591144
6 591480
6 591528
6 591696
6 592944
6 593136
6 593208
6 593253
6 593298
6 593400
6 593448
6 593544
6 593592
6 593637
6 593712
6 593757
6 593802
6 593880
6 593952
6 594048
6 594093
6 594216
6 594600
6 596328
6 596400
6 596520
6 596568
6 596664
6 599808
6 599880
6 599928
6 600000
6 600045
6 600120
6 600165
6 600240
6 600312
6 601728
6 634488
6 634533
6 634656
6 634728
6 634773
6 634818
6 635184
6 635280
6 635328
6 635373
6 635418
6 635472
6 635517
6 635808
6 635856
6 635976
6 636096
6 636141
6 636600
6 636816
6 636861
6 637440
6 637488
6 637533
6 637608
6 637656
6 637701
6 637746
6 638088
6 638640
6 638856
6 639912
6 639957
6 640032
6 641808
6 641880
6 641925
6 679104
6 679200
6 679320
6 679365
6 679410
6 679992
6 680037
6 681528
6 682368
6 682464
6 682800
6 682845
6 682890
6 682992
6 683208
6 683280
6 683328
6 683400
6 683445
6 683490
6 683616
6 683880
6 684096
6 684141
6 684360
6 685848
6 685968
6 686064
6 686109
6 686160
6 686232
6 721056
6 721272
6 721317
6 721440
6 721512
6 721560
6 721608
6 721653
6 721704
6 722352
6 722400
6 722520
6 722565
6 722610
6 722712
6 723240
6 723285
6 723432
6 723768
6 723813
6 724200
6 724272
6 724320
6 724368
6 724413
6 724458
6 724512
6 724608
6 724653
6 724776
6 724896
6 725016
6 725688
6 725784
6 725832
6 725880
6 726768
6 726813
6 726864
6 726936
6 727008
6 727053