6 3864
6 4176
6 4464
6 4509
6 4554
6 4599
6 5424
6 5496
6 5592
6 5637
6 5682
6 5727
6 5808
6 5880
6 12192
6 12237
6 12552
6 12744
6 12840
6 12912
6 13296
6 13464
6 13584
6 13629
6 13680
6 13725
6 13824
6 13872
6 13917
6 13962
6 14352
6 14424
6 14469
6 14568
6 15024
6 15072
6 15117
6 15162
6 21576
6 21621
6 21666
6 21768
6 21864
6 22176
6 22296
6 22392
6 23400
6 29928
6 30024
6 30072
6 30720
6 31008
6 31104
6 31152
6 31197
6 31320
6 31368
6 31512
6 31704
6 31776
6 39552
6 39624
6 40008
6 40080
6 40176
6 40248
6 40464
6 40512
6 40557
6 40608
6 40656
6 40968
6 41184
6 41229
6 41274
6 41319
6 47616
6 47664
6 48000
6 48408
6 48600
6 48984
6 49029
6 49176
6 49224
6 49269
6 49320
6 49416
6 49461
6 49512
6 49560
6 49632
6 49704
6 49752
6 49797
6 49842
6 49887
6 49944
6 49989
6 56112
6 56160
6 56376
6 56664
6 57144
6 57456
6 57624
6 57669
6 58200
6 58248
6 65160
6 65280
6 65325
6 65400
6 65445
6 65490
6 65535
6 65928
6 66168
6 66432
6 66504
6 66624
6 66669
6 66888
6 67056
6 67101
6 67176
6 67272
6 67317
6 67362
6 73896
6 73941
6 74136
6 74256
6 74568
6 74784
6 74829
6 74880
6 74976
6 75336
6 75528
6 75624
6 75669
6 75720
6 75765
6 75864
6 75909
6 75960
6 76005
6 76152
6 76224
6 82320
6 82365
6 82560
6 82824
6 82896
6 82968
6 83856
6 83952
6 84264
6 84309
6 84528
6 84573
6 84618
6 91752
6 92016
6 92064
6 92109
6 92280
6 92352
6 92397
6 92496
6 92736
6 92952
6 100296
6 100344
6 100656
6 100776
6 101040
6 101232
6 101277
6 101448
6 101808
6 102048
6 102168
6 102240
6 102384
6 102528
6 108936
6 108981
6 109248
6 109584
6 109632
6 109677
6 109848
6 109893
6 110256
6 110301
6 110472
6 110568
6 111480
6 111525
6 117240
6 117504
6 117552
6 117720
6 117816
6 117960
6 118005
6 118416
6 118461
6 118560
6 118680
6 118800
6 119016
6 119061
6 126504
6 126816
6 126936
6 127104
6 127149
6 127194
6 127272
6 127368
6 127680
6 127728
6 128016
6 128061
6 128106
6 128151
6 128208
6 128568
6 128613
6 128664
6 135312
6 135357
6 135408
6 135456
6 135501
6 135912
6 135957
6 136032
6 136704
6 136776
6 136968
6 137013
6 137058
6 137136
6 137181
6 137328
6 137373
6 137424
6 143616
6 144096
6 144144
6 144360
6 144405
6 144456
6 144624
6 144840
6 144912
6 145512
6 145584
6 153312
6 153357
6 153402
6 153672
6 154008
6 154053
6 154152
6 154197
6 154464
6 154512
6 154632
6 154677
6 154722
6 154767
6 154872
6 161784
6 161829
6 161928
6 161973
6 162144
6 162216
6 162528
6 162600
6 162720
6 162816
6 163080
6 163176
6 163368
6 163413
6 163488
6 164136
6 170016
6 170256
6 170301
6 170544
6 170616
6 170661
6 171000
6 171048
6 171264
6 171552
6 171624
6 171672
6 171936
6 171984
6 172128
6 172200
6 172272
6 172488
6 172608
6 172656
6 178968
6 179013
6 179058
6 179280
6 179664
6 180408
6 180453
6 180498
6 180672
6 180744
6 180816
6 180960
6 181032
6 181104
6 181149
6 181440
6 186960
6 187005
6 187872
6 188040
6 188112
6 188328
6 188664
6 188712
6 188757
6 188832
6 188976
6 189432
6 189480
6 189525
6 189570
6 189615
6 189660
6 189864
6 189909
6 189960
6 190005
6 190176
6 190368
6 190413
6 190458
6 190704
6 195816
6 196464
6 196632
6 196968
6 197496
6 197640
6 197832
6 198192
6 198264
6 198360
6 199080
6 199128
6 199296
6 199341
6 199392
6 199437
6 205848
6 206448
6 206496
6 206541
6 206592
6 206637
6 206688
6 206760
6 206856
6 206928
6 207096
6 207456
6 207501
6 207546
6 213744
6 213840
6 214176
6 214296
6 214680
6 215016
6 215136
6 215784
6 215832
6 215877
6 216264
6 216408
6 216792
6 223056
6 223200
6 223248
6 223320
6 223365
6 223440
6 223656
6 223752
6 223797
6 223842
6 223896
6 223941
6 224040
6 225336
6 225381
6 225426
6 231648
6 232152
6 232392
6 232437
6 232482
6 232752
6 232797
6 233016
6 233061
6 233160
6 233208
6 233253
6 233298
6 233520
6 233565
6 233904
6 234096
6 234141
6 240312
6 240357
6 240768
6 240813
6 240858
6 241224
6 241416
6 241461
6 241506
6 241752
6 241800
6 241920
6 241965
6 242664
6 242709
6 242760
6 242805
6 249504
6 249549
6 250032
6 250224
6 250272
6 250317
6 250368
6 250416
6 250461
6 250584
6 250656
6 257520
6 257565
6 258024
6 258552
6 258840
6 258885
6 258930
6 258975
6 259248
6 259368
6 259488
6 259920
6 260904
6 260949
6 266232
6 266304
6 266736
6 266808
6 266904
6 267048
6 267360
6 267696
6 267744
6 267984
6 268104
6 268149
6 268368
6 268608
6 268653
6 268698
6 275568
6 275904
6 276024
6 276072
6 276117
6 276288
6 276432
6 276864
6 276912
6 276960
6 277005
6 277104
6 277368
6 277413
6 277608
6 283920
6 284496
6 284541
6 284664
6 284808
6 284856
6 284901
6 284946
6 285024
6 285216
6 285408
6 285504
6 285600
6 286296
6 286341
6 286584
6 286629
6 286704
6 293160
6 293232
6 293448
6 293640
6 294072
6 294384
6 294576
6 294720
6 294840
6 294885
6 295104
6 295149
6 295194
6 295296
6 295341
6 295392
6 295584
6 301392
6 301680
6 301944
6 302472
6 302568
6 302712
6 302880
6 303312
6 303357
6 303408
6 303456
6 303501
6 303600
6 303696
6 303744
6 303789
6 304176
6 304344
6 310944
6 310989
6 311352
6 311448
6 311493
6 311688
6 311736
6 311781
6 311880
6 311925
6 312024
6 312168
6 312264
6 312432
6 312477
6 312552
6 312624
6 312669
6 312744
6 312789
6 312960
6 313032
6 313296
6 313341
6 313386
6 319584
6 319728
6 320112
6 320424
6 320640
6 320736
6 320808
6 320853
6 320976
6 321072
6 321144
6 321216
6 321264
6 321309
6 321504
6 321549
6 321648
6 321696
6 322104
6 322152
6 328104
6 328296
6 328341
6 328386
6 328848
6 329040
6 329352
6 329496
6 329544
6 329664
6 329709
6 329832
6 329928
6 330024
6 330069
6 330114
6 330159
6 330204
6 330249
6 330294
6 330408
6 330648
6 330864
6 336936
6 337056
6 337101
6 337872
6 338232
6 338304
6 338349
6 338424
6 338472
6 338616
6 338664
6 338928
6 345744
6 346536
6 346656
6 346920
6 346968
6 347013
6 347088
6 347133
6 347208
6 347253
6 347328
6 347373
6 347424
6 347472
6 347544
6 347589
6 347688
6 347832
6 347877
6 348120
6 348264
6 348360
6 348456
6 348501
6 354000
6 354408
6 354528
6 354573
6 355248
6 355293
6 355368
6 355413
6 355560
6 355605
6 355650
6 355920
6 356136
6 356256
6 356376
6 363264
6 363432
6 363600
6 363864
6 363960
6 364032
6 364077
6 364392
6 364584
6 364824
6 364896
6 365016
6 365304
6 372288
6 372336
6 372504
6 372768
6 372813
6 372864
6 373128
6 373632
6 373704
6 373749
6 373800
6 374064
6 374109
6 374496
6 374616
6 381072
6 381144
6 381189
6 381504
6 381549
6 381912
6 381984
6 382056
6 382152
6 382197
6 382242
6 382287
6 382332
6 382377
6 382440
6 382485
6 382560
6 382605
6 382650
6 382695
6 383496
6 383541
6 383586
6 389280
6 389325
6 389880
6 390312
6 390432
6 390480
6 390528
6 390744
6 390984
6 391056
6 391128
6 391632
6 391680
6 391725
6 392112
6 392157
6 392202
6 392256
6 392301
6 397992
6 398040
6 398088
6 398160
6 398400
6 398472
6 399096
6 399141
6 399216
6 399312
6 399357
6 399480
6 399528
6 399624
6 399669
6 399888
6 399933
6 399978
6 400056
6 400224
6 400269
6 400314
6 400368
6 400464
6 400536
6 400581
6 400824
6 400872
6 406608
6 406872
6 406944
6 406989
6 407136
6 407280
6 407760
6 407904
6 408216
6 408600
6 408720
6 408765
6 408816
6 408888
6 409152
6 415080
6 415200
6 415245
6 415392
6 415488
6 415584
6 415992
6 416037
6 416082
6 416544
6 416592
6 416880
6 416928
6 417000
6 417144
6 417192
6 417240
6 417288
6 417333
6 417384
6 417429
6 417474
6 417519
6 417624
6 417669
6 417960
6 418056
6 418101
6 424488
6 424536
6 424581
6 424872
6 424920
6 424992
6 425472
6 425544
6 425589
6 425784
6 425952
6 426096
6 426141
6 426186
6 426336
6 426408
6 426453
6 426498
6 426720
6 426765
6 426960
6 433128
6 433344
6 433389
6 433656
6 434232
6 434328
6 434373
6 434496
6 434664
6 434736
6 434781
6 434832
6 435144
6 435189
6 435408
6 435528
6 435696
6 435741
6 436080
6 441840
6 441885
6 442248
6 442293
6 442392
6 442848
6 442893
6 443280
6 443328
6 443373
6 443616
6 443661
6 443736
6 443784
6 443928
6 443973
6 444018
6 444120
6 444312
6 444357
6 444402
6 450408
6 450576
6 450960
6 451152
6 451197
6 452280
6 452520
6 452712
6 452760
6 452976
6 453120
6 453240
6 453432
6 453504
6 460464
6 460509
6 460560
6 460848
6 460968
6 461232
6 461277
6 461322
6 461367
6 461412
6 461664
6 461760
6 461805
6 461880
6 468432
6 468552
6 469344
6 469416
6 469560
6 469632
6 469704
6 469749
6 469794
6 469896
6 469941
6 469992
6 470112
6 470256
6 470328
6 470664
6 470808
6 470853
6 477984
6 478029
6 478200
6 478245
6 478344
6 478560
6 478752
6 478797
6 478848
6 478893
6 478944
6 479088
6 479208
6 479253
6 479328
6 479373
6 479418
6 479544
6 479589
6 479634
6 479760
6 479880
6 479928
6 480336
6 485352
6 485397
6 485544
6 485589
6 485634
6 485832
6 485880
6 486672
6 486816
6 486888
6 487200
6 487245
6 487320
6 487368
6 487464
6 487509
6 487632
6 487704
6 487752
6 487797
6 487968
6 488040
6 488184
6 488229
6 488274
6 488352
6 488397
6 494184
6 494280
6 494352
6 494664
6 494709
6 494754
6 495456
6 495576
6 495792
6 495864
6 495984
6 496224
6 496269
6 496314
6 496368
6 496440
6 496485
6 496560
6 496656
6 496752
6 496800
6 497256
6 503328
6 503496
6 503541
6 503616
6 504408
6 504768
6 504888
6 504933
6 505104
6 505149
6 505320
6 505392
6 505437
6 505992
6 506040
6 506136
6 511368
6 511413
6 511458
6 511560
6 511605
6 511680
6 511725
6 511920
6 512160
6 512205
6 512250
6 512304
6 512349
6 513456
6 513501
6 513960
6 514008
6 514053
6 514098
6 514143
6 514188
6 514233
6 514536
6 514632
6 514704
6 520416
6 520920
6 520965
6 521088
6 521664
6 522024
6 522072
6 522264
6 522309
6 522576
6 522912
6 522957
6 523002
6 523047
6 523092
6 523272
6 529800
6 529896
6 530064
6 530136
6 530181
6 530226
6 530280
6 530325
6 530370
6 530496
6 530640
6 530685
6 530736
6 530808
6 531072
6 531144
6 531216
6 531408
6 531453
6 531552
6 531648
6 531693
6 531840
6 531885
6 531930
6 532080
6 532125
6 532416
6 538368
6 538413
6 539016
6 540024
6 540096
6 540141
6 540792
6 540840
6 540888
6 547344
6 547464
6 547509
6 547560
6 547608
6 547653
6 547698
6 548064
6 548136
6 548181
6 548232
6 548277
6 548640
6 548685
6 549048
6 549576
6 549621
6 549744
6 549816
6 556008
6 556053
6 556098
6 556143
6 556188
6 556320
6 557016
6 557136
6 557181
6 557226
6 557352
6 557520
6 557565
6 557640
6 557685
6 557760
6 557805
6 557850
6 557895
6 558000
6 558045
6 564408
6 564456
6 564648
6 564693
6 564744
6 564789
6 565608
6 565752
6 565992
6 566037
6 566184
6 566688
6 566733
6 566832
6 566877
6 566922
6 567216
6 567288
6 567360
6 567576
6 572664
6 572709
6 573000
6 573648
6 574296
6 574344
6 574416
6 574488
6 574533
6 574920
6 575016
6 575184
6 575229
6 575304
6 575592
6 575637
6 575682
6 575727
6 575784
6 575880
6 575928
6 581760
6 581832
6 581877
6 581928
6 582024
6 582384
6 582984
6 583128
6 583392
6 583488
6 583872
6 584160
6 584205
6 584304
6 584664
6 591216
6 591261
6 591336
6 591384
6 592272
6 592344
6 592392
6 592437
6 592560
6 592605
6 592680
6 592725
6 592968
6 593013
6 593088
6 593133
6 593280
6 593352
6 599568
6 599856
6 600528
6 600573
6 600624
6 600669
6 600768
6 600840
6 600885
6 600960
6 601032
6 601077
6 601296
6 601488
6 601848
6 602064
6 607920
6 608064
6 608232
6 608352
6 608616
6 608712
6 608904
6 609312
6 609552
6 609597
6 609792
6 610056
6 610224
6 610344
6 610389
6 610656
6 610704
6 610752
6 610944
6 611064
6 611109
6 611448
6 617136
6 617208
6 617280
6 617328
6 617448
6 618288
6 618720
6 618765
6 618810
6 619104
6 619200
6 619245
6 619320
6 619365
6 619464
6 619584
6 619776
6 620088
6 625560
6 625800
6 625845
6 625944
6 625992
6 626232
6 626280
6 626328
6 626904
6 626952
6 627408
6 627453
6 627528
6 627573
6 627768
6 627840
6 627885
6 627930
6 628080
6 628125
6 628248
6 628293
6 628338
6 628416
6 634032
6 634077
6 635088
6 636048
6 636336
6 636456
6 636501
6 636552
6 636888
6 636933
6 637032
6 637128
6 637173
6 642816
6 643080
6 643125
6 643224
6 643416
6 643512
6 644016
6 644061
6 644208
6 644280
6 644400
6 644445
6 644520
6 644712
6 644757
6 644808
6 644880
6 644928
6 645120
6 645264
6 645309
6 645408
6 645456
6 645672
6 645816
6 646008
6 646128
6 651984
6 652080
6 652125
6 652170
6 652392
6 652464
6 652512
6 652557
6 652680
6 653496
6 653616
6 653661
6 654072
6 654144
6 654552
6 654720
6 654816
6 654864
6 654909
6 655056
6 655101
6 655146
6 660336
6 660432
6 660888
6 660984
6 661056
6 661296
6 662184
6 662328
6 662400
6 662448
6 662520
6 662565
6 662808
6 669552
6 669624
6 671064
6 671109
6 671208
6 671256
6 671424
6 671496
6 671952
6 672456
6 672501
6 672546
6 672864
6 677928
6 678312
6 678456
6 678501
6 678792
6 678837
6 678882
6 679560
6 679968
6 680064
6 680160
6 680328
6 680400
6 680445
6 680520
6 680568
6 680613
6 680712
6 680880
6 681000
6 681240
6 681432
6 681477
6 681528
6 681600
6 686856
6 687072
6 687336
6 688608
6 688680
6 688800
6 688845
6 689136
6 689280
6 689352
6 689397
6 689544
6 689736
6 689784
6 695640
6 695685
6 695760
6 696144
6 696576
6 697656
6 697872
6 697968
6 698136
6 698181
6 698226
6 698400
6 698445
6 698520
6 698565
6 699072
6 699144
6 705072
6 705117
6 705312
6 705696
6 705768
6 705813
6 705858
6 706440
6 706848
6 706920
6 707112
6 707157
6 707202
6 713544
6 713589
6 713634
6 713679
6 713976
6 714672
6 714717
6 714936
6 715080
6 715416
6 715632
6 715677
6 715722
6 715920
6 715965
6 716136
6 716520
6 716616
6 716664
6 722280
6 722784
6 722856
6 723552
6 723648
6 723792
6 723888
6 724056
6 724224
6 724269
6 724416
6 724728
6 724776