9 96
9 480
9 1008
9 1056
9 1128
9 1173
9 1218
9 1272
9 1317
9 1464
9 1584
9 1656
9 1701
9 1746
9 1791
9 1836
9 2112
9 2184
9 2229
9 2274
9 2319
9 2364
9 2409
9 2454
9 2499
9 2544
9 2589
9 2634
9 2679
9 2724
9 2769
9 2814
9 2859
9 2904
9 2949
9 2994
9 3039
9 3084
9 3129
9 3192
9 3237
9 3282
9 3327
9 3372
9 3417
9 3462
9 3507
9 3552
9 3597
9 3642
9 3687
9 3732
9 3777
9 3822
9 3867
9 3984
9 4080
9 4125
9 4170
9 4215
9 4260
9 4305
9 4350
9 4395
9 4440
9 4485
9 4530
9 4575
9 4620
9 4728
9 4848
9 4893
9 4938
9 4983
9 5028
9 5073
9 5118
9 5163
9 5208
9 5253
9 5298
9 5343
9 5388
9 5433
9 5478
9 5523
9 5568
9 5613
9 5658
9 5703
9 5748
9 5793
9 5838
9 5883
9 5928
9 5973
9 6018
9 6063
9 6108
9 6153
9 6198
9 6243
9 6288
9 6333
9 6378
9 6423
9 6468
9 6513
9 6558
9 6603
9 6648
9 6693
9 6738
9 6783
9 6828
9 6873
9 6918
9 6963
9 7008
9 7053
9 7098
9 7143
9 7188
9 7233
9 7278
9 7323
9 7368
9 7413
9 7458
9 7503
9 7548
9 8256
9 9048
9 9093
9 9216
9 9261
9 9306
9 9351
9 9480
9 9528
9 9573
9 9618
9 9720
9 9765
9 9810
9 9855
9 9900
9 9945
9 9990
9 10035
9 10296
9 10341
9 10386
9 10431
9 10476
9 10521
9 10566
9 10611
9 10656
9 10701
9 10746
9 10791
9 10836
9 10896
9 10941
9 10986
9 11031
9 11076
9 11121
9 11166
9 11211
9 11256
9 11301
9 11346
9 11391
9 11436
9 11481
9 11526
9 11571
9 11616
9 11661
9 11706
9 11751
9 11796
9 11841
9 11886
9 11931
9 11976
9 12021
9 12066
9 12111
9 12156
9 12201
9 12246
9 12291
9 12336
9 12381
9 12426
9 12471
9 12516
9 12561
9 12606
9 12651
9 12696
9 12741
9 12786
9 12831
9 12876
9 12921
9 12966
9 13011
9 13056
9 13101
9 13248
9 13293
9 13338
9 13383
9 13428
9 13473
9 13536
9 13581
9 13626
9 13671
9 13716
9 13761
9 13806
9 13851
9 13896
9 13941
9 13986
9 14031
9 14076
9 14121
9 14166
9 14211
9 14256
9 14301
9 14346
9 14391
9 14436
9 14481
9 14526
9 14571
9 14616
9 14661
9 14706
9 14751
9 14796
9 14841
9 14886
9 14931
9 14976
9 15021
9 15066
9 15111
9 15156
9 15201
9 15246
9 15291
9 15336
9 15381
9 15426
9 15471
9 15516
9 15561
9 15606
9 15651
9 15696
9 15741
9 15786
9 15831
9 15876
9 15921
9 15966
9 16011
9 16056
9 16101
9 16146
9 16191
9 16236
9 16281
9 16326
9 16371
9 16416
9 16461
9 16506
9 16584
9 16629
9 16674
9 16719
9 16764
9 16809
9 16854
9 16992
9 17037
9 17082
9 17328
9 17373
9 17418
9 17664
9 17709
9 18096
9 18141
9 18288
9 18336
9 18381
9 18426
9 18480
9 18525
9 18570
9 18768
9 18813
9 18858
9 18903
9 18948
9 18993
9 19038
9 19083
9 19128
9 19173
9 19248
9 19293
9 19338
9 19383
9 19428
9 19512
9 19557
9 19656
9 19701
9 19746
9 19791
9 19836
9 19881
9 19926
9 19971
9 20016
9 20061
9 20106
9 20151
9 20196
9 20241
9 20286
9 20331
9 20376
9 20421
9 20466
9 20511
9 20556
9 20601
9 20646
9 20691
9 20736
9 20781
9 20826
9 20871
9 20916
9 20961
9 21006
9 21051
9 21096
9 21141
9 21186
9 21231
9 21276
9 21321
9 21366
9 21411
9 21456
9 21501
9 21546
9 21591
9 21636
9 21681
9 21726
9 21771
9 21816
9 21861
9 21906
9 21951
9 22080
9 22125
9 22170
9 22215
9 22260
9 22305
9 22392
9 22437
9 22482
9 22527
9 22572
9 22617
9 22662
9 22707
9 22752
9 22797
9 22842
9 22887
9 22932
9 22977
9 23022
9 23067
9 23112
9 23157
9 23202
9 23247
9 23292
9 23337
9 23382
9 23427
9 23472
9 23517
9 23562
9 23607
9 23652
9 23697
9 23742
9 23787
9 23832
9 23877
9 23922
9 23967
9 24012
9 24057
9 24102
9 24147
9 24192
9 24237
9 24282
9 24327
9 24372
9 24417
9 24462
9 24507
9 24552
9 24597
9 24642
9 24687
9 24732
9 24777
9 24822
9 24867
9 24960
9 25005
9 25050
9 25095
9 25140
9 25185
9 25248
9 25293
9 25338
9 25488
9 25536
9 25581
9 27144
9 27189
9 27240
9 27285
9 27330
9 27456
9 27501
9 27546
9 27591
9 27636
9 27696
9 27741
9 27786
9 27831
9 28008
9 28053
9 28098
9 28176
9 28221
9 28416
9 28461
9 28506
9 28551
9 28596
9 28641
9 28704
9 28749
9 28794
9 28839
9 28884
9 28929
9 28974
9 29019
9 29064
9 29109
9 29154
9 29199
9 29244
9 29289
9 29334
9 29379
9 29424
9 29469
9 29514
9 29559
9 29604
9 29649
9 29694
9 29739
9 29784
9 29829
9 29874
9 29919
9 29964
9 30009
9 30054
9 30099
9 30144
9 30189
9 30234
9 30279
9 30324
9 30369
9 30696
9 30741
9 30786
9 30831
9 30876
9 30921
9 30966
9 31011
9 31056
9 31101
9 31146
9 31191
9 31236
9 31281
9 31326
9 31371
9 31416
9 31461
9 31506
9 31551
9 31596
9 31641
9 31686
9 31731
9 31776
9 31821
9 31866
9 31911
9 31956
9 32001
9 32046
9 32091
9 32136
9 32181
9 32226
9 32271
9 32316
9 32361
9 32406
9 32451
9 32496
9 32541
9 32586
9 32631
9 32676
9 32721
9 32766
9 32811
9 32856
9 32901
9 32946
9 32991
9 33036
9 33081
9 33126
9 33171
9 33216
9 33261
9 33306
9 33351
9 33396
9 33441
9 33486
9 33531
9 33576
9 33621
9 33666
9 33711
9 33756
9 33801
9 33846
9 33891
9 34944
9 35448
9 35493
9 35538
9 35583
9 35628
9 35673
9 35976
9 36021
9 36168
9 36213
9 36312
9 36357
9 36720
9 36765
9 36810
9 36855
9 36900
9 36960
9 37005
9 37056
9 37101
9 37146
9 37191
9 37236
9 37392
9 37437
9 37482
9 37527
9 37572
9 37617
9 37662
9 37707
9 37800
9 37845
9 37890
9 37935
9 37980
9 38025
9 38070
9 38115
9 38160
9 38205
9 38250
9 38295
9 38340
9 38385
9 38430
9 38475
9 38520
9 38565
9 38610
9 38655
9 38700
9 38745
9 38790
9 38835
9 38880
9 38925
9 38970
9 39015
9 39060
9 39105
9 39150
9 39195
9 39240
9 39285
9 39330
9 39375
9 39420
9 39465
9 39510
9 39555
9 39624
9 39669
9 39714
9 39759
9 39804
9 39849
9 39894
9 39939
9 39984
9 40029
9 40074
9 40119
9 40176
9 40221
9 40266
9 40344
9 40389
9 40434
9 40479
9 40524
9 40569
9 40614
9 40659
9 40824
9 40869
9 40968
9 41013
9 41058
9 41103
9 41148
9 41193
9 41238
9 41283
9 41328
9 41373
9 41418
9 41463
9 41508
9 41553
9 41598
9 41643
9 41688
9 41733
9 41778
9 41823
9 41868
9 41913
9 41958
9 42003
9 42048
9 42093
9 42138
9 42183
9 42228
9 42273
9 42318
9 42363
9 42408
9 42453
9 42498
9 42543
9 42600
9 42645
9 42690
9 42735
9 42780
9 42825
9 42870
9 42915
9 43008
9 43053
9 43098
9 43143
9 43188
9 43320
9 43365
9 43410
9 43488
9 43533
9 43578
9 43623
9 43668
9 43713
9 44472
9 44517
9 44562
9 44688
9 44733
9 44832
9 44877
9 44922
9 44967
9 45012
9 45057
9 45102
9 45168
9 45213
9 45264
9 45309
9 45354
9 45399
9 45444
9 45489
9 45534
9 45579
9 45624
9 45669
9 45714
9 45759
9 45804
9 45849
9 45894
9 45939
9 46008
9 46053
9 46098
9 46143
9 46188
9 46233
9 46278
9 46323
9 46368
9 46413
9 46458
9 46503
9 46548
9 46593
9 46638
9 46683
9 46728
9 46773
9 46818
9 46863
9 46908
9 46953
9 46998
9 47043
9 47088
9 47133
9 47178
9 47223
9 47268
9 47313
9 47358
9 47403
9 47448
9 47493
9 47538
9 47583
9 47628
9 47673
9 47718
9 47763
9 47808
9 47853
9 47898
9 47943
9 47988
9 48120
9 48168
9 48213
9 48258
9 48303
9 48348
9 48393
9 48480
9 48600
9 48645
9 48690
9 48735
9 48780
9 48825
9 48870
9 48915
9 48960
9 49005
9 49050
9 49095
9 49140
9 49185
9 49230
9 49275
9 49320
9 49365
9 49410
9 49455
9 49500
9 49545
9 49590
9 49635
9 49680
9 49725
9 49770
9 49815
9 49860
9 49905
9 49950
9 49995
9 50040
9 50085
9 50130
9 50175
9 50220
9 50265
9 50310
9 50355
9 50400
9 50445
9 50490
9 50535
9 50580
9 50625
9 50670
9 50715
9 50760
9 50832
9 50877
9 50922
9 50967
9 51012
9 51057
9 51102
9 51147
9 51192
9 51237
9 51282
9 51327
9 51372
9 51417
9 51462
9 51507
9 51552
9 51597
9 52872