9 408
9 453
9 498
9 543
9 816
9 861
9 906
9 1080
9 1125
9 1170
9 1215
9 1260
9 1305
9 1350
9 1464
9 1509
9 1554
9 1599
9 1644
9 1776
9 1821
9 1866
9 1911
9 1956
9 2064
9 2109
9 2154
9 2199
9 2244
9 2289
9 2334
9 2379
9 2424
9 2469
9 2514
9 2559
9 2604
9 2649
9 2694
9 2739
9 2784
9 2829
9 2874
9 2919
9 2964
9 3009
9 3054
9 3099
9 3144
9 3189
9 3234
9 3279
9 3324
9 3369
9 3414
9 3459
9 3504
9 3549
9 3594
9 3639
9 3684
9 3729
9 3774
9 3819
9 3864
9 3909
9 3954
9 3999
9 4044
9 4089
9 4134
9 4179
9 4224
9 4269
9 4344
9 4392
9 4437
9 4482
9 4527
9 4572
9 4617
9 4662
9 4707
9 4752
9 4797
9 4842
9 4887
9 4932
9 4977
9 5022
9 5067
9 5112
9 5157
9 5202
9 5247
9 5292
9 5337
9 5382
9 5427
9 5496
9 5541
9 5586
9 5631
9 5676
9 5721
9 5766
9 5856
9 5901
9 5946
9 5991
9 6036
9 6081
9 6126
9 6171
9 6216
9 6261
9 6306
9 6351
9 6396
9 6441
9 6486
9 6531
9 6576
9 6621
9 6666
9 6711
9 6756
9 6801
9 6846
9 6891
9 6936
9 6981
9 7026
9 7071
9 7116
9 7161
9 7206
9 7251
9 7296
9 7341
9 7386
9 7431
9 7476
9 7560
9 7605
9 7656
9 7701
9 7746
9 7791
9 7836
9 7881
9 7926
9 7971
9 8112
9 8184
9 8229
9 8274
9 8319
9 8364
9 8409
9 8454
9 8499
9 8544
9 8589
9 8634
9 9288
9 9333
9 9378
9 9624
9 9669
9 9714
9 9759
9 9984
9 10296
9 10341
9 10386
9 10431
9 10476
9 10521
9 10566
9 10611
9 10656
9 10701
9 10746
9 10791
9 10836
9 10881
9 10926
9 10971
9 11064
9 11109
9 11154
9 11199
9 11244
9 11289
9 11334
9 11379
9 11424
9 11469
9 11514
9 11559
9 11604
9 11664
9 11709
9 11754
9 11799
9 11844
9 11889
9 11934
9 12000
9 12045
9 12090
9 12135
9 12180
9 12225
9 12270
9 12315
9 12360
9 12405
9 12450
9 12495
9 12540
9 12585
9 12630
9 12675
9 12720
9 12765
9 12810
9 12855
9 12900
9 12945
9 12990
9 13035
9 13080
9 13125
9 13170
9 13215
9 13260
9 13305
9 13350
9 13395
9 13440
9 13485
9 13530
9 13575
9 13620
9 13665
9 13710
9 13755
9 13800
9 13845
9 13890
9 13935
9 13980
9 14025
9 14070
9 14115
9 14160
9 14205
9 14250
9 14295
9 14340
9 14385
9 14430
9 14475
9 14520
9 14565
9 14610
9 14655
9 14700
9 14745
9 14790
9 14835
9 14880
9 14925
9 14970
9 15015
9 15060
9 15105
9 15150
9 15195
9 15240
9 15285
9 15330
9 15375
9 15420
9 15465
9 15510
9 15555
9 15600
9 15645
9 15690
9 15735
9 15780
9 15825
9 15870
9 15936
9 15981
9 16056
9 16104
9 16149
9 16194
9 16239
9 16284
9 16392
9 16488
9 16533
9 16704
9 16749
9 16794
9 17400
9 18264
9 18384
9 18429
9 18888
9 18933
9 19104
9 19536
9 19581
9 19626
9 19671
9 19716
9 19761
9 19806
9 19851
9 19896
9 19941
9 19992
9 20037
9 20082
9 20127
9 20208
9 20253
9 20298
9 20400
9 20445
9 20490
9 20535
9 20580
9 20625
9 20670
9 20715
9 20760
9 20805
9 20850
9 20895
9 20940
9 20985
9 21030
9 21075
9 21120
9 21165
9 21210
9 21255
9 21300
9 21345
9 21390
9 21435
9 21480
9 21525
9 21570
9 21615
9 21660
9 21705
9 21750
9 21795
9 21840
9 21885
9 21930
9 21975
9 22020
9 22065
9 22110
9 22155
9 22200
9 22245
9 22290
9 22344
9 22389
9 22434
9 22479
9 22524
9 22569
9 22614
9 22659
9 22704
9 22749
9 22794
9 22839
9 22884
9 22929
9 22974
9 23019
9 23064
9 23109
9 23154
9 23199
9 23244
9 23289
9 23334
9 23379
9 23424
9 23469
9 23514
9 23559
9 23604
9 23649
9 23694
9 23739
9 23784
9 23829
9 23874
9 23919
9 23964
9 24009
9 24054
9 24099
9 24144
9 24189
9 24234
9 24279
9 24324
9 24369
9 24414
9 24459
9 24504
9 24549
9 24594
9 24639
9 24684
9 24729
9 24774
9 24819
9 24864
9 24909
9 24954
9 24999
9 25080
9 25125
9 25170
9 25824
9 25869
9 25914
9 26376
9 26496
9 26541
9 26586
9 26856
9 26901
9 26946
9 26991
9 27036
9 27081
9 27126
9 27171
9 27408
9 27453
9 27672
9 27816
9 27861
9 27906
9 27951
9 27996
9 28041
9 28086
9 28131
9 28176
9 28224
9 28269
9 28314
9 28359
9 28404
9 28449
9 28494
9 28539
9 28584
9 28752
9 28797
9 28842
9 28887
9 28932
9 28992
9 29037
9 29082
9 29127
9 29172
9 29217
9 29262
9 29307
9 29352
9 29397
9 29442
9 29487
9 29532
9 29577
9 29622
9 29667
9 29712
9 29757
9 29802
9 29847
9 29892
9 29937
9 29982
9 30027
9 30072
9 30117
9 30162
9 30207
9 30252
9 30297
9 30342
9 30387
9 30480
9 30525
9 30570
9 30615
9 30696
9 30741
9 30786
9 30831
9 30876
9 30921
9 30966
9 31011
9 31056
9 31101
9 31146
9 31191
9 31236
9 31281
9 31326
9 31371
9 31416
9 31461
9 31506
9 31551
9 31596
9 31641
9 31686
9 31731
9 31776
9 31821
9 31866
9 31911
9 31956
9 32001
9 32046
9 32091
9 32136
9 32181
9 32226
9 32271
9 32316
9 32361
9 32406
9 32451
9 32496
9 32541
9 32586
9 32631
9 32676
9 32721
9 32766
9 32811
9 32856
9 32901
9 32946
9 32991
9 33036
9 33081
9 33126
9 33171
9 33216
9 33261
9 33306
9 33351
9 33396
9 33441
9 33486
9 33531
9 33576
9 33621
9 33666
9 33711
9 33756
9 33801
9 33846
9 33891
9 33936
9 33981
9 34176
9 34221
9 34266
9 34311
9 34632
9 34677
9 35160
9 35205
9 35712
9 35757
9 35802
9 35847
9 35892
9 35937
9 35982
9 36027
9 36072
9 36117
9 36288
9 36333
9 36378
9 36423
9 36468
9 36513
9 36558
9 36603
9 36648
9 36693
9 36816
9 36861
9 37128
9 37173
9 37218
9 37263
9 37308
9 37353
9 37398
9 37443
9 37488
9 37533
9 37578
9 37623
9 37668
9 37713
9 37758
9 37803
9 37848
9 37893
9 37938
9 37983
9 38028
9 38073
9 38118
9 38163
9 38208
9 38253
9 38298
9 38343
9 38388
9 38433
9 38478
9 38523
9 38568
9 38613
9 38658
9 38703
9 38748
9 38793
9 38838
9 38883
9 38928
9 38973
9 39018
9 39063
9 39108
9 39192
9 39237
9 39282
9 39327
9 39372
9 39417
9 39462
9 39507
9 39552
9 39597
9 39642
9 39687
9 39732
9 39777
9 39822
9 39867
9 39912
9 39957
9 40002
9 40047
9 40092
9 40137
9 40182
9 40227
9 40272
9 40317
9 40362
9 40407
9 40452
9 40497
9 40542
9 40587
9 40632
9 40677
9 40722
9 40767
9 40812
9 40857
9 40902
9 40947
9 40992
9 41037
9 41082
9 41127
9 41172
9 41217
9 41262
9 41307
9 41352
9 41397
9 41442
9 41487
9 41532
9 41577
9 41622
9 41667
9 41712
9 41757
9 41802
9 41847
9 41892
9 41937
9 41982
9 42027
9 42072
9 42117
9 42162
9 42207
9 42252
9 42297
9 42342
9 42387
9 42432
9 42477
9 42522
9 42567
9 42612
9 42657
9 42702
9 42747
9 42792
9 42837
9 42882
9 42927
9 42972
9 43017
9 43104
9 43149
9 43194
9 43512
9 43557
9 44496
9 44832
9 44877
9 44922
9 45264
9 45309
9 45354
9 45399
9 45444
9 45489
9 45534
9 45579
9 45768
9 45813
9 45858
9 45903
9 45948
9 45993
9 46104
9 46149
9 46194
9 46239
9 46284
9 46329
9 46374
9 46419
9 46464
9 46509
9 46554
9 46599
9 46644
9 46689
9 46752
9 46797
9 46842
9 46887
9 46932
9 46977
9 47022
9 47067
9 47112
9 47157
9 47202
9 47247
9 47292
9 47337
9 47382
9 47427
9 47472
9 47517
9 47562
9 47607
9 47664
9 47709
9 47754
9 47799
9 47844
9 47889
9 47934
9 48000
9 48045
9 48090
9 48135
9 48180
9 48225
9 48270
9 48315
9 48360
9 48405
9 48450
9 48495
9 48540
9 48585
9 48630
9 48675
9 48720
9 48765
9 48810
9 48855
9 48900
9 48945
9 48990
9 49035
9 49080
9 49125
9 49170
9 49215
9 49260
9 49305
9 49350
9 49395
9 49440
9 49485
9 49530
9 49575
9 49620
9 49665
9 49710
9 49755
9 49800
9 49845
9 49890
9 49935
9 49980
9 50025
9 50070
9 50115
9 50160
9 50205
9 50250
9 50295
9 50340
9 50385
9 50430
9 50475
9 50520
9 50565
9 50610
9 50655
9 50700
9 50745
9 50790
9 50835
9 50880
9 50925
9 50970
9 51015
9 51060
9 51105
9 51150
9 51195
9 51240
9 51285
9 51336
9 51381
9 51552
9 51597
9 51744
9 51789
9 52176
9 52272
9 52317
9 52368
9 52413
9 52458
9 52536