0 0
0 9
0 18
0 27
0 36
0 45
0 54
0 63
0 72
0 81
0 90
0 99
0 108
0 117
0 126
0 135
0 144
0 153
0 162
0 171
0 180
0 189
0 198
0 207
0 216
0 225
0 234
0 243
0 252
0 261
0 270
0 279
0 288
0 297
0 306
0 315
0 324
0 333
0 342
0 351
0 360
0 369
0 378
0 387
0 396
0 405
0 414
0 423
0 432
0 441
0 450
0 459
0 468
0 477
0 486
0 495
0 504
0 513
0 522
0 531
0 540
0 549
0 558
0 567
0 576
0 585
0 594
0 603
0 612
0 621
0 630
0 639
0 648
0 657
0 666
0 675
0 684
0 693
0 702
0 711
0 720
0 729
0 738
0 747
0 756
0 765
0 774
0 783
0 792
0 801
0 810
0 819
0 828
0 837
0 846
0 855
0 864
0 873
0 882
0 891
0 900
0 909
0 918
0 927
0 936
0 945
0 954
0 963
0 972
0 981
0 990
0 999
0 1008
0 1017
0 1026
0 1035
0 1044
0 1053
0 1062
0 1071
0 1080
0 1089
0 1098
0 1107
0 1116
0 1125
0 1224
0 1233
0 1242
0 1251
0 1260
0 1269
0 1344
0 1353
0 1362
0 1371
0 1380
0 1389
0 1398
0 1407
0 1416
0 1425
0 1434
0 1443
0 1452
0 1461
0 1470
0 1479
0 1488
0 1497
0 1506
0 1515
0 1524
0 1533
0 1542
0 1551
0 1560
0 1569
0 1578
0 1587
0 1596
0 1605
0 1614
0 1623
0 1632
0 1641
0 1650
0 1848
0 1857
0 1866
0 1875
0 1884
0 1893
0 1902
0 1911
0 1920
0 1929
0 1938
0 1947
0 1956
0 1965
0 1974
0 1983
0 1992
0 2001
0 2010
0 2019
0 2028
0 2037
0 2046
0 2055
0 2064
0 2073
0 2082
0 2091
0 2100
0 2109
0 2136
0 2145
0 2154
0 2163
0 2172
0 2181
0 2190
0 2199
0 2376
0 2385
0 2394
0 3168
0 3177
0 3186
0 3864
0 3873
0 3882
0 3891
0 3900
0 3909
0 3918
0 3927
0 3936
0 3945
0 3954
0 3963
0 3972
0 3981
0 3990
0 3999
0 4008
0 4017
0 4026
0 4035
0 4044
0 4053
0 4062
0 4071
0 4080
0 4089
0 4098
0 4176
0 4185
0 4194
0 4464
0 4473
0 4482
0 4491
0 4500
0 4509
0 4518
0 4527
0 4536
0 4545
0 4554
0 4563
0 4572
0 4581
0 4590
0 4599
0 4608
0 4617
0 4626
0 4635
0 4644
0 4653
0 4662
0 4671
0 4680
0 4689
0 4698
0 4707
0 4716
0 4725
0 4734
0 4743
0 4752
0 4761
0 4770
0 4779
0 4788
0 4797
0 4806
0 4815
0 4824
0 4833
0 4842
0 5424
0 5433
0 5442
0 5451
0 5460
0 5469
0 5496
0 5505
0 5514
0 5523
0 5532
0 5541
0 5550
0 5559
0 5568
0 5577
0 5586
0 5595
0 5604
0 5613
0 5622
0 5631
0 5664
0 5673
0 5682
0 5691
0 5700
0 5709
0 5718
0 5727
0 5808
0 5817
0 5826
0 5835
0 5844
0 5853
0 5862
0 5871
0 5880
0 5889
0 5898
0 7560
0 7569
0 7578
0 7587
0 7596
0 7605
0 7614
0 7623
0 7632
0 7641
0 7650
0 7659
0 7668
0 7677
0 7686
0 7695
0 7704
0 7713
0 7722
0 7731
0 7740
0 7749
0 7758
0 7767
0 7776
0 7785
0 7794
0 7803
0 7812
0 7821
0 7830
0 7839
0 7848
0 7857
0 7866
0 7875
0 7884
0 7893
0 7902
0 7911
0 7920
0 7929
0 7938
0 7947
0 7956
0 7965
0 7974
0 7983
0 7992
0 8001
0 8010
0 8019
0 8028
0 8037
0 8046
0 8055
0 8064
0 8073
0 8082
0 8091
0 8100
0 8109
0 8118
0 8127
0 8136
0 8145
0 8154
0 8163
0 8172
0 8181
0 8190
0 8199
0 8208
0 8217
0 8226
0 8235
0 8244
0 8253
0 8262
0 8271
0 8280
0 8289
0 8298
0 8307
0 8316
0 8325
0 8334
0 8343
0 8352
0 8361
0 8370
0 8379
0 8388
0 8397
0 8406
0 8415
0 8424
0 8433
0 8442
0 8451
0 8460
0 8469
0 8478
0 8487
0 8496
0 8505
0 8514
0 8523
0 8532
0 8541
0 8550
0 8559
0 8568
0 8577
0 8586
0 8595
0 8604
0 8613
0 8622
0 8631
0 8640
0 8649
0 8658
0 8667
0 8676
0 8685
0 8694
0 8703
0 8712
0 8721
0 8730
0 8739
0 8748
0 8757
0 8766
0 8775
0 8784
0 8793
0 8802
0 8811
0 8820
0 8829
0 8838
0 8847
0 8856
0 8865
0 8874
0 8883
0 8892
0 8901
0 8910
0 8919
0 8928
0 8937
0 8946
0 8955
0 8964
0 8973
0 8982
0 8991
0 9000
0 9009
0 9018
0 9027
0 9036
0 9045
0 9054
0 9063
0 9096
0 9105
0 9114
0 9123
0 9132
0 9141
0 9150
0 9159
0 9168
0 9177
0 9186
0 9195
0 9204
0 9213
0 9240
0 9249
0 9258
0 9336
0 9345
0 9354
0 9363
0 9372
0 9381
0 9390
0 9399
0 9408
0 9417
0 9426
0 9435
0 9444
0 9453
0 9462
0 9471
0 9480
0 9489
0 9498
0 9507
0 9516
0 9525
0 9600
0 9609
0 9618
0 9627
0 9636
0 9645
0 9654
0 9663
0 9672
0 9681
0 9690
0 9699
0 9708
0 9717
0 9744
0 9753
0 9762
0 9771
0 9780
0 9789
0 9798
0 9807
0 9960
0 9969
0 9978
0 10032
0 10041
0 10050
0 10059
0 10068
0 10077
0 10086
0 10095
0 10104
0 10113
0 10122
0 10131
0 10140
0 10149
0 10158
0 10167
0 10176
0 10185
0 10194
0 10203
0 10212
0 10221
0 10230
0 10239
0 10248
0 10257
0 10266
0 10275
0 10284
0 10293
0 10302
0 10311
0 10416
0 10425
0 10434
0 10443
0 10452
0 10461
0 10512
0 10521
0 10530
0 10539
0 10548
0 10557
0 10848
0 10857
0 10866
0 10875
0 10884
0 10893
0 12192
0 12201
0 12210
0 12219
0 12228
0 12237
0 12552
0 12561
0 12570
0 12720
0 12729
0 12738
0 12747
0 12756
0 12765
0 12774
0 12783
0 12792
0 12801
0 12810
0 12819
0 12828
0 12837
0 12846
0 12855
0 12864
0 12873
0 12882
0 12891
0 12900
0 12909
0 12918
0 12927
0 13104
0 13113
0 13122
0 13131
0 13140
0 13149
0 13158
0 13167
0 13176
0 13185
0 13194
0 13203
0 13212
0 13221
0 13230
0 13239
0 13248
0 13257
0 13266
0 13275
0 13284
0 13293
0 13302
0 13311
0 13464
0 13473
0 13482
0 13491
0 13500
0 13509
0 13518
0 13527
0 13536
0 13545
0 13554
0 13563
0 13572
0 13581
0 13590
0 13599
0 13608
0 13617
0 13626
0 13635
0 13644
0 13653
0 13662
0 13671
0 13680
0 13689
0 13698
0 13707
0 13716
0 13725
0 13734
0 13743
0 13776
0 13785
0 13794
0 13803
0 13812
0 13821
0 13830
0 13839
0 13872
0 13881
0 13890
0 13899
0 13908
0 13917
0 13926
0 13935
0 13944
0 13953
0 13962
0 13971
0 13980
0 13989
0 14352
0 14361
0 14370
0 14379
0 14388
0 14397
0 14406
0 14415
0 14424
0 14433
0 14442
0 14451
0 14460
0 14469
0 14478
0 14487
0 14568
0 14577
0 14586
0 15024
0 15033
0 15042
0 15072
0 15081
0 15090
0 15099
0 15108
0 15117
0 15126
0 15135
0 15144
0 15153
0 15162
0 16392
0 16401
0 16410
0 16419
0 16428
0 16437
0 16488
0 16497
0 16506
0 16515
0 16524
0 16533
0 16542
0 16551
0 16560
0 16569
0 16578
0 16848
0 16857
0 16866
0 16875
0 16884
0 16893
0 16902
0 16911
0 16920
0 16929
0 16938
0 16947
0 16956
0 16965
0 16974
0 16983
0 16992
0 17001
0 17010
0 17112
0 17121
0 17130
0 17139
0 17148
0 17157
0 17166
0 17175
0 17184
0 17193
0 17202
0 17211
0 17220
0 17229
0 17238
0 17247
0 17256
0 17265
0 17274
0 17283
0 17292
0 17301
0 17310
0 17319
0 17328
0 17337
0 17346
0 17424
0 17433
0 17442
0 17451
0 17460
0 17469
0 17478
0 17487
0 17496
0 17505
0 17514
0 17523
0 17532
0 17541
0 17550
0 17559
0 17568
0 17577
0 17586
0 17595
0 17604
0 17613
0 17622
0 17631
0 17640
0 17649
0 17658
0 17667
0 17676
0 17685
0 17712
0 17721
0 17730
0 17739
0 17748
0 17757
0 17766
0 17775
0 17784
0 17793
0 17802
0 17811
0 17820
0 17829
0 17838
0 17847
0 17856
0 17865
0 17874
0 17883
0 17892
0 17901
0 17910
0 17919
0 17928
0 17937
0 17946
0 17955
0 17964
0 17973
0 17982
0 17991
0 18000
0 18009
0 18018
0 18027
0 18036
0 18045
0 18054
0 18063
0 18072
0 18081
0 18090
0 18144
0 18153
0 18162
0 18171
0 18180
0 18189
0 18198
0 18207
0 18216
0 18225
0 18234
0 18243
0 18252
0 18261
0 18270
0 18279
0 18288
0 18297
0 18306
0 18315
0 18324
0 18333
0 18432
0 18441
0 18450
0 18459
0 18468
0 18477
0 18600
0 18609
0 18618
0 18627
0 18636
0 18645
0 18654
0 18663
0 18672
0 18681
0 18690
0 18699
0 18708
0 18717
0 18726
0 18735
0 18744
0 18753
0 18762
0 18771
0 18780
0 18789
0 19056
0 19065
0 19074
0 19083
0 19092
0 19101
0 19176
0 19185
0 19194
0 19203
0 19212
0 19221
0 19230
0 19239
0 19248
0 19257
0 19266
0 19392
0 19401
0 19410
0 19440
0 19449
0 19458
0 19467
0 19476
0 19485
0 19494
0 19503
0 19560
0 19569
0 19578
0 19587
0 19596
0 19605
0 19614
0 19623
0 19632
0 19641
0 19650
0 21576
0 21585
0 21594
0 21603
0 21612
0 21621
0 21630
0 21639
0 21648
0 21657
0 21666
0 21675
0 21684
0 21693
0 21702
0 21711
0 21768
0 21777
0 21786
0 21864
0 21873
0 21882
0 21891
0 21900
0 21909
0 21918
0 21927
0 21936
0 21945
0 21954
0 21963
0 21972
0 21981
0 21990
0 21999
0 22008
0 22017
0 22026
0 22035
0 22044
0 22053
0 22062
0 22071
0 22080
0 22089
0 22098
0 22176
0 22185
0 22194
0 22296
0 22305
0 22314
0 22323
0 22332
0 22341
0 22350
0 22359
0 22368
0 22377
0 22386
0 22395
0 22404
0 22413
0 23400
0 23409
0 23418
0 24912
0 24921
0 24930
0 24939
0 24948
0 24957
0 24966
0 24975
0 24984
0 24993
0 25002
0 25011
0 25020
0 25029
0 25200
0 25209
0 25218
0 25227
0 25236
0 25245
0 25320
0 25329
0 25338
0 25347
0 25356
0 25365
0 25374
0 25383
0 25392
0 25401
0 25410
0 25419
0 25428
0 25437
0 25446
0 25455
0 25464
0 25473
0 25482
0 25491
0 25500
0 25509
0 25518
0 25527
0 25536
0 25545
0 25554
0 25563
0 25572
0 25581
0 25590
0 25599
0 25608
0 25617
0 25626
0 25635
0 25644
0 25653
0 25662
0 25671
0 25680
0 25689
0 25698
0 25707
0 25716
0 25725
0 25734
0 25743
0 25752
0 25761
0 25770
0 25779
0 25788
0 25797
0 25806
0 25815
0 25824
0 25833
0 25842
0 25851
0 25860
0 25869
0 25878
0 25887
0 25896
0 25905
0 25914
0 25923
0 25932
0 25941
0 25950
0 25959
0 25968
0 25977
0 25986
0 25995
0 26004
0 26013
0 26022
0 26031
0 26040
0 26049
0 26058
0 26067
0 26076
0 26085
0 26094
0 26103
0 26112
0 26121
0 26130
0 26139
0 26148
0 26157
0 26166
0 26175
0 26184
0 26193
0 26202
0 26211
0 26220
0 26229
0 26238
0 26247
0 26256
0 26265
0 26274
0 26283
0 26292
0 26301
0 26310
0 26319
0 26328
0 26337
0 26346
0 26355
0 26364
0 26373
0 26382
0 26391
0 26400
0 26409
0 26418
0 26427
0 26436
0 26445
0 26454
0 26463
0 26472
0 26481
0 26490
0 26499
0 26508
0 26517
0 26526
0 26535
0 26544
0 26553
0 26562
0 26571
0 26580
0 26589
0 26598
0 26607
0 26616
0 26625
0 26634
0 26643
0 26652
0 26661
0 26670
0 26679
0 26688
0 26697
0 26706
0 26715
0 26724
0 26733
0 26742
0 26751
0 26760
0 26769
0 26778
0 26787
0 26796
0 26805
0 26814
0 26823
0 26832
0 26841
0 26850
0 26859
0 26868
0 26877
0 26886
0 26895
0 26904
0 26913
0 26922
0 26931
0 26940
0 26949
0 26958
0 26967
0 26976
0 26985
0 26994
0 27003
0 27012
0 27021
0 27030
0 27039
0 27048
0 27057
0 27066
0 27075
0 27084
0 27093
0 27102
0 27111
0 27120
0 27129
0 27138
0 27147
0 27156
0 27165
0 27216
0 27225
0 27234
0 27243
0 27252
0 27261
0 27270
0 27279
0 27336
0 27345
0 27354
0 27363
0 27372
0 27381
0 27390
0 27399
0 27408
0 27417
0 27426
0 27435
0 27444
0 27453
0 27462
0 27471
0 27648
0 27657
0 27666
0 27675
0 27684
0 27693
0 27702
0 27711
0 27744
0 27753
0 27762
0 27792
0 27801
0 27810
0 27840
0 27849
0 27858
0 27867
0 27876
0 27885
0 27894
0 27903
0 27912
0 27921
0 27930
0 27939
0 27948
0 27957
0 27966
0 27975
0 27984
0 27993
0 28002
0 28032
0 28041
0 28050
0 28104
0 28113
0 28122
0 28131
0 28140
0 28149
0 28158
0 28167
0 28224
0 28233
0 28242
0 28251
0 28260
0 28269
0 28278
0 28287
0 28296
0 28305
0 28314
0 28323
0 28332
0 28341
0 28350
0 28359
0 28368
0 28377
0 28386
0 28395
0 28404
0 28413
0 28680
0 28689
0 28698
0 28707
0 28716
0 28725
0 29784
0 29793
0 29802
0 29811
0 29820
0 29829
0 29904
0 29913
0 29922
0 29931
0 29940
0 29949
0 30024
0 30033
0 30042
0 30072
0 30081
0 30090
0 30384
0 30393
0 30402
0 30411
0 30420
0 30429
0 30438
0 30447
0 30456
0 30465
0 30474
0 30483
0 30492
0 30501
0 30510
0 30519
0 30528
0 30537
0 30546
0 30555
0 30564
0 30573
0 30582
0 30591
0 30600
0 30609
0 30618
0 30627
0 30636
0 30645
0 30654
0 30663
0 30672
0 30681
0 30690
0 30699
0 30708
0 30717
0 30726
0 30735
0 31008
0 31017
0 31026
0 31104
0 31113
0 31122
0 31131
0 31140
0 31149
0 31158
0 31167
0 31176
0 31185
0 31194
0 31203
0 31212
0 31221
0 31230
0 31239
0 31248
0 31257
0 31266
0 31275
0 31284
0 31293
0 31302
0 31311
0 31320
0 31329
0 31338
0 31347
0 31356
0 31365
0 31374
0 31383
0 31488
0 31497
0 31506
0 31515
0 31524
0 31533
0 31704
0 31713
0 31722
0 31731
0 31740
0 31749
0 31758
0 31767
0 31776
0 31785
0 31794
0 33912
0 33921
0 33930
0 33939
0 33948
0 33957
0 33966
0 33975
0 33984
0 33993
0 34002
0 34011
0 34020
0 34029
0 34038
0 34047
0 34056
0 34065
0 34074
0 34083
0 34092
0 34101
0 34110
0 34119
0 34128
0 34137
0 34146
0 34155
0 34164
0 34173
0 34182
0 34191
0 34200
0 34209
0 34218
0 34227
0 34236
0 34245
0 34254
0 34263
0 34272
0 34281
0 34290
0 34299
0 34308
0 34317
0 34326
0 34335
0 34344
0 34353
0 34362
0 34371
0 34380
0 34389
0 34398
0 34407
0 34416
0 34425
0 34434
0 34443
0 34452
0 34461
0 34470
0 34479
0 34488
0 34497
0 34506
0 34515
0 34524
0 34533
0 34542
0 34551
0 34560
0 34569
0 34578
0 34587
0 34596
0 34605
0 34614
0 34623
0 34632
0 34641
0 34650
0 34659
0 34668
0 34677
0 34686
0 34695
0 34704
0 34713
0 34722
0 34731
0 34740
0 34749
0 34758
0 34767
0 34776
0 34785
0 34794
0 34803
0 34812
0 34821
0 34830
0 34839
0 34848
0 34857
0 34866
0 34875
0 34884
0 34893
0 34902
0 34911
0 34920
0 34929
0 34938
0 34947
0 34956
0 34965
0 34974
0 34983
0 34992
0 35001
0 35010
0 35019
0 35028
0 35037
0 35046
0 35055
0 35064
0 35073
0 35082
0 35091
0 35100
0 35109
0 35118
0 35127
0 35136
0 35145
0 35154
0 35163
0 35172
0 35181
0 35190
0 35199
0 35208
0 35217
0 35226
0 35235
0 35244
0 35253
0 35262
0 35271
0 35280
0 35289
0 35298
0 35307
0 35316
0 35325
0 35334
0 35343
0 35352
0 35361
0 35370
0 35379
0 35388
0 35397
0 35406
0 35415
0 35424
0 35433
0 35442
0 35688
0 35697
0 35706
0 35715
0 35724
0 35733
0 35742
0 35751
0 35760
0 35769
0 35778
0 35787
0 35796
0 35805
0 35814
0 35823
0 35832
0 35841
0 35850
0 35859
0 35868
0 35877
0 35886
0 35895
0 35904
0 35913
0 35922
0 35931
0 35940
0 35949
0 35958
0 35967
0 35976
0 35985
0 35994
0 36024
0 36033
0 36042
0 36051
0 36060
0 36069
0 36078
0 36087
0 36096
0 36105
0 36114
0 36123
0 36132
0 36141
0 36150
0 36159
0 36216
0 36225
0 36234
0 36243
0 36252
0 36261
0 36270
0 36279
0 36288
0 36297
0 36306
0 36315
0 36324
0 36333
0 36384
0 36393
0 36402
0 36411
0 36420
0 36429
0 36438
0 36447
0 36456
0 36465
0 36474
0 36483
0 36492
0 36501
0 36510
0 36519
0 36528
0 36537
0 36546
0 36555
0 36564
0 36573
0 36582
0 36591
0 36600
0 36609
0 36618
0 36627
0 36636
0 36645
0 36654
0 36663
0 36672
0 36681
0 36690
0 36699
0 36708
0 36717
0 36726
0 36735
0 36792
0 36801
0 36810
0 36819
0 36828
0 36837
0 36846
0 36855
0 36864
0 36873
0 36882
0 36891
0 36900
0 36909
0 36918
0 36927
0 36936
0 36945
0 36954
0 36963
0 36972
0 36981
0 36990
0 36999
0 37008
0 37017
0 37026
0 37035
0 37044
0 37053
0 37062
0 37071
0 37152
0 37161
0 37170
0 37179
0 37188
0 37197
0 37206
0 37215
0 37224
0 37233
0 37242
0 37251
0 37260
0 37269
0 37278
0 37287
0 37296
0 37305
0 37314
0 37323
0 37332
0 37341
0 37350
0 37359
0 37368
0 37377
0 37386
0 37632
0 37641
0 37650
0 37752
0 37761
0 37770
0 37779
0 37788
0 37797
0 39552
0 39561
0 39570
0 39579
0 39588
0 39597
0 39606
0 39615
0 39624
0 39633
0 39642
0 39744
0 39753
0 39762
0 39771
0 39780
0 39789
0 39798
0 39807
0 39984
0 39993
0 40002
0 40011
0 40020
0 40029
0 40080
0 40089
0 40098
0 40107
0 40116
0 40125
0 40134
0 40143
0 40152
0 40161
0 40170
0 40179
0 40188
0 40197
0 40248
0 40257
0 40266
0 40275
0 40284
0 40293
0 40302
0 40311
0 40320
0 40329
0 40338
0 40347
0 40356
0 40365
0 40374
0 40383
0 40392
0 40401
0 40410
0 40419
0 40428
0 40437
0 40464
0 40473
0 40482
0 40491
0 40500
0 40509
0 40518
0 40527
0 40536
0 40545
0 40554
0 40563
0 40572
0 40581
0 40590
0 40599
0 40608
0 40617
0 40626
0 40656
0 40665
0 40674
0 40683
0 40692
0 40701
0 40710
0 40719
0 40728
0 40737
0 40746
0 40755
0 40764
0 40773
0 40782
0 40791
0 40800
0 40809
0 40818
0 40827
0 40836
0 40845
0 40854
0 40863
0 40872
0 40881
0 40890
0 40899
0 40908
0 40917
0 40926
0 40935
0 40944
0 40953
0 40962
0 40971
0 40980
0 40989
0 41184
0 41193
0 41202
0 41211
0 41220
0 41229
0 41238
0 41247
0 41256
0 41265
0 41274
0 41283
0 41292
0 41301
0 41310
0 41319
0 41328
0 41337
0 41346
0 42576
0 42585
0 42594
0 42936
0 42945
0 42954
0 42963
0 42972
0 42981
0 42990
0 42999
0 43128
0 43137
0 43146
0 43155
0 43164
0 43173
0 43182
0 43191
0 43200
0 43209
0 43218
0 43227
0 43236
0 43245
0 43254
0 43263
0 43272
0 43281
0 43290
0 43299
0 43308
0 43317
0 43326
0 43335
0 43440
0 43449
0 43458
0 43467
0 43476
0 43485
0 43752
0 43761
0 43770
0 43779
0 43788
0 43797
0 43806
0 43815
0 43824
0 43833
0 43842
0 43851
0 43860
0 43869
0 43878
0 43887
0 43896
0 43905
0 43914
0 43923
0 43932
0 43941
0 43950
0 43959
0 43968
0 43977
0 43986
0 43995
0 44004
0 44013
0 44022
0 44031
0 44040
0 44049
0 44058
0 44067
0 44076
0 44085
0 44094
0 44103
0 44112
0 44121
0 44130
0 44139
0 44148
0 44157
0 44166
0 44175
0 44184
0 44193
0 44202
0 44211
0 44220
0 44229
0 44238
0 44247
0 44256
0 44265
0 44274
0 44283
0 44292
0 44301
0 44310
0 44319
0 44328
0 44337
0 44346
0 44355
0 44364
0 44373
0 44382
0 44391
0 44400
0 44409
0 44418
0 44427
0 44436
0 44445
0 44454
0 44463
0 44568
0 44577
0 44586
0 44595
0 44604
0 44613
0 44622
0 44631
0 44640
0 44649
0 44658
0 44667
0 44676
0 44685
0 44712
0 44721
0 44730
0 44760
0 44769
0 44778
0 44787
0 44796
0 44805
0 44814
0 44823
0 44832
0 44841
0 44850
0 44859
0 44868
0 44877
0 45144
0 45153
0 45162
0 45171
0 45180
0 45189
0 45240
0 45249
0 45258
0 45960
0 45969
0 45978
0 45987
0 45996
0 46005
0 47616
0 47625
0 47634
0 47664
0 47673
0 47682
0 48000
0 48009
0 48018
0 48027
0 48036
0 48045
0 48054
0 48063
0 48072
0 48081
0 48090
0 48099
0 48108
0 48117
0 48126
0 48135
0 48144
0 48153
0 48162
0 48171
0 48180
0 48189
0 48408
0 48417
0 48426
0 48435
0 48444
0 48453
0 48462
0 48471
0 48480
0 48489
0 48498
0 48507
0 48516
0 48525
0 48534
0 48543
0 48552
0 48561
0 48570
0 48579
0 48588
0 48597
0 48606
0 48615
0 48984
0 48993
0 49002
0 49011
0 49020
0 49029
0 49176
0 49185
0 49194
0 49203
0 49212
0 49221
0 49230
0 49239
0 49248
0 49257
0 49266
0 49320
0 49329
0 49338
0 49347
0 49356
0 49365
0 49374
0 49383
0 49392
0 49401
0 49410
0 49419
0 49428
0 49437
0 49446
0 49455
0 49464
0 49473
0 49482
0 49491
0 49500
0 49509
0 49518
0 49527
0 49560
0 49569
0 49578
0 49587
0 49596
0 49605
0 49614
0 49623
0 49632
0 49641
0 49650
0 49704
0 49713
0 49722
0 49731
0 49740
0 49749
0 49758
0 49767
0 49776
0 49785
0 49794
0 49803
0 49812
0 49821
0 49830
0 49839
0 49848
0 49857
0 49866
0 49875
0 49884
0 49893
0 49944
0 49953
0 49962
0 49971
0 49980
0 49989
0 50784
0 50793
0 50802
0 50811
0 50820
0 50829
0 51624
0 51633
0 51642
0 51651
0 51660
0 51669
0 51678
0 51687
0 51696
0 51705
0 51714
0 51723
0 51732
0 51741
0 51750
0 51759
0 51768
0 51777
0 51786
0 51795
0 51804
0 51813
0 51822
0 51831
0 51840
0 51849
0 51858
0 51867
0 51876
0 51885
0 51894
0 51903
0 51912
0 51921
0 51930
0 51939
0 51948
0 51957
0 51966
0 51975
0 51984
0 51993
0 52002
0 52011
0 52020
0 52029
0 52038
0 52047
0 52056
0 52065
0 52074
0 52083
0 52092
0 52101
0 52110
0 52119
0 52128
0 52137
0 52146
0 52155
0 52164
0 52173
0 52182
0 52191
0 52200
0 52209
0 52218
0 52227
0 52236
0 52245
0 52254
0 52263
0 52272
0 52281
0 52290
0 52299
0 52308
0 52317
0 52326
0 52335
0 52344
0 52353
0 52362
0 52371
0 52380
0 52389
0 52398
0 52407
0 52416
0 52425
0 52434
0 52443
0 52452
0 52461
0 52470
0 52479
0 52488
0 52497
0 52506
0 52515
0 52524
0 52533
0 52542
0 52551
0 52560
0 52569
0 52578
0 52587
0 52596
0 52605
0 52614
0 52623
0 52632
0 52641
0 52650
0 52659
0 52668
0 52677
0 52686
0 52695
0 52704
0 52713
0 52722
0 52731
0 52740
0 52749
0 52758
0 52767
0 52776
0 52785
0 52794
0 52803
0 52812
0 52821
0 52830
0 52839
0 52848
0 52857
0 52866
0 52875
0 52884
0 52893
0 52902
0 52911
0 52920
0 52929
0 52938
0 52947
0 52956
0 52965
0 52974
0 52983
0 52992
0 53001
0 53010
0 53019
0 53028
0 53037
0 53046
0 53055
0 53064
0 53073
0 53082
0 53091
0 53100
0 53109
0 53118
0 53127
0 53136
0 53145
0 53154
0 53163