0 0
0 9
0 18
0 27
0 36
0 45
0 54
0 63
0 72
0 81
0 90
0 99
0 108
0 117
0 126
0 135
0 144
0 153
0 162
0 171
0 180
0 189
0 198
0 207
0 216
0 225
0 234
0 243
0 252
0 261
0 270
0 279
0 288
0 297
0 306
0 315
0 324
0 333
0 342
0 351
0 360
0 369
0 378
0 387
0 396
0 405
0 414
0 423
0 552
0 561
0 570
0 579
0 588
0 597
0 606
0 615
0 624
0 633
0 642
0 651
0 660
0 669
0 678
0 687
0 696
0 705
0 714
0 723
0 732
0 741
0 750
0 759
0 768
0 777
0 786
0 795
0 804
0 813
0 912
0 921
0 930
0 939
0 948
0 957
0 966
0 975
0 984
0 993
0 1002
0 1011
0 1020
0 1029
0 1038
0 1047
0 1056
0 1065
0 1074
0 1368
0 1377
0 1386
0 1395
0 1404
0 1413
0 1422
0 1431
0 1440
0 1449
0 1458
0 1467
0 1476
0 1485
0 1560
0 1569
0 1578
0 1587
0 1596
0 1605
0 1680
0 1689
0 1698
0 1707
0 1716
0 1725
0 1734
0 1743
0 1752
0 1761
0 1770
0 1992
0 2001
0 2010
0 2019
0 2028
0 2037
0 2046
0 2055
0 2352
0 2361
0 2370
0 4248
0 4257
0 4266
0 4275
0 4284
0 4293
0 4302
0 4311
0 4320
0 4329
0 4338
0 4347
0 4356
0 4365
0 4374
0 4383
0 4392
0 4401
0 4410
0 4608
0 4617
0 4626
0 4635
0 4644
0 4653
0 4662
0 4671
0 4680
0 4689
0 4698
0 5280
0 5289
0 5298
0 5448
0 5457
0 5466
0 5475
0 5484
0 5493
0 5502
0 5511
0 5520
0 5529
0 5538
0 5547
0 5556
0 5565
0 5574
0 5583
0 5736
0 5745
0 5754
0 5763
0 5772
0 5781
0 5790
0 5799
0 5808
0 5817
0 5826
0 5835
0 5844
0 5853
0 5862
0 5871
0 5880
0 5889
0 5898
0 7512
0 7521
0 7530
0 7539
0 7548
0 7557
0 7566
0 7575
0 7584
0 7593
0 7602
0 7611
0 7620
0 7629
0 7638
0 7647
0 7656
0 7665
0 7674
0 7704
0 7713
0 7722
0 8016
0 8025
0 8034
0 8043
0 8052
0 8061
0 8070
0 8079
0 8088
0 8097
0 8106
0 8115
0 8124
0 8133
0 8142
0 8151
0 8160
0 8169
0 8178
0 8187
0 8196
0 8205
0 8304
0 8313
0 8322
0 8331
0 8340
0 8349
0 8616
0 8625
0 8634
0 8643
0 8652
0 8661
0 8670
0 8679
0 8688
0 8697
0 8706
0 8715
0 8724
0 8733
0 8742
0 8751
0 8760
0 8769
0 8778
0 8787
0 8796
0 8805
0 8814
0 8823
0 8832
0 8841
0 8850
0 8859
0 8868
0 8877
0 8886
0 8895
0 8904
0 8913
0 8922
0 8931
0 8940
0 8949
0 8958
0 8967
0 8976
0 8985
0 8994
0 9003
0 9012
0 9021
0 9030
0 9039
0 9048
0 9057
0 9066
0 9075
0 9084
0 9093
0 9102
0 9111
0 9120
0 9129
0 9138
0 9147
0 9156
0 9165
0 9174
0 9183
0 9192
0 9201
0 9210
0 9219
0 9228
0 9237
0 9246
0 9255
0 9264
0 9273
0 9282
0 9291
0 9300
0 9309
0 9408
0 9417
0 9426
0 9435
0 9444
0 9453
0 9462
0 9471
0 9480
0 9489
0 9498
0 9507
0 9516
0 9525
0 9534
0 9543
0 9552
0 9561
0 9570
0 9579
0 9588
0 9597
0 9606
0 9615
0 9624
0 9633
0 9642
0 9768
0 9777
0 9786
0 9795
0 9804
0 9813
0 9822
0 9831
0 9840
0 9849
0 9858
0 9867
0 9876
0 9885
0 9894
0 9903
0 9912
0 9921
0 9930
0 9939
0 9948
0 9957
0 9966
0 9975
0 9984
0 9993
0 10002
0 10011
0 10020
0 10029
0 10038
0 10047
0 10056
0 10065
0 10074
0 10083
0 10092
0 10101
0 10110
0 10119
0 10128
0 10137
0 10146
0 10155
0 10164
0 10173
0 10182
0 10191
0 10200
0 10209
0 10218
0 10227
0 10236
0 10245
0 10254
0 10263
0 10272
0 10281
0 10290
0 10299
0 10308
0 10317
0 10326
0 10335
0 10344
0 10353
0 10362
0 10392
0 10401
0 10410
0 10419
0 10428
0 10437
0 10560
0 10569
0 10578
0 10587
0 10596
0 10605
0 10800
0 10809
0 10818
0 10827
0 10836
0 10845
0 10896
0 10905
0 10914
0 10923
0 10932
0 10941
0 10992
0 11001
0 11010
0 11019
0 11028
0 11037
0 11046
0 11055
0 11520
0 11529
0 11538
0 11592
0 11601
0 11610
0 11619
0 11628
0 11637
0 11646
0 11655
0 11952
0 11961
0 11970
0 11979
0 11988
0 11997
0 12240
0 12249
0 12258
0 12267
0 12276
0 12285
0 12294
0 12303
0 12312
0 12321
0 12330
0 13008
0 13017
0 13026
0 13035
0 13044
0 13053
0 13080
0 13089
0 13098
0 13107
0 13116
0 13125
0 13224
0 13233
0 13242
0 13251
0 13260
0 13269
0 13278
0 13287
0 13296
0 13305
0 13314
0 13323
0 13332
0 13341
0 13392
0 13401
0 13410
0 13419
0 13428
0 13437
0 13446
0 13455
0 13464
0 13473
0 13482
0 13491
0 13500
0 13509
0 13518
0 13527
0 13560
0 13569
0 13578
0 13587
0 13596
0 13605
0 13800
0 13809
0 13818
0 13827
0 13836
0 13845
0 14208
0 14217
0 14226
0 14235
0 14244
0 14253
0 15912
0 15921
0 15930
0 16008
0 16017
0 16026
0 16035
0 16044
0 16053
0 16062
0 16071
0 16080
0 16089
0 16098
0 16296
0 16305
0 16314
0 16323
0 16332
0 16341
0 16350
0 16359
0 16368
0 16377
0 16386
0 16395
0 16404
0 16413
0 16422
0 16431
0 16440
0 16449
0 16458
0 16467
0 16476
0 16485
0 16494
0 16503
0 16512
0 16521
0 16530
0 16539
0 16548
0 16557
0 16566
0 16575
0 16584
0 16593
0 16602
0 16611
0 16620
0 16629
0 16638
0 16647
0 16656
0 16665
0 16674
0 16683
0 16692
0 16701
0 16710
0 16719
0 16728
0 16737
0 16746
0 16776
0 16785
0 16794
0 16803
0 16812
0 16821
0 16830
0 16839
0 16848
0 16857
0 16866
0 16875
0 16884
0 16893
0 16902
0 16911
0 16920
0 16929
0 16938
0 16947
0 16956
0 16965
0 16974
0 16983
0 16992
0 17001
0 17010
0 17019
0 17028
0 17037
0 17046
0 17055
0 17064
0 17073
0 17082
0 17091
0 17100
0 17109
0 17118
0 17127
0 17136
0 17145
0 17154
0 17163
0 17172
0 17181
0 17190
0 17199
0 17208
0 17217
0 17226
0 17235
0 17244
0 17253
0 17262
0 17271
0 17280
0 17289
0 17298
0 17307
0 17316
0 17325
0 17334
0 17343
0 17352
0 17361
0 17370
0 17379
0 17388
0 17397
0 17406
0 17415
0 17424
0 17433
0 17442
0 17451
0 17460
0 17469
0 17478
0 17487
0 17496
0 17505
0 17514
0 17523
0 17532
0 17541
0 17550
0 17559
0 17568
0 17577
0 17586
0 17595
0 17604
0 17613
0 17622
0 17631
0 17640
0 17649
0 17658
0 17667
0 17676
0 17685
0 17694
0 17703
0 17712
0 17721
0 17730
0 17739
0 17748
0 17757
0 17766
0 17775
0 17784
0 17793
0 17802
0 17811
0 17820
0 17829
0 17838
0 17847
0 17856
0 17865
0 17874
0 17883
0 17892
0 17901
0 17910
0 17919
0 17928
0 17937
0 17946
0 17955
0 17964
0 17973
0 17982
0 17991
0 18000
0 18009
0 18018
0 18027
0 18036
0 18045
0 18054
0 18063
0 18072
0 18081
0 18090
0 18099
0 18108
0 18117
0 18126
0 18135
0 18144
0 18153
0 18162
0 18171
0 18180
0 18189
0 18198
0 18207
0 18216
0 18225
0 18234
0 18243
0 18252
0 18261
0 18270
0 18279
0 18288
0 18297
0 18306
0 18315
0 18324
0 18333
0 18342
0 18351
0 18360
0 18369
0 18378
0 18387
0 18396
0 18405
0 18414
0 18423
0 18456
0 18465
0 18474
0 18483
0 18492
0 18501
0 18510
0 18519
0 18528
0 18537
0 18546
0 18555
0 18564
0 18573
0 18582
0 18591
0 18600
0 18609
0 18618
0 18627
0 18636
0 18645
0 18654
0 18663
0 18672
0 18681
0 18690
0 18699
0 18708
0 18717
0 18726
0 18735
0 18744
0 18753
0 18762
0 18771
0 18780
0 18789
0 18798
0 18807
0 18816
0 18825
0 18834
0 18843
0 18852
0 18861
0 18870
0 18879
0 18912
0 18921
0 18930
0 18960
0 18969
0 18978
0 18987
0 18996
0 19005
0 19014
0 19023
0 19032
0 19041
0 19050
0 19059
0 19068
0 19077
0 19086
0 19095
0 19104
0 19113
0 19122
0 19131
0 19140
0 19149
0 19158
0 19167
0 19176
0 19185
0 19194
0 19203
0 19212
0 19221
0 19230
0 19239
0 19248
0 19257
0 19266
0 19275
0 19284
0 19293
0 19302
0 19311
0 19320
0 19329
0 19338
0 19347
0 19356
0 19365
0 19374
0 19383
0 19392
0 19401
0 19410
0 19419
0 19428
0 19437
0 19446
0 19455
0 19464
0 19473
0 19482
0 19491
0 19500
0 19509
0 19518
0 19527
0 19536
0 19545
0 19554
0 19944
0 19953
0 19962
0 19971
0 19980
0 19989
0 20160
0 20169
0 20178
0 20187
0 20196
0 20205
0 20214
0 20223
0 20328
0 20337
0 20346
0 20355
0 20364
0 20373
0 20382
0 20391
0 21552
0 21561
0 21570
0 21579
0 21588
0 21597
0 21606
0 21615
0 22200
0 22209
0 22218
0 22227
0 22236
0 22245
0 22254
0 22263
0 22272
0 22281
0 22290
0 22299
0 22308
0 22317
0 22326
0 22335
0 22392
0 22401
0 22410
0 22632
0 22641
0 22650
0 22659
0 22668
0 22677
0 22686
0 22695
0 22776
0 22785
0 22794
0 22803
0 22812
0 22821
0 22872
0 22881
0 22890
0 23136
0 23145
0 23154
0 23376
0 23385
0 23394
0 23403
0 23412
0 23421
0 23430
0 23439
0 23448
0 23457
0 23466
0 23475
0 23484
0 23493
0 23502
0 23511
0 23520
0 23529
0 23538
0 23547
0 23556
0 23565
0 25008
0 25017
0 25026
0 25035
0 25044
0 25053
0 25062
0 25071
0 25128
0 25137
0 25146
0 25176
0 25185
0 25194
0 25203
0 25212
0 25221
0 25230
0 25239
0 25248
0 25257
0 25266
0 25275
0 25284
0 25293
0 25302
0 25311
0 25320
0 25329
0 25338
0 25347
0 25356
0 25365
0 25374
0 25383
0 25392
0 25401
0 25410
0 25419
0 25428
0 25437
0 25446
0 25455
0 25464
0 25473
0 25482
0 25491
0 25500
0 25509
0 25518
0 25527
0 25536
0 25545
0 25554
0 25563
0 25572
0 25581
0 25590
0 25599
0 25608
0 25617
0 25626
0 25635
0 25644
0 25653
0 25662
0 25671
0 25680
0 25689
0 25698
0 25707
0 25716
0 25725
0 25734
0 25743
0 25752
0 25761
0 25770
0 25779
0 25788
0 25797
0 25806
0 25815
0 25920
0 25929
0 25938
0 25947
0 25956
0 25965
0 25974
0 25983
0 25992
0 26001
0 26010
0 26019
0 26028
0 26037
0 26046
0 26055
0 26064
0 26073
0 26082
0 26091
0 26100
0 26109
0 26118
0 26127
0 26136
0 26145
0 26154
0 26163
0 26172
0 26181
0 26190
0 26199
0 26208
0 26217
0 26226
0 26235
0 26244
0 26253
0 26262
0 26271
0 26280
0 26289
0 26298
0 26307
0 26316
0 26325
0 26334
0 26343
0 26352
0 26361
0 26370
0 26379
0 26388
0 26397
0 26406
0 26415
0 26424
0 26433
0 26442
0 26451
0 26460
0 26469
0 26478
0 26487
0 26496
0 26505
0 26514
0 26592
0 26601
0 26610
0 26619
0 26628
0 26637
0 26646
0 26655
0 26664
0 26673
0 26682
0 26691
0 26700
0 26709
0 26718
0 26727
0 26736
0 26745
0 26754
0 26763
0 26772
0 26781
0 26790
0 26799
0 26808
0 26817
0 26826
0 26835
0 26844
0 26853
0 26880
0 26889
0 26898
0 26907
0 26916
0 26925
0 26934
0 26943
0 27000
0 27009
0 27018
0 27027
0 27036
0 27045
0 27144
0 27153
0 27162
0 27216
0 27225
0 27234
0 27243
0 27252
0 27261
0 27270
0 27279
0 27288
0 27297
0 27306
0 27315
0 27324
0 27333
0 27342
0 27351
0 27360
0 27369
0 27378
0 27387
0 27396
0 27405
0 27456
0 27465
0 27474
0 27483
0 27492
0 27501
0 27510
0 27519
0 27528
0 27537
0 27546
0 27555
0 27564
0 27573
0 27582
0 27591
0 27600
0 27609
0 27618
0 27627
0 27636
0 27645
0 27654
0 27663
0 27696
0 27705
0 27714
0 27723
0 27732
0 27741
0 27750
0 27759
0 27768
0 27777
0 27786
0 27795
0 27804
0 27813
0 27822
0 27831
0 27960
0 27969
0 27978
0 27987
0 27996
0 28005
0 28014
0 28023
0 28032
0 28041
0 28050
0 28176
0 28185
0 28194
0 28203
0 28212
0 28221
0 28416
0 28425
0 28434
0 28608
0 28617
0 28626
0 28635
0 28644
0 28653
0 28662
0 28671
0 28680
0 28689
0 28698
0 28707
0 28716
0 28725
0 28734
0 28743
0 28968
0 28977
0 28986
0 29160
0 29169
0 29178
0 29544
0 29553
0 29562
0 30216
0 30225
0 30234
0 30243
0 30252
0 30261
0 30270
0 30279
0 30408
0 30417
0 30426
0 30435
0 30444
0 30453
0 30462
0 30471
0 30480
0 30489
0 30498
0 30507
0 30516
0 30525
0 30534
0 30543
0 30576
0 30585
0 30594
0 30603
0 30612
0 30621
0 30630
0 30639
0 30648
0 30657
0 30666
0 30675
0 30684
0 30693
0 30702
0 30711
0 30888
0 30897
0 30906
0 31104
0 31113
0 31122
0 31131
0 31140
0 31149
0 31158
0 31167
0 31176
0 31185
0 31194
0 31512
0 31521
0 31530
0 31539
0 31548
0 31557
0 31566
0 31575
0 31656
0 31665
0 31674
0 31683
0 31692
0 31701
0 31710
0 31719
0 31728
0 31737
0 31746
0 31755
0 31764
0 31773
0 31782
0 31791
0 31800
0 31809
0 31818
0 31827
0 31836
0 31845
0 32256
0 32265
0 32274
0 32283
0 32292
0 32301
0 32310
0 32319
0 32328
0 32337
0 32346
0 32376
0 32385
0 32394
0 32448
0 32457
0 32466
0 33408
0 33417
0 33426
0 33720
0 33729
0 33738
0 34008
0 34017
0 34026
0 34035
0 34044
0 34053
0 34062
0 34071
0 34080
0 34089
0 34098
0 34107
0 34116
0 34125
0 34134
0 34143
0 34152
0 34161
0 34170
0 34224
0 34233
0 34242
0 34320
0 34329
0 34338
0 34347
0 34356
0 34365
0 34374
0 34383
0 34392
0 34401
0 34410
0 34419
0 34428
0 34437
0 34446
0 34455
0 34464
0 34473
0 34482
0 34491
0 34500
0 34509
0 34518
0 34527
0 34536
0 34545
0 34554
0 34563
0 34572
0 34581
0 34590
0 34599
0 34608
0 34617
0 34626
0 34680
0 34689
0 34698
0 34707
0 34716
0 34725
0 34734
0 34743
0 34752
0 34761
0 34770
0 34779
0 34788
0 34797
0 34806
0 34815
0 34824
0 34833
0 34842
0 34851
0 34860
0 34869
0 34878
0 34887
0 34896
0 34905
0 34914
0 34923
0 34932
0 34941
0 34950
0 34959
0 34968
0 34977
0 34986
0 34995
0 35004
0 35013
0 35022
0 35031
0 35040
0 35049
0 35058
0 35067
0 35076
0 35085
0 35094
0 35103
0 35112
0 35121
0 35130
0 35139
0 35148
0 35157
0 35208
0 35217
0 35226
0 35235
0 35244
0 35253
0 35262
0 35271
0 35280
0 35289
0 35298
0 35307
0 35316
0 35325
0 35334
0 35343
0 35352
0 35361
0 35370
0 35379
0 35388
0 35397
0 35406
0 35415
0 35424
0 35433
0 35442
0 35451
0 35460
0 35469
0 35478
0 35487
0 35496
0 35505
0 35514
0 35523
0 35532
0 35541
0 35550
0 35559
0 35568
0 35577
0 35586
0 35595
0 35604
0 35613
0 35622
0 35631
0 35640
0 35649
0 35658
0 35667
0 35676
0 35685
0 35694
0 35703
0 35712
0 35721
0 35730
0 35739
0 35748
0 35757
0 35766
0 35775
0 36120
0 36129
0 36138
0 36147
0 36156
0 36165
0 36174
0 36183
0 36192
0 36201
0 36210
0 36219
0 36228
0 36237
0 36246
0 36255
0 36264
0 36273
0 36282
0 36456
0 36465
0 36474
0 36483
0 36492
0 36501
0 36510
0 36519
0 36720
0 36729
0 36738
0 36747
0 36756
0 36765
0 36774
0 36783
0 36792
0 36801
0 36810
0 36864
0 36873
0 36882
0 36891
0 36900
0 36909
0 36918
0 36927
0 36936
0 36945
0 36954
0 36963
0 36972
0 36981
0 36990
0 36999
0 37008
0 37017
0 37026
0 37035
0 37044
0 37053
0 37062
0 37071
0 37080
0 37089
0 37098
0 37107
0 37116
0 37125
0 37134
0 37143
0 37176
0 37185
0 37194
0 37203
0 37212
0 37221
0 37944
0 37953
0 37962
0 39096
0 39105
0 39114
0 39123
0 39132
0 39141
0 39150
0 39159
0 39168
0 39177
0 39186
0 39195
0 39204
0 39213
0 39222
0 39231
0 39360
0 39369
0 39378
0 39387
0 39396
0 39405
0 39414
0 39423
0 39480
0 39489
0 39498
0 39507
0 39516
0 39525
0 39534
0 39543
0 39552
0 39561
0 39570
0 39720
0 39729
0 39738
0 39747
0 39756
0 39765
0 39774
0 39783
0 40032
0 40041
0 40050
0 40059
0 40068
0 40077
0 40086
0 40095
0 40104
0 40113
0 40122
0 40131
0 40140
0 40149
0 40824
0 40833
0 40842
0 40851
0 40860
0 40869
0 41112
0 41121
0 41130
0 42192
0 42201
0 42210
0 42744
0 42753
0 42762
0 43056
0 43065
0 43074
0 43083
0 43092
0 43101
0 43110
0 43119
0 43176
0 43185
0 43194
0 43203
0 43212
0 43221
0 43230
0 43239
0 43248
0 43257
0 43266
0 43275
0 43284
0 43293
0 43302
0 43311
0 43320
0 43329
0 43338
0 43347
0 43356
0 43365
0 43374
0 43383
0 43392
0 43401
0 43410
0 43419
0 43428
0 43437
0 43446
0 43455
0 43464
0 43473
0 43482
0 43491
0 43500
0 43509
0 43560
0 43569
0 43578
0 43587
0 43596
0 43605
0 43614
0 43623
0 43632
0 43641
0 43650
0 43659
0 43668
0 43677
0 43686
0 43695
0 43704
0 43713
0 43722
0 43731
0 43740
0 43749
0 43758
0 43767
0 43776
0 43785
0 43794
0 43803
0 43812
0 43821
0 43830
0 43839
0 43848
0 43857
0 43866
0 43875
0 43884
0 43893
0 43902
0 43911
0 43920
0 43929
0 43938
0 43947
0 43956
0 43965
0 43974
0 43983
0 43992
0 44001
0 44010
0 44019
0 44028
0 44037
0 44046
0 44055
0 44064
0 44073
0 44082
0 44091
0 44100
0 44109
0 44118
0 44127
0 44136
0 44145
0 44154
0 44163
0 44172
0 44181
0 44190
0 44199
0 44208
0 44217
0 44226
0 44235
0 44244
0 44253
0 44262
0 44271
0 44280
0 44289
0 44298
0 44307
0 44316
0 44325
0 44334
0 44343
0 44352
0 44361
0 44370
0 44379
0 44388
0 44397
0 44406
0 44415
0 44424
0 44433
0 44442
0 44451
0 44460
0 44469
0 44478
0 44487
0 44496
0 44505
0 44514
0 44523
0 44532
0 44541
0 44550
0 44559
0 44568
0 44577
0 44586
0 44595
0 44604
0 44613
0 44622
0 44631
0 44640
0 44649
0 44658
0 44667
0 44676
0 44685
0 44694
0 44703
0 44712
0 44721
0 44730
0 44739
0 44748
0 44757
0 44766
0 44775
0 44784
0 44793
0 44802
0 44811
0 44820
0 44829
0 44838
0 44847
0 44952
0 44961
0 44970
0 44979
0 44988
0 44997
0 45006
0 45015
0 45024
0 45033
0 45042
0 45051
0 45060
0 45069
0 45078
0 45087
0 45096
0 45105
0 45114
0 45123
0 45132
0 45141
0 45150
0 45159
0 45168
0 45177
0 45186
0 45195
0 45204
0 45213
0 45222
0 45231
0 45240
0 45249
0 45258
0 45267
0 45276
0 45285
0 45336
0 45345
0 45354
0 45480
0 45489
0 45498
0 45600
0 45609
0 45618
0 45627
0 45636
0 45645
0 45654
0 45663
0 45672
0 45681
0 45690
0 45699
0 45708
0 45717
0 45726
0 45735
0 45744
0 45753
0 45762
0 45771
0 45780
0 45789
0 45864
0 45873
0 45882
0 45891
0 45900
0 45909
0 46032
0 46041
0 46050
0 46059
0 46068
0 46077
0 46086
0 46095
0 46104
0 46113
0 46122
0 46728
0 46737
0 46746
0 47592
0 47601
0 47610
0 47619
0 47628
0 47637
0 47646
0 47655
0 47664
0 47673
0 47682
0 47904
0 47913
0 47922
0 47931
0 47940
0 47949
0 47958
0 47967
0 47976
0 47985
0 47994
0 48336
0 48345
0 48354
0 48363
0 48372
0 48381
0 48480
0 48489
0 48498
0 48507
0 48516
0 48525
0 49728
0 49737
0 49746
0 49755
0 49764
0 49773
0 49782
0 49791
0 49896
0 49905
0 49914
0 51312
0 51321
0 51330
0 51408
0 51417
0 51426
0 51435
0 51444
0 51453
0 51462
0 51471
0 51480
0 51489
0 51498
0 51507
0 51516
0 51525
0 51534
0 51543
0 51624
0 51633
0 51642
0 51651
0 51660
0 51669
0 51678
0 51687
0 51696
0 51705
0 51714
0 51723
0 51732
0 51741
0 51750
0 51759
0 51792
0 51801
0 51810
0 51819
0 51828
0 51837
0 51846
0 51855
0 51864
0 51873
0 51882
0 51891
0 51900
0 51909
0 51918
0 51927
0 51936
0 51945
0 51954
0 51963
0 51972
0 51981
0 51990
0 51999
0 52008
0 52017
0 52026
0 52035
0 52044
0 52053
0 52062
0 52071
0 52080
0 52089
0 52098
0 52107
0 52116
0 52125
0 52134
0 52143
0 52152
0 52161
0 52170
0 52200
0 52209
0 52218
0 52227
0 52236
0 52245
0 52254
0 52263
0 52320
0 52329
0 52338
0 52347
0 52356
0 52365
0 52464
0 52473
0 52482
0 52491
0 52500
0 52509
0 52518
0 52527