57 0
26 10920
41 12960
4 15647
37 20280
49 20280
32 21264
47 26452
14 33744
42 51960
55 61296
0 66240
31 81576
60 93169
52 96377
1 96528
19 96780
38 97920
66 97920
57 109560
40 116016
44 116186
22 125040
73 139368
5 140424
75 141360
28 141408
50 141864
48 146928
6 155256
18 164016
74 164856
65 165576
33 179064
15 179664
17 180720
69 180720
78 183504
58 184032
39 187920
43 188088
9 188208
32 189576
46 195528
29 195648
38 198705
4 199728
7 205560
14 208344
35 211056
62 222480
47 227088
70 227400
36 227640
25 228216
76 230928
21 234000
64 234024
37 234960
23 237192
24 243648
13 256416
19 256488
30 256488
66 273408
41 279360
79 279360
49 282168
59 282168
16 282360
61 284568
67 285624
31 288312
8 295896
54 308909
4 312048
63 312048
73 314640
5 320064
15 320088
56 325368
77 327120
38 327768
10 331968
45 340992
11 341208
0 342226
72 348000
53 362640
26 363600
47 365568
10 373608
20 373608
75 373896
68 380976
42 381168
2 381336
69 382584
34 386616
15 390984
72 400605
55 405360
3 408600
43 408600
6 413808
36 422016
30 427488
22 446160
24 449640
28 452434
1 453600
14 453720
29 453720
27 453960
4 454104
47 470733
18 472128
9 472848
63 475248
66 493128
67 496440
44 497664
17 500506
20 500904
21 501768
40 501768
34 505104
71 506592
78 509328
51 515880
39 517176
10 518328
64 525000
72 536040
12 541728
61 544200
32 545040
8 545184
48 546288
59 547104
40 552744
56 553416
7 556128
60 557688
70 557688
42 557760
69 563016
31 564336
44 574008
37 574200
74 577128
22 581424
52 581424
45 582000
76 582000
32 593265
2 596002
46 608256
17 622800
50 626160
73 626712
24 629266
64 630240
72 632445
49 633240
71 638688
55 641926
69 646281
1 648888
62 651168
23 653338
35 653640
68 656962
34 658450
25 663288
27 664344
13 668496
5 670608
36 679440
77 686328
20 688776
24 705360
57 709728
42 711106
3 716808
36 720960
58 720960