1 0
0 27528
1 44496
0 45240
1 68928
0 85920
1 96168
0 107830
1 130128
0 147264
0 173880
1 174336
0 187896
1 201072
0 209806
1 227928
1 254928
1 271152
0 273264
1 284302
1 302928
1 316078
0 335232
1 358320
0 358464
1 372360
0 376224
0 410736
1 412056
1 416445
0 425352
1 429595
1 455904
1 482232
0 483360
0 501264
1 508584
0 527592
1 541680
1 551688
1 565104
0 568440
0 582456
1 596640
0 604368
1 613320
0 617520
0 630696
1 630850
0 635184
1 664632
1 683064
0 694152
0 712056
1 717864