57 0
26 3000
41 3888
37 12720
49 13152
4 15648
32 21552
47 29784
14 31946
42 47088
55 64344
0 65232
31 75048
38 76226
4 77064
60 81600
66 88632
19 92448
52 92448
1 96168
22 112560
40 116568
44 116712
14 128351
50 128928
75 129648
28 134136
73 138816
5 141408
50 144672
48 147072
6 156408
65 160896
17 161640
69 161640
31 162864
74 164496
18 164640
15 169128
78 169320
33 177552
39 178056
43 178080
9 178944
58 183432
46 188232
29 196488
25 205752
7 205848
31 207816
6 209013
35 210239
1 213720
76 215640
62 221784
39 221976
70 227928
36 228960
52 232200
21 234312
64 234360
13 236161
23 238776
32 239760
24 244176
30 244800
60 252744
42 256512
79 257472
16 276168
59 276240
52 280632
67 285000
61 287160
57 288408
38 295632
8 295848
22 296088
40 296688
32 296745
54 302928
23 304824
63 304872
37 306552
77 311040
56 322128
0 328152
13 328896
47 332050
10 336936
45 340320
11 340680
49 344400
72 348768
17 350026
6 350136
53 360240
62 367080
19 368616
20 369144
2 375072
34 377496
31 378720
33 379080
21 379248
68 380328
14 381096
28 381120
50 398784
44 401952
3 405144
32 406290
48 407352
76 413472
74 415968
63 423936
59 425206
25 434256
27 441840
66 444552
49 458712
18 467016
45 467784
54 474120
76 474888
64 476664
16 484056
51 486096
24 494040
1 494976
57 497328
71 505800
43 506568
73 511368
54 513585
66 523437
11 524688
67 529704
59 530371
65 538344
61 538776
12 541776
15 546408
56 546504
6 550272
53 550344
55 555048
13 555384
77 556366
62 559056
21 563616
9 564936
51 567768
36 567984
79 568704
42 571918
35 572808
41 577368
28 579792
34 580656
22 585960
70 590592
4 591480
46 604512
37 605256
48 606240
3 624744
15 625293
16 630360
10 639336
40 641856
53 642456
71 642840
69 646608
24 647952
20 648216
30 656688
4 658464
29 664320
55 669240
9 669360
39 673656
59 674956
0 676896
35 678312
5 679128
48 685656
70 686088
58 687192
14 691008
75 691368
74 692712
31 694176
38 696432
72 699216
54 699408
11 700008
41 704808
50 708576
60 717336
26 717576