8 204408
9 245420
11 261696
10 270672
1 282672
2 314376
4 331728
7 343272
5 392616
13 398952
14 423408
0 439200
3 509544
12 598440
4 408
11 152448
13 261975
6 265896
2 354048
5 363912
0 375504
12 393072
1 427944
10 463200
14 481623
8 485112
11 494134
1 520896
9 543153
7 559680
3 589416
4 598128
6 643656
13 700080
9 47928
5 132840
11 140904
0 152448
3 179952
8 188256
13 189528
7 228288
10 248808
2 250680
6 266112
4 266496
5 313560
14 313560
12 377808
13 406512
1 436704
9 463800
2 532848
9 565320
0 628752
8 642384
6 652896
11 653640
7 658344
1 660648
12 673320
3 680640
5 680640
10 699840
