0 0
1 0
1 13150
0 16032
1 26300
0 42384
1 44424
1 53193
0 56448
0 65280
1 68424
1 86136
0 87312
1 134592
0 142464
1 165240
0 173376
1 200304
1 218208
0 221808
0 252528
0 265704
1 275157
0 287976
0 305712
1 316032
1 320421
0 332112
0 345888
1 351624
0 392568
1 413640
0 423504
1 428256
1 442536
1 455686
0 463200
0 481344
1 489624
1 515976
0 554688
1 559776
0 581136
1 594552
0 611832
1 629832
0 629976
1 655872
0 672624
1 673296
0 688536
0 725280
1 725928
