48 0
56 0
83 2184
86 5808
2 11208
96 12192
36 30216
54 37584
73 37632
6 39096
45 39096
76 43272
31 47616
94 50707
26 51432
65 55872
70 56448
18 56606
84 65544
87 79320
43 82224
39 82800
0 85464
13 87241
4 87614
23 90552
78 102768
3 106152
19 112800
29 121488
33 124560
1 124848
52 125208
35 127680
95 128712
58 129672
67 133368
18 134112
68 144240
59 145584
10 150792
22 153360
42 161304
31 161808
16 163968
60 178536
47 179520
73 191064
88 196536
87 197160
57 197280
69 199920
54 204120
3 204912
12 205872
61 209352
24 209568
42 209592
7 209724
32 210720
34 213912
21 217608
55 217608
8 227448
77 229338
62 234984
91 237432
40 239376
82 240552
27 244128
63 244392
93 244560
51 247776
54 247968
96 249024
48 249936
5 252552
74 261456
79 265368
45 266904
64 270264
19 270600
33 270672
41 273888
60 274941
70 275664
83 279648
73 283296
17 283776
50 284376
25 285264
29 288120
22 297945
89 299928
66 300593
55 300984
75 309000
52 309384
65 311184
78 313056
40 313920
90 316416
68 321936
62 327984
1 330754
94 331968
25 334104
85 336240
4 337104
53 339144
20 340752
71 340752
81 344928
46 361776
21 366600
28 366912
92 366912
77 378304
36 379584
18 380856
56 381144
37 398424
95 404976
3 406656
76 407160
22 407544
10 407592
14 409416
0 410712
94 415320
5 423504
40 424056
82 427824
55 433608
58 437232
53 440904
30 442584
4 450504
65 450528
33 457992
38 459840
87 460560
41 463128
31 464112
8 468432
39 468504
91 477360
9 481560
2 485232
43 485904
55 486213
45 486336
16 489168
24 489720
72 489720
6 490680
67 494304
15 495408
11 498624
29 503136
27 504720
81 507144
71 507238
83 511834
23 515664
80 516072
97 528696
74 529896
76 529896
46 532752
44 533352
63 533880
9 534408
51 541464
18 543288
77 544992
54 546720
48 552960
13 555984
59 557136
25 557664
96 559224
0 559704
86 568920
92 580680
2 581760
85 582456
3 584664
60 585967
90 595272
12 600120
35 602400
0 603549
40 603840
77 610968
69 612360
50 615888
86 617280
70 617472
94 624456
68 624864
27 626352
37 634824
18 635352
78 637824
61 638136
39 640224
73 643008
79 643656
84 650832
63 652560
16 655848
15 655872
36 655896
52 660528
22 661992
8 663408
93 665136
28 665256
42 668184
38 677664
19 679248
64 682416
76 682440
41 686808
88 687142
33 690240
95 690840
81 691152
14 694440
10 699744
74 700896
94 703632
51 703728
49 703800
7 703896
82 704136
97 713280
57 713808
17 716928
66 717936
30 718570
59 719376
