0 2928
0 3360
0 3456
0 3696
0 3741
0 3816
0 3861
0 3906
0 3951
8 3984
0 3996
0 4056
0 4104
0 4152
0 4197
0 4248
0 4293
0 4338
0 4416
0 4461
0 4506
0 4560
0 4605
0 4650
0 4695
0 4752
0 4797
0 4842
0 4887
0 4932
0 4977
0 5040
0 5112
0 5157
0 5202
0 5247
0 5292
0 5337
0 5382
0 5427
0 5472
0 5688
0 5733
0 5778
0 5832
8 5832
0 6000
0 6045
0 6096
0 6141
0 6186
0 6231
0 6528
0 6573
0 6624
0 6672
0 6717
0 7032
0 7104
0 7149
0 7344
0 11328
0 11880
0 11976
0 12021
8 12048
9 12048
0 12066
0 12111
0 12156
0 12240
0 12336
0 12381
0 12600
0 12645
0 12690
0 12744
0 12789
0 12834
0 12879
0 12936
0 12981
0 13200
0 13248
0 13293
0 13344
0 13392
0 13437
0 13488
8 13512
0 13533
0 13578
0 13680
0 13752
0 13797
0 13842
0 13896
0 13944
0 13992
0 14040
0 14085
8 14112
0 14130
0 14208
0 14253
8 14256
9 14256
0 14304
0 14376
0 14421
0 14472
0 14517
0 14592
0 14640
0 14688
0 14736
0 14781
0 14832
0 14928
0 15000
0 15048
0 15093
0 15138
0 15183
0 15240
0 15288
0 15336
0 15408
0 15453
0 15600
0 15864
0 15960
0 20808
0 20904
0 20949
0 21072
0 21144
0 21240
0 21288
0 21333
0 21432
0 21477
0 21552
0 21597
8 21600
0 21672
8 21672
0 21717
0 21762
0 21807
0 21852
0 21936
0 21981
0 22152
0 22272
0 22344
0 22389
0 22434
0 22488
0 22560
0 22605
0 22650
0 22704
0 22752
0 22797
8 22800
0 22848
0 22893
0 22992
0 23040
0 23085
0 23256
0 23301
8 23304
0 23346
8 23349
0 23391
0 23472
0 23517
0 23616
0 23664
0 23709
0 23784
0 23829
0 23874
0 23919
0 24000
0 24168
0 24240
0 24336
0 24381
0 29208
0 29376
0 29664
0 29760
0 29808
0 29853
0 29928
0 30072
0 30336
0 30528
0 30672
8 30672
0 30717
0 30768
0 30816
0 30861
0 30912
0 30960
0 31056
8 31080
0 31101
0 31146
0 31191
0 31236
0 31281
0 31326
0 31392
0 31440
0 31512
0 31557
0 31602
0 31647
8 31656
0 31692
0 31737
0 31824
8 31824
0 31869
8 31869
0 31914
0 31959
0 32016
0 32064
0 32109
0 32154
0 32199
8 32232
0 32244
0 32328
0 32373
8 32376
0 32418
0 32463
0 32508
0 32553
0 32598
0 32664
0 32709
0 32754
0 32880
0 32952
0 33096
0 33141
0 33216
0 33528
0 37728
0 37776
0 37848
0 38088
0 38256
0 38301
0 38400
0 38448
0 38493
0 38544
0 38592
0 38640
0 38712
0 38760
0 38880
0 38925
0 38970
0 39024
0 39072
0 39117
0 39216
0 39261
0 39306
0 39351
0 39408
0 39456
0 39504
8 39504
9 39504
0 39549
0 39594
0 39720
0 39768
0 39813
0 39888
0 39933
0 39978
0 40023
0 40068
0 40176
0 40368
0 40416
0 40464
0 40536
0 40608
0 40653
0 40698
0 40743
0 40788
0 40848
0 40893
8 40896
0 40938
0 40983
0 41064
0 41109
0 41154
0 41199
0 41244
8 41280
0 41289
0 41334
8 41352
0 41379
0 41520
0 41568
0 41712
0 41757
0 41802
0 42144
0 46368
0 46488
0 46680
0 47064
0 47160
0 47232
8 47232
0 47280
8 47280
0 47352
0 47397
0 47472
0 47517
0 47568
0 47616
0 47832
0 47877
8 47880
9 47880
0 47922
8 47925
0 47967
0 48024
8 48024
0 48264
0 48312
0 48360
0 48405
0 48450
0 48552
0 48600
0 48645
0 48690
0 48735
0 48816
0 48861
0 48906
0 48951
0 49008
0 49053
0 49104
0 49149
0 49194
0 49239
8 49248
0 49284
0 49344
0 49440
0 49485
0 49536
0 49581
0 49632
0 49677
0 49722
8 49752
0 49767
0 49848
0 49893
0 49944
0 49992
8 49992
9 49992
0 50088
0 50136
0 50181
0 50226
0 50472
0 50568
0 50640
0 50952
0 54864
0 54909
0 55032
0 55368
0 55512
0 55680
0 55920
0 56088
0 56208
0 56448
0 56493
0 56544
0 56760
0 56805
0 56856
0 56901
8 56904
0 56946
0 57120
0 57165
0 57210
8 57240
0 57255
0 57300
0 57345
0 57390
0 57456
0 57528
0 57624
0 57669
0 57714
0 57792
0 57837
0 57882
0 57936
0 57981
0 58152
8 58152
9 58152
0 58272
8 58272
0 58317
0 58362
0 58416
0 58461
0 58512
0 58560
0 58605
0 58656
0 58701
0 58746
0 58800
0 58896
0 58968
0 59016
0 59160
0 59205
0 59250
0 59400
0 59445
0 59688
0 59904
0 59952
0 60048
0 60093
0 63888
0 63933
0 63984
0 64248
0 64464
0 64512
0 64608
0 64656
0 64704
0 64749
0 64800
0 64845
0 64896
0 64944
0 65016
0 65061
0 65136
0 65181
0 65280
0 65328
8 65328
0 65373
0 65418
0 65520
0 65640
0 65736
0 65781
0 65826
0 65904
0 66000
0 66048
0 66093
0 66144
0 66192
0 66237
0 66288
0 66384
8 66408
0 66429
0 66474
0 66519
8 66552
0 66564
0 66624
0 66672
0 66720
0 66840
0 66888
0 66933
0 66978
0 67056
0 67101
0 67146
0 67191
8 67200
0 67236
8 67245
0 67281
0 67326
0 67392
0 67464
0 67584
0 67632
0 67896
0 68280
0 73224
0 73272
0 73317
0 73362
0 73416
0 73608
0 73752
0 73848
0 73893
0 74040
0 74088
0 74136
8 74136
0 74181
0 74280
0 74325
0 74448
8 74448
0 74520
0 74565
0 74616
8 74640
0 74661
0 74856
8 74856
0 74976
0 75021
0 75066
0 75111
8 75144
0 75156
0 75201
0 75384
8 75384
0 75429
0 75474
0 75576
0 75621
8 75624
9 75648
0 75666
8 75669
0 75711
0 75816
0 75861
0 75906
0 75960
8 75960
0 76005
0 76056
0 76101
0 76146
0 76200
0 76296
8 76296
0 76416
0 76461
0 76536
0 76581
0 76626
0 76671
0 76716
0 76776
0 76848
0 77088
0 77160
0 81360
0 81960
0 82008
0 82053
0 82200
0 82245
0 82296
0 82341
0 82416
0 82464
0 82536
0 82608
0 82728
0 82776
0 82821
0 82896
0 82941
0 82986
0 83031
0 83208
0 83253
0 83298
0 83352
8 83376
0 83397
0 83496
0 83616
0 83664
8 83664
0 83709
0 83754
0 83808
0 83853
0 83928
0 83976
8 84000
0 84021
0 84096
0 84144
0 84216
0 84261
0 84312
0 84357
0 84408
0 84453
0 84498
0 84552
0 84672
0 84717
0 84762
0 85008
0 85104
0 85152
0 85197
0 85248
0 85368
0 85488
0 85533
0 85608
0 85656
0 85701
0 85824
0 90048
0 90093
0 90216
0 90288
0 90552
0 90768
0 90813
0 90888
0 91008
0 91053
0 91098
8 91128
0 91143
0 91188
0 91233
0 91296
0 91368
0 91413
0 91458
0 91656
0 91701
8 91704
0 91848
8 91848
0 91893
0 92064
0 92136
0 92181
0 92226
0 92424
0 92469
0 92592
8 92592
0 92637
8 92640
0 92682
0 92736
0 92781
0 92904
0 92952
0 93000
0 93045
0 93096
8 93120
0 93141
0 93240
0 93285
8 93288
0 93360
0 93405
0 93456
0 93501
0 93546
0 93591
0 93672
0 93717
0 93762
0 93807
0 93864
0 93912
0 93957
0 94008
0 94053
0 94098
0 94143
0 94272
0 94317
0 94440
0 94512
0 94557
0 99432
0 99576
0 99864
0 99912
0 100056
0 100224
0 100269
0 100314
8 100320
0 100359
0 100404
0 100449
8 100464
0 100494
0 100560
0 100608
0 100656
0 100752
0 100797
0 100872
8 100896
0 100917
0 101112
8 101112
0 101157
0 101256
0 101301
0 101424
0 101568
8 101568
0 101613
0 101784
0 101856
0 101901
0 101976
0 102021
0 102066
0 102111
0 102168
0 102216
0 102384
0 102429
0 102474
0 102519
0 102564
0 102609
0 102672
0 102720
0 102765
0 102810
0 102864
0 102912
0 102957
0 103002
0 103080
0 103125
0 103170
0 103224
0 103269
0 103344
0 103728
0 107328
0 108144
0 108360
0 108405
0 108450
0 108528
0 108576
0 108621
0 108744
0 108864
0 108912
0 108957
0 109032
0 109080
8 109104
0 109125
8 109152
0 109170
8 109200
0 109215
0 109260
0 109305
0 109350
0 109395
0 109440
0 109488
0 109536
0 109632
0 109680
0 109725
0 109848
0 109893
0 109938
0 109992
0 110040
0 110085
0 110130
0 110232
0 110277
8 110280
0 110376
8 110400
9 110400
0 110421
0 110616
0 110661
0 110706
0 110760
0 110856
0 110901
0 110946
0 111000
8 111000
0 111045
0 111144
0 111192
0 111288
0 111333
0 111378
0 111432
0 111477
0 111552
0 111912
0 112104
0 112152
0 112248
0 112296
0 112341
0 117000
0 117384
0 117429
0 117474
0 117624
0 117816
0 117861
0 117912
0 117960
0 118005
0 118056
0 118101
0 118146
0 118191
8 118224
0 118236
8 118272
0 118281
0 118344
0 118608
0 118656
0 118701
0 118752
0 118797
0 118842
0 118896
0 118941
0 118986
0 119031
0 119088
0 119136
0 119181
0 119226
0 119271
0 119328
0 119376
0 119421
0 119472
0 119517
0 119562
0 119607
0 119652
0 119784
0 119880
0 119925
0 119976
0 120021
0 120072
0 120117
0 120162
0 120207
0 120252
0 120297
0 120408
0 120453
0 120498
0 120543
0 120696
0 120741
0 120816
0 125472
0 125592
0 125712
0 125880
0 126048
0 126144
0 126189
0 126360
0 126405
0 126504
0 126744
0 126789
0 126834
0 126879
0 126924
0 127200
8 127200
0 127245
0 127344
0 127389
0 127434
0 127479
8 127512
0 127524
8 127557
0 127569
0 127632
8 127632
9 127632
0 127677
0 127722
0 127767
8 127776
0 127812
0 127857
0 127902
0 127992
0 128040
8 128064
0 128085
0 128136
8 128160
0 128181
0 128256
0 128304
0 128349
0 128394
0 128496
0 128544
0 128589
0 128634
0 128679
0 128736
8 128736
9 128736
0 128808
0 128880
0 128925
0 129096
0 129141
0 129192
0 129237
0 129282
0 129327
0 129372
0 129417
0 129480
0 129696
0 129744
0 129792
0 133920
0 133968
0 134013
0 134064
0 134256
0 134301
0 134592
0 134808
0 134853
0 134898
0 134943
8 134952
0 135000
0 135045
0 135090
0 135192
0 135237
0 135282
0 135360
0 135408
0 135576
0 135624
0 135720
8 135720
0 135765
0 135864
8 135864
0 135909
0 135984
0 136032
0 136077
0 136122
0 136167
0 136320
0 136392
0 136440
0 136536
0 136581
0 136632
8 136632
0 136677
0 136722
0 136767
0 136812
0 136872
0 136917
0 136968
0 137016
0 137112
0 137157
8 137160
9 137160
0 137232
8 137232
9 137232
0 137304
8 137304
0 137349
0 137394
0 137439
0 137520
0 137640
0 137685
0 137760
0 137805
0 137856
0 137901
0 137952
0 138000
0 138072
0 138168
0 138216
0 138264
0 138480
0 138525
0 138840
0 142248
0 143088
0 143136
0 143181
0 143256
0 143301
0 143400
0 143445
0 143490
0 143592
0 143637
0 143682
0 143904
0 143949
0 143994
0 144039
0 144168
0 144216
8 144216
9 144216
0 144288
8 144288
0 144333
8 144333
0 144552
0 144597
0 144642
0 144687
0 144792
8 144792
0 144837
8 144837
0 144888
0 144936
0 144981
0 145032
0 145080
0 145272
0 145317
0 145392
0 145437
0 145560
0 145632
0 145680
8 145704
0 145725
0 145800
0 145848
0 145893
0 145992
8 145992
0 146040
0 146085
0 146184
0 146229
0 146274
0 146319
0 146364
0 146448
0 146496
0 146541
0 146586
0 146664
0 146709
0 146754
0 146799
0 146844
0 146889
0 146934
0 146979
0 147024
0 147360
0 147405
0 151608
0 151704
0 151776
0 151821
0 151896
0 151941
0 152016
0 152064
0 152112
0 152157
0 152208
0 152280
0 152328
0 152400
0 152445
0 152496
0 152541
0 152592
0 152637
0 152688
0 152733
0 152778
0 152823
0 152976
0 153021
0 153066
0 153120
0 153165
0 153240
0 153624
0 153669
0 153714
0 153759
0 153840
0 153888
8 153912
0 153933
8 153957
0 153978
0 154032
0 154077
0 154122
0 154200
0 154296
0 154341
0 154680
0 154725
0 154776
0 154944
0 154989
0 155034
0 155079
0 155136
0 155181
0 155226
0 155280
8 155280
9 155280
0 155325
8 155325
9 155325
0 155370
8 155370
0 155424
0 155469
0 155514
0 155559
0 155640
0 160872
0 161280
0 161328
0 161400
0 161496
0 161544
0 161616
0 161664
0 161880
0 162024
0 162069
0 162144
8 162144
0 162189
8 162192
0 162408
0 162453
0 162552
0 162600
8 162600
0 162645
0 162696
8 162696
9 162696
0 162741
8 162741
0 162840
0 162888
0 162960
8 162960
0 163008
0 163056
0 163101
0 163152
0 163197
0 163242
0 163320
0 163488
0 163584
0 163629
0 163824
0 163920
0 163965
0 164088
8 164088
9 164088
0 164136
0 164328
0 164373
0 164448
0 164496
0 164541
0 164616
0 164808
0 164904
0 165120
0 169176
0 169248
0 169293
0 169338
0 169536
0 169581
0 169632
0 169677
0 169722
0 169776
0 169824
0 169869
0 169968
0 170013
0 170058
0 170136
0 170181
0 170226
0 170271
0 170316
0 170400
0 170520
0 170565
0 170610
0 170664
0 170784
0 170856
0 170952
0 170997
0 171072
0 171117
0 171162
0 171456
0 171501
0 171696
8 171696
0 171741
0 171912
0 171984
8 171984
0 172080
0 172125
0 172176
0 172296
0 172341
0 172386
0 172440
0 172485
0 172530
8 172536
0 172575
0 172620
0 172752
0 172800
0 172845
0 172890
0 172935
0 172980
0 173025
0 173070
0 173115
0 173208
0 173352
0 173448
0 173493
0 177648
0 177693
0 177738
0 177783
0 177828
0 178440
0 178848
0 178896
0 178941
0 179016
0 179061
0 179106
0 179151
0 179196
0 179256
8 179256
0 179301
0 179424
8 179424
0 179469
0 179520
0 179565
0 179610
0 179655
0 179700
0 179760
0 179805
0 180000
8 180000
9 180000
0 180045
0 180096
8 180120
0 180141
9 180144
8 180165
0 180216
8 180216
9 180216
0 180261
0 180306
8 180336
0 180351
0 180396
0 180441
0 180504
0 180549
8 180576
0 180594
0 180639
0 180744
0 180789
0 180834
8 180840
0 180879
8 180912
0 180924
0 180984
8 180984
0 181029
0 181074
8 181104
9 181104
0 181119
0 181272
8 181272
9 181272
0 181320
0 181365
0 181410
0 181455
0 181500
0 181584
0 181656
0 181701
0 181776
0 181872
0 181917
0 181992
0 182040
0 182088
0 182304
0 182448
0 186552
0 187008
0 187248
0 187293
0 187344
0 187392
0 187437
0 187512
0 187557
0 187608
0 187752
0 187800
0 187845
0 187896
0 187941
0 187992
0 188040
0 188085
0 188130
0 188352
0 188397
0 188544
0 188589
0 188634
8 188640
9 188640
0 188679
8 188685
0 188724
0 188784
0 188829
0 188874
0 188976
0 189021
8 189048
0 189066
0 189111
8 189144
0 189156
8 189189
0 189201
0 189246
0 189384
0 189429
0 189474
8 189504
9 189504
0 189519
0 189564
0 189609
0 189672
8 189672
0 189717
0 189762
8 189792
0 189807
0 189864
0 189912
0 189960
0 190005
0 190056
0 190101
0 190176
0 190224
0 190296
0 190341
0 190440
0 190536
0 190584
0 190629
0 190680
0 190728
0 190773
0 190818
0 190863
0 195456
0 195888
0 196008
8 196032
0 196053
0 196098
0 196143
0 196320
0 196392
0 196560
0 196608
0 196656
0 196824
8 196824
0 196896
8 196896
0 196941
0 196992
0 197037
0 197082
0 197127
0 197172
0 197304
8 197328
0 197349
0 197394
8 197424
0 197439
0 197496
0 197541
0 197586
0 197736
0 197856
0 197901
0 197976
0 198048
0 198093
0 198144
0 198192
0 198264
8 198264
9 198264
0 198309
0 198354
0 198399
0 198504
0 198549
0 198624
0 198669
0 198720
0 198765
0 198810
0 198888
0 198933
0 198984
0 199029
0 199074
0 199200
0 199248
0 199293
0 199344
0 199389
0 199434
8 199464
0 199479
0 199524
0 199608
0 199680
0 199944
0 199989
0 203688
0 204840
0 204936
0 205056
0 205104
0 205176
0 205221
0 205266
0 205320
0 205365
0 205410
0 205455
0 205500
0 205545
0 205608
0 205653
0 205698
0 205743
0 205788
0 205833
8 205848
0 205878
0 205923
0 205968
0 206064
0 206109
8 206112
0 206184
0 206229
0 206274
0 206319
0 206376
0 206424
0 206469
0 206514
8 206520
0 206640
0 206685
0 206730
0 206775
0 206820
0 206880
0 206925
8 206928
0 206970
0 207072
0 207117
0 207162
0 207264
0 207309
0 207354
0 207504
8 207504
9 207504
0 207549
8 207552
0 207594
0 207639
0 207684
0 207792
0 207837
0 207888
0 208272
0 208317
0 208368
0 213624
0 213672
0 213717
0 213762
0 213912
0 213984
0 214032
0 214077
0 214296
0 214341
0 214464
0 214509
0 214554
0 214599
0 214644
0 214776
8 214776
0 215088
0 215328
0 215373
8 215376
0 215616
0 215661
0 215832
0 216072
0 216168
0 216213
8 216216
0 216258
8 216261
0 216303
0 216360
0 216405
0 216450
0 216528
0 216573
0 216618
0 216696
0 216741
0 216936
0 216981
0 217026
0 217080
0 217128
0 217173
0 217224
0 217269
0 217464
0 221352
0 221784
0 221829
0 222288
0 222333
0 222408
0 222456
0 222504
0 222552
0 222597
0 222672
0 222717
0 222762
0 222807
0 222852
8 222888
0 222897
0 222942
0 222987
0 223080
0 223125
0 223176
0 223248
0 223320
0 223365
0 223608
0 223704
8 223728
9 223728
0 223749
0 223794
0 223872
0 223920
0 223965
0 224160
0 224205
0 224250
8 224280
0 224295
0 224400
8 224400
0 224445
0 224592
0 224637
0 224682
0 224736
0 224781
0 224826
0 224880
0 224952
0 224997
0 225042
0 225096
0 225168
8 225168
0 225216
0 225261
0 225312
0 225360
0 225408
0 225456
0 225576
0 225621
0 225666
0 225864
0 225960
0 226005
0 226050
0 231168
0 231360
0 231405
0 231450
0 231495
0 231576
0 231621
0 231666
0 231711
0 231816
0 231936
0 231984
0 232032
0 232077
0 232122
8 232152
0 232167
0 232212
0 232656
0 232701
8 232704
0 232776
8 232776
0 232821
8 232848
0 232866
0 232944
0 233016
0 233061
0 233160
0 233205
0 233250
0 233304
0 233352
0 233397
0 233442
0 233496
0 233541
0 233586
0 233631
0 233688
0 233733
0 233778
0 233832
0 233877
0 233952
0 234000
0 234045
0 234090
0 234135
0 234180
0 234225
0 234270
0 234336
0 234381
0 234432
0 234477
0 234552
0 234597
0 234642
0 234687
0 234732
0 234912
0 235176
0 239352
0 239520
0 239565
0 239610
0 239664
0 239784
0 239829
0 239874
0 240000
0 240045
0 240096
0 240141
0 240186
0 240288
0 240333
0 240384
0 240429
0 240474
0 240696
8 240696
0 240741
8 240741
0 240792
0 240960
0 241152
0 241200
0 241296
0 241344
0 241392
8 241392
0 241437
0 241488
0 241560
0 241605
0 241650
0 241695
0 241740
0 241800
0 241845
0 241896
0 241941
0 241992
0 242040
0 242136
0 242181
0 242226
0 242271
0 242316
0 242448
0 242493
0 242544
0 242616
0 242661
0 242706
0 242751
0 242796
0 242880
0 242925
0 243024
0 243072
0 243117
0 243162
0 243240
0 243288
0 243456
0 243501
0 243546
0 243600
0 243645
0 243690
0 243864
0 247728
0 248472
0 248592
0 248637
0 248856
0 248901
0 248952
0 249072
0 249117
0 249162
0 249216
0 249261
0 249306
0 249384
0 249429
0 249672
0 249720
8 249720
0 249765
0 249810
8 249840
0 249855
0 249960
0 250056
0 250152
8 250152
0 250200
0 250245
0 250320
0 250440
0 250488
0 250533
0 250578
0 250623
0 250668
0 250752
0 250797
0 250872
0 251088
8 251088
9 251088
0 251133
0 251178
0 251223
8 251256
9 251256
0 251268
0 251376
8 251376
0 251421
0 251466
0 251568
0 251613
0 251688
8 251688
9 251688
0 251733
0 251784
0 251880
8 251904
0 251925
0 251970
0 252015
0 252060
0 252120
0 252165
0 252216
0 252384
0 252429
0 252528
0 252573
0 252648
0 252744
0 257088
0 257133
0 257304
0 257349
0 257496
0 257616
0 257712
0 257757
0 257802
0 257847
0 257892
0 257937
0 257982
0 258027
0 258072
0 258264
0 258309
8 258312
0 258354
0 258432
0 258480
0 258600
0 258645
0 258690
0 258768
0 258813
0 258960
8 258984
0 259005
0 259104
8 259104
0 259152
0 259272
8 259272
0 259320
0 259392
0 259437
8 259440
0 259512
8 259536
0 259557
0 259602
8 259632
0 259647
0 259692
0 259737
0 259782
0 259872
0 259920
0 259965
0 260016
0 260061
0 260106
0 260151
0 260196
0 260256
0 260352
0 260472
0 260520
0 260565
0 260610
0 260655
0 260700
0 260745
0 260790
0 260835
0 260928
0 260973
0 261018
0 261063
0 261108
0 261153
0 265464
0 265509
0 265584
0 265629
0 265800
0 265845
0 265896
0 265944
0 266016
0 266208
0 266253
0 266352
8 266352
0 266472
0 266517
0 266616
0 266661
0 266706
0 266751
0 266796
0 267432
8 267432
0 267624
0 267696
8 267696
0 267741
0 267840
0 267960
0 268032
8 268056
9 268056
0 268077
8 268104
0 268122
0 268167
0 268296
0 268416
8 268440
0 268461
8 268485
0 268506
0 268584
0 268704
0 268749
0 268794
0 268839
0 268920
0 268968
0 269013
0 269058
0 269112
0 269160
0 269205
0 269250
0 269304
0 269352
0 269397
0 269472
0 269544
0 269664
0 269736
0 269781
0 273936
0 274104
0 274680
0 274896
0 274944
0 275088
0 275184
0 275232
0 275277
0 275328
0 275376
0 275421
0 275466
0 275511
0 275568
0 275784
0 276024
0 276288
0 276333
0 276408
0 276453
0 276576
0 276624
8 276648
0 276669
0 276714
0 276759
0 276840
0 276888
0 276933
0 276984
0 277104
0 277149
0 277200
0 277248
0 277296
0 277341
0 277386
0 277464
0 277509
0 277704
0 277749
0 277794
0 277839
0 277896
8 277896
0 277941
0 277992
0 278064
0 278109
0 278154
0 278208
0 278253
0 278298
0 278352
0 278397
0 278442
0 278496
0 278832
0 278904
0 279264
0 279312
0 279357
0 279432
0 283200
0 283320
0 283365
0 283512
0 283704
0 283749
0 283848
0 283920
0 283968
0 284040
0 284085
0 284130
0 284184
0 284232
0 284280
0 284325
0 284376
0 284421
0 284466
8 284472
9 284472
0 284511
0 284568
0 284613
0 284784
0 284904
0 285072
8 285096
0 285117
8 285144
9 285144
0 285162
8 285189
0 285207
0 285264
0 285309
0 285354
0 285432
0 285624
0 285669
0 285714
0 285936
0 286104
0 286149
0 286200
0 286248
0 286293
0 286338
0 286383
0 286440
0 286512
0 286560
0 286656
0 286701
0 287016
0 287064
0 287328
0 287400
0 291192
0 291336
0 291960
0 292104
0 292149
0 292194
0 292344
8 292368
0 292389
0 292434
0 292512
0 292560
0 292656
0 292701
0 292776
0 292821
0 292866
0 292920
0 292968
0 293040
0 293085
0 293130
0 293232
0 293277
0 293322
8 293352
0 293367
0 293832
0 293880
0 293928
8 293928
0 294336
0 294381
8 294384
0 294426
0 294471
0 294576
0 294624
0 294669
0 294792
0 294888
0 294960
0 295005
0 295050
0 295104
0 295149
0 295194
0 295239
0 295284
0 295344
0 295440
0 295485
0 295530
0 295575
0 295620
0 295665
0 295728
0 295776
0 295821
0 295872
0 295917
0 295962
0 296040
0 296160
0 296256
0 296520
0 300936
0 300981
0 301026
0 301071
0 301152
0 301224
0 301269
0 301464
0 301536
0 301581
0 301626
0 301671
0 301752
0 301797
0 301992
0 302037
0 302280
8 302280
0 302325
8 302328
0 302592
0 302976
0 303021
0 303096
0 303141
0 303186
0 303231
8 303264
9 303264
0 303276
0 303321
0 303366
0 303432
8 303432
0 303504
0 303549
0 303594
0 303648
0 303696
0 303792
0 303840
8 303840
0 303885
0 303936
0 303981
0 304152
0 304197
0 304242
0 304560
0 304605
0 304800
0 304848
0 304893
0 304938
0 304983
0 305028
0 305352
0 305472
0 305592
0 309096
0 309141
0 309384
0 309432
0 309477
0 309672
0 309912
0 309957
0 310002
0 310047
0 310152
0 310197
0 310248
0 310293
0 310338
0 310383
0 310440
0 310485
0 310560
0 310605
0 310656
0 310728
0 310773
0 311352
8 311352
0 311520
0 311592
0 311637
0 311712
8 311712
9 311712
0 311757
0 311802
8 311808
0 311952
0 311997
0 312042
8 312048
0 312096
8 312096
0 312144
0 312189
0 312312
0 312384
0 312432
0 312624
8 312624
0 312744
0 312792
0 312840
0 312888
0 312933
0 312978
0 313023
0 313068
0 313113
0 313200
0 313248
0 313293
0 313338
8 313344
9 313344
0 313383
8 313389
0 313428
8 313440
0 313473
0 313518
0 313563
8 313584
0 313608
0 313680
8 313680
0 313725
0 313872
0 313917
0 317856
0 318096
0 318168
0 318213
0 318258
0 318648
0 318693
0 318738
0 318783
0 318828
0 318912
0 318957
0 319032
0 319077
0 319122
0 319176
0 319224
8 319224
0 319269
0 319314
0 319368
0 319413
0 319458
0 319512
0 319584
0 319629
0 319674
0 320304
0 320349
0 320472
0 320544
0 320760
0 320805
0 320856
0 320901
0 320952
0 320997
8 321000
0 321048
0 321093
8 321096
0 321360
8 321360
0 321405
0 321456
0 321552
0 321600
0 321648
8 321648
0 321693
0 321738
0 321792
0 321837
0 321960
0 322008
8 322008
0 322104
0 322149
8 322152
0 322194
8 322224
9 322224
0 322239
0 322284
0 322344
8 322344
0 322389
0 322440
0 322485
0 322536
0 322581
0 322656
0 326664
0 327240
0 327285
0 327336
0 327456
8 327480
0 327501
0 327552
8 327552
0 327597
0 327648
0 327696
0 327816
0 327861
0 327906
8 327912
0 327951
0 328008
0 328056
8 328056
0 328128
0 328392
0 328437
0 328512
0 328560
0 329088
0 329160
8 329160
0 329205
0 329250
0 329328
0 329376
0 329448
8 329448
0 329493
0 329538
8 329568
0 329583
0 329688
8 329688
0 329736
0 329880
0 329925
0 329970
0 330015
0 330060
0 330105
0 330150
0 330216
0 330288
0 330333
0 330384
0 330429
0 330474
0 330519
0 330576
0 330624
0 330669
0 330714
0 330768
0 330813
0 330984
0 331200
0 331272
0 331317
0 331440
0 331488
0 335496
0 335592
0 335856
0 335901
0 336048
0 336096
0 336168
0 336213
0 336264
0 336309
0 336360
0 336405
0 336450
0 336495
0 336576
0 336621
8 336648
0 336666
0 336792
0 336837
0 336882
0 336936
0 336981
0 337026
0 337071
0 337152
0 337224
8 337248
0 337269
0 337584
0 337848
0 337968
8 337968
0 338040
0 338085
0 338136
0 338181
0 338256
0 338301
0 338346
0 338448
0 338493
0 338538
0 338583
0 338628
0 338688
8 338712
0 338733
0 338778
0 338823
0 338880
0 338952
0 339024
0 339069
0 339114
0 339168
0 339216
0 339261
0 339336
0 339381
0 339432
0 339477
0 339522
0 339576
0 339621
0 339672
0 339816
0 340008
0 340152
0 340200
0 340272
0 340440
0 340560
0 340632
0 344016
0 344064
0 344109
0 344208
0 344280
0 344448
0 344640
0 344904
0 344976
0 345072
0 345192
0 345237
0 345336
0 345384
0 345429
0 345480
0 345525
0 345570
0 345672
8 345672
0 345720
0 345936
0 345981
0 346512
0 346728
0 346776
0 347064
8 347088
0 347109
0 347376
8 347400
0 347421
0 347466
0 347511
8 347520
0 347568
0 347613
8 347616
0 347808
8 347808
0 347853
8 347853
0 347898
0 347943
0 347988
0 348033
0 348078
0 348123
0 348216
0 348261
0 348312
8 348312
0 348357
8 348384
0 348402
0 348447
0 348552
0 348597
0 348648
0 348693
0 348744
0 348792
0 348840
0 348888
0 348933
0 348978
0 349080
0 353016
0 353544
0 353640
0 353685
0 353736
0 353781
0 353826
0 354000
8 354024
0 354045
0 354096
0 354312
0 354357
0 354402
0 354447
0 354504
0 354576
0 354624
8 354624
0 354672
0 355200
0 355320
0 355365
8 355392
0 355410
0 355488
0 355533
8 355536
9 355536
0 355680
0 355725
0 355770
0 355815
0 355872
0 355944
0 355989
0 356088
8 356112
0 356133
0 356184
0 356229
0 356304
0 356400
0 356445
0 356592
8 356592
0 356637
0 356736
0 356781
8 356784
0 356826
8 356829
0 356880
0 356928
0 356973
0 357024
0 357069
8 357072
9 357072
0 357114
0 357168
0 357216
0 357261
0 357306
0 357384
0 357429
0 357600
0 357840
0 357885
0 361680
0 361848
0 361896
0 362256
0 362304
0 362352
0 362520
0 362568
0 362616
0 362712
0 362757
0 362802
0 362904
0 362976
0 363024
0 363069
0 363120
0 363165
0 363210
0 363255
0 363336
8 363360
0 363381
0 363576
8 363576
0 363624
0 364392
0 364728
0 364992
0 365040
0 365088
8 365088
9 365088
0 365160
0 365205
0 365250
0 365304
0 365376
0 365448
0 365520
0 365664
0 365736
0 365784
0 365832
0 365877
0 365928
8 365928
0 365973
0 366024
0 366069
0 366120
0 366168
0 366264
0 366408
0 366480
0 366600
0 366645
0 366792
0 369216
0 370152
0 370320
0 370365
8 370392
0 370410
0 370560
0 370704
0 370800
0 370848
0 370893
0 370938
0 371040
0 371208
0 371280
0 371448
0 371520
0 371616
0 371688
0 371733
0 371784
0 371829
8 371832
0 371904
8 371928
0 371949
0 372024
0 372069
0 372114
0 372192
0 372456
0 372888
0 372933
0 373080
0 373125
8 373128
0 373170
8 373173
9 373176
0 373224
0 373320
8 373320
0 373536
8 373560
0 373581
0 373626
0 373680
0 373752
0 373797
0 373848
0 373944
0 373989
0 374040
8 374040
0 374085
0 374136
0 374181
0 374280
0 374328
0 374472
0 374520
0 374568
0 374613
0 374658
0 374736
0 374808
0 374853
0 374898
0 374943
0 375120
0 375216
0 375576
0 375621
0 379704
0 379752
0 379800
0 379896
0 380088
0 380133
0 380178
0 380232
0 380277
0 380322
0 380520
8 380520
0 380565
0 380664
0 380712
0 380760
0 380808
0 380880
8 380880
0 380928
0 381000
0 381288
0 381432
8 381432
9 381432
0 381477
8 381480
0 381522
0 381816
0 381888
8 381888
0 382344
0 382392
0 382437
0 382482
0 382527
8 382560
0 382572
0 382776
8 382776
0 383088
0 383208
0 383253
0 383400
0 383448
0 383520
0 383565
0 383610
0 383655
0 383700
0 383745
0 383808
0 383856
0 383901
0 388152
0 388200
0 388245
0 388320
0 388365
0 388410
0 388455
0 388536
0 388608
0 388653
0 388704
0 388749
0 388794
0 388839
0 388944
0 388992
0 389037
8 389040
0 389088
0 389160
0 389205
0 389328
8 389328
0 389373
0 389418
0 389496
0 389541
0 389712
8 389712
0 390096
8 390096
0 390216
0 390261
0 390360
0 390456
0 390552
0 390696
0 390984
0 391029
0 391074
0 391119
0 391164
8 391176
0 391224
8 391224
9 391224
0 391368
0 391584
0 391629
0 391704
0 391848
0 391968
8 391968
0 392013
8 392040
0 392058
0 392136
0 392181
0 392352
0 392448
0 392544
0 392880
0 393024
0 396888
0 396936
0 396981
8 397008
0 397026
0 397080
0 397125
0 397272
0 397368
0 397488
0 397533
0 397584
0 397629
0 397674
0 397719
0 397764
0 397848
0 397896
0 397944
0 398016
8 398040
0 398061
0 398106
8 398112
0 398232
0 398277
0 398400
0 398445
0 398490
0 398544
8 398544
0 398589
0 398640
8 398664
0 398685
0 398730
0 398904
0 398949
0 399648
0 399720
8 399744
0 399765
0 399912
0 400200
8 400200
0 400392
0 400464
0 400560
0 400605
0 400704
0 400752
0 400797
0 400842
0 400887
0 400932
0 400977
0 401022
0 401280
0 401328
0 401640
0 401856
0 401952
0 405168
0 405288
0 405624
0 405669
0 405744
0 405816
0 405861
0 406272
0 406317
0 406362
0 406407
0 406452
0 406497
0 406542
0 406608
0 406656
0 406704
0 406749
0 406824
0 406872
8 406872
0 406992
0 407088
0 407208
0 407253
0 407952
0 408096
8 408096
0 408144
8 408144
0 408189
8 408192
0 408240
0 408285
0 408330
0 408456
0 408552
8 408552
0 408672
0 408720
0 408765
0 408840
0 409080
0 409200
0 409320
0 409365
0 409416
8 409416
0 409632
8 409632
0 409680
0 409725
0 409770
8 409800
0 409815
0 409860
0 409968
0 410016
0 410061
0 410106
0 410160
0 410205
0 414312
0 414360
0 414456
0 414792
0 414960
0 415005
0 415056
0 415104
0 415152
0 415197
0 415242
0 415296
0 415341
0 415440
0 415485
0 415536
0 415581
0 415626
0 415824
0 415896
0 415941
0 416208
0 416253
0 417072
0 417192
0 417264
0 417336
8 417336
0 417381
0 417426
0 417471
0 417516
0 417600
0 417648
0 417888
8 417912
0 417933
8 417957
0 418080
0 418125
0 418176
0 418221
8 418224
0 418266
0 418392
0 418437
8 418440
0 418482
0 418608
0 418653
0 418698
0 418743
0 418788
0 418920
0 419088
0 419352
0 422736
0 423120
0 423840
0 424008
0 424053
0 424104
0 424152
0 424197
0 424248
0 424296
0 424341
0 424386
0 424440
0 424485
0 424530
0 424575
0 424656
0 424704
0 424749
0 425304
0 425616
8 425616
0 425664
0 425709
0 426000
0 426216
8 426216
0 426261
0 426312
0 426357
0 426402
0 426456
0 426501
0 426546
0 426591
8 426624
0 426636
0 426720
0 426765
0 426816
0 426861
0 426912
0 426957
0 427032
0 427080
0 427125
0 427170
0 427215
0 427260
0 427305
0 427368
0 427413
0 427464
0 427512
0 427557
0 427896
0 427941
0 427992
0 431904
0 432072
0 432117
0 432336
0 432381
0 432426
0 432471
0 432516
0 432561
0 432672
0 432717
0 432762
0 432807
0 432852
0 432897
8 432936
0 432942
0 433008
8 433008
9 433008
0 434352
0 434424
0 434472
0 434517
8 434544
0 434562
0 434616
0 434688
8 434688
0 434733
0 434856
0 434901
0 434946
0 435000
0 435045
8 435072
0 435090
0 435135
8 435144
0 435192
0 435288
8 435288
0 435336
8 435336
9 435336
0 435384
0 435432
0 435528
0 435573
0 435624
0 435669
0 435720
0 435768
0 435813
0 435864
0 436008
0 436056
0 436101
0 436248
0 436416
0 436461
0 436512
0 436560
0 436656
0 436968
0 440136
0 440184
0 440229
0 440784
0 441000
0 441168
0 441216
0 441312
0 441408
0 441453
0 441498
0 441576
0 441621
0 441696
0 441768
0 441813
0 441864
0 441909
0 441954
8 441984
0 441999
0 442044
0 442128
0 442224
0 442269
0 442440
0 443040
0 443085
0 443472
0 443544
0 443592
0 443712
0 443760
0 444000
0 444045
0 444336
8 444360
9 444360
0 444381
0 444426
0 444471
0 444516
0 444576
0 444621
0 444666
0 444711
0 444756
0 444801
0 444864
0 444909
0 445008
0 445056
0 445104
0 445152
0 445200
0 445272
0 445392
0 445437
0 449232
0 449424
0 449469
0 449688
0 449784
0 449904
0 449949
0 449994
0 450048
0 450096
0 450144
0 450216
0 450288
0 450333
0 450384
0 450429
0 450474
0 450519
0 450576
8 450576
9 450576
0 450621
0 450672
0 450717
0 450768
0 450864
0 450909
0 450960
0 451005
0 451050
0 451095
0 451224
8 451248
0 451269
0 451314
0 451359
0 451608
0 451776
0 451896
8 451896
0 451941
0 451986
0 452424
0 452469
8 452496
0 452514
0 452640
8 452640
0 452760
0 452805
0 452904
0 452949
0 453000
0 453144
0 453189
0 453234
0 453279
0 453336
0 453408
0 453453
0 453504
0 453549
0 453594
0 453639
0 453684
0 453729
0 453774
0 453840
0 453888
0 454032
0 454272
0 458424
0 458568
0 458613
0 458712
0 458808
0 458928
0 458973
0 459018
0 459063
0 459240
0 459285
0 459330
0 459375
0 459420
0 459504
0 459549
0 459600
0 459645
0 459690
0 459735
0 459780
0 459825
0 459870
0 459984
8 459984
0 460776
0 460848
8 460848
0 460893
8 460893
0 460944
0 460989
0 461136
0 461208
0 461256
0 461301
0 461688
0 461736
0 461928
8 461952
0 461973
8 461997
0 462018
0 462096
8 462120
0 462141
0 462192
0 462240
8 462240
0 462360
0 462405
8 462408
0 462450
0 462495
0 467544
0 467589
0 467712
0 467757
0 467802
0 467856
0 467904
0 467952
0 467997
0 468048
0 468168
0 468213
0 468258
0 468303
0 468348
0 468393
0 468600
0 469632
8 469632
0 469800
0 469848
0 469944
0 470040
0 470088
0 470133
0 470178
0 470223
0 470268
0 470313
0 470358
0 470403
0 470448
8 470448
0 470640
8 470640
0 470688
0 470760
0 470805
0 470850
0 470904
0 470952
0 471024
0 471069
0 471114
0 471159
8 471168
0 471240
0 471285
8 471312
0 471330
8 471357
0 471384
0 471429
0 471474
0 471519
0 471600
0 471696
0 471741
0 471786
0 475488
0 475848
0 475896
0 475968
0 476112
0 476400
0 476640
0 476685
0 476760
0 476805
0 476904
0 476976
8 476976
0 477024
0 477069
0 477264
8 477264
9 477288
0 477309
8 477309
9 477336
0 477354
8 477354
0 477399
0 477864
0 478104
0 478149
0 478200
0 478248
8 478248
0 478296
0 478344
0 478560
0 478704
0 478749
0 478794
8 478800
0 478839
8 478845
0 478920
8 478920
0 478965
8 478965
0 479184
0 479229
0 479520
0 479616
0 479661
0 479808
0 479904
0 480000
0 480096
0 480141
0 480576
0 484368
0 484440
0 484752
0 485064
0 485109
0 485184
0 485229
0 485328
0 485373
0 485424
0 485469
0 485514
0 485559
0 485616
0 485661
0 485706
0 485751
0 485808
0 485853
0 485898
0 485943
0 486216
0 486360
0 487200
0 487320
8 487320
9 487320
0 487365
8 487365
0 487680
8 487680
0 487725
0 487770
0 487872
0 487920
0 487965
0 488010
0 488256
0 488496
0 488541
0 488616
0 488688
0 488736
0 488880
0 488925
0 488976
0 489024
0 489069
0 489120
0 489264
0 489309
0 489552
0 492744
0 493272
0 493317
0 493392
0 493704
0 493776
0 493824
0 493869
0 493914
0 493959
0 494004
0 494064
0 494109
0 494184
0 494229
0 494304
8 494304
0 494349
0 494784
0 494832
0 495600
0 495696
0 495912
0 495957
0 496080
0 496125
0 496170
8 496176
0 496215
0 496296
0 496344
0 496389
0 496464
0 496509
8 496536
0 496554
0 496599
0 496644
0 496704
0 496749
0 496824
8 496824
0 496869
0 497016
0 497064
8 497088
0 497109
0 497154
0 497208
0 497280
0 497325
0 497376
0 497472
0 497517
0 497562
0 497664
0 497760
0 497976
0 498024
0 498288
0 498333
0 498378
0 498696
0 501984
0 502029
0 502080
0 502128
0 502176
0 502221
0 502266
0 502392
0 502584
0 502629
0 502680
0 502968
0 503184
0 503424
8 503424
0 503544
8 503568
0 503589
8 503616
0 503634
8 503664
0 503679
0 503724
0 504504
0 504624
8 504624
0 504672
0 504717
0 504768
0 504816
0 504960
0 505008
0 505104
8 505128
0 505149
0 505368
0 505413
0 505464
0 505512
0 505557
0 505608
8 505608
0 505653
0 505698
0 505752
0 505848
8 505848
0 505893
0 505968
0 506016
0 506061
0 506112
0 506157
0 506280
0 506325
0 506376
0 506421
0 506466
0 506568
0 506613
0 506880
0 506928
0 510504
0 510549
0 510600
0 510645
0 510696
0 510741
0 510786
0 511392
0 511536
8 511560
0 511581
0 511626
0 511671
0 511776
0 511821
0 511866
0 511911
0 512040
0 512085
0 512136
0 512208
0 512280
0 512325
0 512370
0 513096
8 513096
0 513141
0 513192
8 513192
0 513264
0 513309
0 513354
0 513816
8 513816
0 513861
0 514032
0 514077
0 514128
0 514392
0 514440
8 514464
0 514485
0 514530
0 514608
0 514656
0 514701
0 514746
0 514800
0 514845
8 514872
0 514890
0 514935
0 514980
0 515040
0 515085
0 515160
0 515205
0 515256
0 519192
0 520200
0 520248
0 520293
0 520344
0 520392
0 520512
0 520557
0 520608
0 520680
0 520725
0 520776
0 520821
0 520872
0 520917
8 520920
0 520968
0 521088
8 521112
0 521133
0 521328
0 522240
8 522264
0 522285
0 522336
0 522408
0 522672
0 522720
0 522792
0 522840
0 522912
8 522912
0 522957
0 523176
0 523296
0 523584
0 523680
8 523704
0 523725
0 523824
8 523824
0 523869
0 523914
0 523968
0 524013
0 524058
0 524103
0 524160
0 524304
0 524376
0 527568
0 528480
0 528840
0 528885
0 528930
0 529032
0 529077
0 529122
0 529167
0 529224
0 529269
0 529314
0 529359
0 529416
8 529416
0 529461
8 529461
0 529584
0 529656
0 529701
0 529746
0 529791
0 529968
0 531144
8 531144
0 531192
0 531264
8 531264
0 531309
8 531309
0 531432
0 531477
0 531600
8 531600
0 531645
0 531912
0 532032
0 532128
0 532173
0 532296
0 532368
0 532413
0 532458
0 532503
0 532548
0 532608
0 532656
0 532701
0 532746
0 532791
0 532836
0 532881
0 532992
0 533037
0 533088
0 533352
0 536328
0 537264
0 537309
0 537384
0 537429
0 537528
0 537792
0 537840
0 537885
0 537930
0 537975
8 538008
0 538020
0 538065
0 538200
0 538245
0 538320
0 538365
0 538416
0 538461
0 538512
0 538557
0 539760
8 539784
0 539805
0 539850
0 540096
0 540168
0 540432
8 540456
9 540456
0 540477
0 540522
0 540576
0 540621
0 540666
0 540711
0 540756
0 540960
0 541008
0 541056
0 541101
0 541146
0 541191
8 541224
0 541236
0 541296
0 541344
0 541392
8 541392
0 541512
0 541557
0 541602
0 541647
0 541800
0 542112
0 542280
0 542325
0 545736
0 545904
0 546000
0 546336
0 546432
0 546624
0 546669
0 546714
0 546759
0 546912
0 546957
0 547002
0 547047
0 547104
0 547149
8 547152
0 547194
0 547239
8 547248
0 547284
0 547440
8 547440
0 547584
8 547608
0 547629
0 547680
8 547704
0 547725
0 547776
0 548328
0 548544
0 548589
0 549024
0 549069
0 549192
0 549240
0 549285
8 549288
0 549330
8 549333
0 549384
0 549576
0 549624
0 549669
0 549714
0 549792
0 549837
0 549882
0 549984
0 550032
0 550080
0 550125
8 550152
0 550170
0 550392
0 550440
0 550776
0 554040
0 554088
0 554133
0 554664
0 554709
0 554754
0 554799
0 554844
0 554889
0 555048
0 555120
0 555288
0 555333
0 555480
0 555696
0 555741
0 555864
0 555912
0 555957
0 556248
8 556272
0 556293
0 556848
0 557592
0 557640
0 557712
0 557757
8 557760
0 557976
0 558024
0 558069
0 558168
0 558216
8 558240
0 558261
8 558285
0 558384
0 558576
0 558624
8 558624
0 558768
0 558864
0 558909
0 559008
0 559056
0 559101
0 559146
0 559272
0 559320
0 559365
0 559410
0 559536
0 560232
0 562368
0 562776
0 563184
0 563688
0 563733
0 563904
0 563949
0 564048
0 564093
0 564138
8 564168
0 564183
8 564213
0 564228
0 564384
0 564429
0 564474
0 564519
0 564564
0 564609
0 564696
8 564696
0 564741
0 564816
0 564861
0 564912
0 565248
0 565296
0 565341
8 565344
0 565386
0 565728
0 565773
0 566040
8 566040
0 566328
0 566424
8 566424
0 566544
0 566589
0 566760
0 566928
0 566973
0 567018
0 567096
0 567141
0 567186
0 567240
0 567288
0 567336
0 567456
0 567504
8 567504
0 567552
0 567597
0 567642
0 567744
0 567789
0 567888
0 567933
0 567978
0 568152
0 568248
0 568293
0 568416
0 568464
0 568536
0 568584
0 568632
0 572040
0 572085
0 572256
0 572592
0 572664
0 572712
0 572832
0 572928
0 572976
0 573021
0 573066
0 573144
8 573168
0 573189
8 573216
0 573234
8 573264
0 573279
0 573384
0 573432
0 573480
0 573528
0 574800
0 575088
0 575133
0 575208
0 575253
0 575304
0 575349
0 575394
0 575448
0 575544
0 575589
0 575634
0 575736
0 575856
0 575904
0 575976
0 576021
0 576096
8 576120
9 576120
0 576141
0 576186
8 576216
9 576216
0 576231
8 576261
0 576312
0 576384
0 576696
0 577296
0 577344
0 580608
0 580800
0 581400
0 581448
0 581616
0 581760
0 581805
0 581850
8 581856
9 581856
0 581895
0 581940
0 582024
0 582069
0 583824
0 583869
0 583914
0 583992
0 584037
0 584400
8 584400
0 584448
0 584592
0 584688
0 584760
0 584832
0 584877
0 584922
0 585000
8 585000
0 585048
8 585048
0 585093
0 585138
0 585264
0 585309
0 585360
0 585405
0 585552
0 585597
0 585642
0 589296
0 589800
0 589944
0 590040
0 590085
0 590130
0 590256
0 590328
0 590424
0 590472
0 590517
0 590568
0 590736
8 590736
0 590781
0 591192
8 591192
0 591237
0 591288
8 591312
0 591333
0 591378
0 592032
8 592032
0 592176
0 592221
0 592266
0 592311
0 592704
8 592704
0 592752
8 592752
0 592797
8 592797
0 592848
0 592896
0 592968
0 593112
8 593136
0 593157
0 593202
0 593280
0 593325
8 593352
0 593370
0 593472
8 593496
0 593517
0 593592
0 593640
0 593952
8 593952
0 593997
0 594120
0 594165
0 594210
0 594264
0 594309
0 594354
0 594399
0 594456
0 594576
0 594621
0 598200
0 598296
0 598488
0 598533
0 598608
0 598656
0 598824
0 598869
0 598914
0 599040
0 599112
0 599157
0 599208
0 599304
0 599349
0 599424
0 599496
0 599541
0 599586
0 599640
0 599685
0 600000
0 600792
0 600936
8 600960
0 600981
0 601080
8 601104
0 601125
0 601170
0 601224
0 601488
0 601824
0 601920
0 602088
0 602184
0 602232
0 602277
0 602322
0 602376
0 602421
0 602568
0 602613
0 602664
0 602709
0 602760
0 602805
0 602856
0 602901
0 602946
0 603000
0 603045
0 603090
0 603135
0 603216
0 603288
0 603333
0 603378
0 603423
0 603468
0 606816
0 607416
8 607416
0 607464
0 607509
0 607560
0 607605
8 607608
0 607650
0 607704
0 607752
0 607800
0 607845
0 607890
8 607896
9 607896
0 607935
0 607980
0 608040
0 608112
0 608157
0 608208
0 608253
8 608256
0 608298
0 608343
8 608376
0 608388
0 608448
0 608493
0 608544
0 608640
8 608664
0 608685
0 608730
0 608784
0 608832
0 609936
0 609981
0 610056
0 610101
0 610824
0 610869
0 610920
0 610965
0 611010
0 611055
0 611112
0 611157
0 611202
0 611256
0 611304
0 611352
0 611397
0 611442
0 611544
0 612024
0 614904
0 615840
0 615960
0 616005
0 616056
8 616080
0 616101
0 616146
0 616191
0 616272
0 616317
0 616464
0 616512
8 616512
0 616584
0 616656
0 616701
0 616752
8 616752
0 616800
0 616845
0 616968
0 617013
0 617058
0 617184
8 617208
0 617229
0 617304
0 617352
8 617352
0 617397
0 617448
0 617493
8 617496
0 618456
0 618528
8 618552
0 618573
0 618624
0 618720
0 618960
0 619104
8 619104
9 619104
0 619149
8 619149
0 619296
8 619320
0 619341
0 619392
8 619392
9 619392
0 619440
0 619485
0 619704
0 619776
8 619776
0 619821
0 619866
0 619920
0 619965
0 620010
0 620055
0 620136
8 620136
0 620181
0 620226
0 620304
0 620349
0 620400
0 620445
8 620448
0 620490
8 620493
0 620535
0 620580
0 620640
8 620640
9 620640
0 620685
0 620736
0 620781
0 620826
0 621144
0 624456
0 624504
0 624744
0 624840
0 625032
0 625080
0 625200
0 625272
0 625392
0 625440
0 625485
0 625536
0 625581
0 625626
0 625704
8 625704
0 625752
0 625800
0 625845
0 625920
0 625965
8 625992
0 626010
8 626037
0 626064
0 626109
0 627168
0 627504
0 627552
0 628128
0 628173
0 628218
0 628263
8 628296
0 628308
0 628353
0 628488
0 628533
0 628578
0 628632
0 628680
0 628725
0 628770
0 628815
0 628860
0 628905
0 629016
0 629136
0 629280
0 629520
0 629565
0 629610
0 629655
0 629736
0 629808
0 633984
0 634029
0 634074
0 634152
0 634197
8 634200
0 634242
0 634287
0 634332
0 634392
8 634392
9 634416
0 634437
8 634437
0 634482
0 634536
0 634581
0 634776
0 634848
8 634848
0 634896
0 634944
0 635088
8 635088
0 635136
8 635136
9 635136
0 636240
0 636285
0 636336
0 636432
0 636624
0 636669
0 636936
0 637008
0 637053
0 637104
0 637176
0 637248
0 637296
8 637296
0 637416
0 637461
0 637506
0 637632
0 637704
0 637776
0 637821
0 637866
0 637920
0 637968
0 638040
0 638112
0 638592
0 639072
0 642264
0 642336
0 642720
0 642765
0 642840
0 642885
0 642960
0 643032
0 643152
0 643197
0 643242
0 643287
0 643392
0 643437
0 643482
0 643536
8 643536
0 643584
8 643608
9 643608
0 643629
0 643728
0 644832
0 645096
0 645504
0 645624
0 645672
0 645717
0 645762
0 645888
0 646248
0 646392
0 646437
0 646488
0 646560
0 646605
0 646650
0 646695
0 646740
0 646785
0 646830
0 646920
0 646965
0 647016
0 647061
0 647232
0 647277
0 647928
0 650184
0 650232
0 650277
0 650322
0 651000
0 651048
0 651168
0 651240
0 651312
0 651480
0 651525
0 651624
0 651696
0 651792
0 651840
0 651885
8 651912
9 651912
0 651930
0 652008
0 652053
0 652098
0 653592
0 653832
8 653832
0 653877
0 653922
0 654000
0 654045
0 654090
8 654096
0 654144
0 654189
8 654192
0 654240
0 654384
8 654384
0 654456
0 654792
0 654837
0 654888
0 654933
0 654984
8 655008
0 655029
0 655296
0 655341
0 655464
0 655512
0 655776
0 655872
0 658488
0 659328
0 659688
0 659856
0 659901
0 659976
0 660021
0 660066
0 660168
0 660240
0 660285
0 660432
0 660552
0 660624
0 660669
0 660714
0 660759
0 660816
8 660816
0 660861
0 660906
0 660984
0 661032
0 661104
0 661149
0 661200
8 661200
0 661245
0 661296
8 661296
0 661344
8 661368
0 661389
0 661632
0 661677
0 662736
0 662781
0 662856
0 662901
0 662952
8 662976
0 662997
0 663042
0 663744
0 663816
0 663861
0 664056
0 664101
0 664152
0 664197
0 664242
0 664320
8 664320
0 664365
8 664365
0 664464
0 664509
0 664608
0 667920
0 668448
0 668736
0 668784
0 668829
0 668874
0 669000
0 669045
0 669096
0 669141
0 669186
0 669240
0 669312
0 669480
0 669552
0 669597
0 669642
0 669687
0 669744
8 669744
0 671784
0 672384
0 672504
0 672600
0 672744
8 672744
0 672789
0 672912
0 672957
0 673008
0 673053
0 673152
0 673224
0 673296
0 673341
0 673440
0 673485
0 673704
0 673749
0 673794
0 677424
0 677496
8 677520
0 677541
0 677592
0 677637
0 677712
0 677784
8 677784
0 677829
0 677904
0 677976
0 678024
0 678072
0 678120
0 678165
0 678504
0 679056
0 680448
0 680493
0 680976
0 681021
0 681066
0 681111
0 681156
8 681168
0 681201
0 681246
0 681336
0 681381
0 681426
0 681480
0 681528
8 681528
9 681552
0 681573
8 681573
0 681618
0 681768
0 681813
0 681888
0 681936
0 682032
0 682077
0 682152
0 682248
0 682293
0 682368
0 682413
0 686256
0 686448
0 686493
0 686688
0 686784
0 686829
0 686874
0 686919
0 686976
0 687021
8 687048
0 687066
0 687111
0 687168
8 687192
9 687192
0 687213
0 687432
0 687792
0 687840
0 687888
0 688800
8 688800
0 688872
0 688920
0 688965
0 689568
0 689613
0 689880
0 689952
0 690000
0 690048
0 690093
0 690144
0 690189
0 690234
0 690288
0 690333
0 690378
0 690432
0 690600
0 690696
0 690741
0 690816
0 690888
0 692736
0 693384
0 694680
0 694728
0 695112
0 695256
0 695328
0 695376
0 695421
0 695466
0 695511
0 695556
0 695640
8 695664
0 695685
0 695760
0 695805
0 695850
0 695928
0 695976
0 696021
0 696066
0 696672
8 696672
9 696672
0 697392
0 697437
0 697482
0 697560
0 697605
0 697656
0 697968
0 698013
0 698088
8 698088
0 698208
8 698208
9 698208
0 698253
0 698298
8 698304
9 698304
0 698472
0 698568
0 698640
0 698688
0 698784
8 698808
0 698829
0 698904
0 698949
0 698994
0 699039
0 699084
0 699144
0 699189
0 699264
0 699309
0 699744
0 699912
0 699957
0 700002
0 703440
0 703704
0 703752
0 703797
0 703872
0 703944
0 704040
0 704184
0 704256
0 704304
0 704349
0 704400
0 704445
0 704568
8 704568
0 704664
0 704709
0 704754
0 704808
0 704880
0 704925
0 707352
8 707352
0 707400
0 707472
8 707496
0 707517
0 707562
0 707616
0 707661
0 707712
0 707760
0 707805
0 707904
0 708096
0 708144
0 708192
0 708237
0 708288
0 708333
0 708384
0 708432
0 708477
0 708522
0 708567
0 708816
0 710640
0 711192
0 711432
0 711648
0 711960
0 712176
0 712296
0 712344
0 712389
0 712752
0 712872
0 712968
0 713013
8 713016
0 713058
0 713103
0 713184
0 713229
0 713280
0 713424
0 713784
0 714720
8 714720
0 714888
8 714888
0 714933
0 715248
8 715272
0 715293
0 715392
0 715437
8 715440
0 715482
0 715527
0 715572
0 715617
0 715662
0 715752
8 715776
9 715776
0 715797
0 715842
0 715896
8 715896
0 715968
8 715968
9 715968
0 716013
8 716013
0 716088
0 716133
0 716184
0 716304
0 716352
0 716397
0 716442
0 716496
0 716568
0 716616
8 716616
0 716661
0 716706
0 716751
0 716808
0 716853
0 716904
0 716949
0 716994
0 717039
0 717084
0 717129
0 717312
0 717384
0 717600
0 721200
0 721245
0 721368
0 721440
0 721584
0 721680
0 721728
0 721800
0 721848
0 721893
0 721938
0 722112
0 722256
0 722328
8 722328
0 724512
0 724680
0 724944
0 725184
0 725280
0 725325
0 725370
0 725496
0 725541
0 725664
0 725736
0 725832
0 725904
0 725952
0 726120
0 726165
