0 2616
0 3312
0 3360
0 3405
0 3480
0 3528
0 3576
0 3621
0 3666
0 3711
0 3816
0 3864
0 3936
0 3981
0 4026
0 4071
0 4116
0 4161
0 4206
0 4251
0 4344
0 4392
0 4464
0 4584
0 4656
0 4701
0 4752
0 4800
0 4845
0 4920
0 4968
0 5013
0 5112
0 5160
0 5208
0 5253
0 5304
0 5349
0 5394
0 5439
0 5544
0 5589
0 5712
0 5856
0 5904
0 5949
0 6024
0 6384
0 6456
0 6600
0 6648
0 6696
0 6744
0 6912
0 7056
0 11760
0 11856
0 12096
0 12192
0 12237
0 12282
8 12288
0 12327
0 12372
0 12456
0 12624
0 12669
0 12714
0 12768
0 12816
0 12861
0 12984
8 13008
9 13008
0 13029
0 13074
0 13119
0 13176
0 13221
0 13266
0 13368
0 13413
0 13458
0 13503
8 13512
0 13548
0 13593
0 13638
0 13704
0 13824
0 13944
0 13989
0 14040
0 14085
0 14130
0 14175
8 14208
0 14220
8 14253
0 14265
0 14310
0 14424
0 14469
0 14568
0 14688
0 14733
0 14808
0 14853
0 14898
0 14943
0 14988
0 15048
0 15096
0 15144
0 15189
0 15234
0 15288
0 15456
0 15528
0 15573
0 15696
0 19800
0 20448
0 20493
0 20688
0 20928
0 20973
0 21018
0 21072
0 21117
0 21264
0 21309
0 21354
0 21432
0 21477
0 21522
0 21576
8 21576
0 21624
0 21669
0 21720
0 21816
0 21861
0 21912
0 21957
0 22002
0 22080
0 22125
0 22176
0 22248
8 22272
0 22293
0 22344
0 22389
0 22434
0 22479
0 22524
0 22680
0 22725
0 22770
0 22815
0 22860
0 22944
0 22989
0 23034
0 23079
0 23124
0 23169
0 23214
0 23259
0 23328
0 23496
8 23496
9 23496
0 23544
0 23589
0 23760
0 23805
0 23904
0 24120
0 24165
0 24210
0 24360
0 29040
0 29760
0 30144
0 30192
0 30237
0 30282
0 30408
8 30408
0 30480
0 30528
0 30573
8 30600
0 30618
0 30744
0 30789
0 30834
0 30879
0 30984
0 31032
0 31104
0 31200
0 31248
0 31293
0 31338
0 31392
0 31437
0 31488
0 31533
0 31578
0 31623
0 31680
0 31725
0 31770
0 31815
0 31860
0 31905
0 31950
0 32040
0 32232
0 32277
0 32352
0 32397
0 32472
0 32517
0 32562
0 32808
0 32853
0 32898
0 33000
0 33048
0 37512
0 37632
0 37677
0 38232
0 38424
0 38472
0 38517
0 38688
0 38733
0 38952
0 39000
0 39072
0 39192
0 39237
0 39282
0 39327
0 39432
0 39477
8 39504
0 39522
0 39567
0 39624
0 39672
0 39717
0 39768
0 39813
0 39864
0 40008
0 40080
8 40080
0 40125
0 40170
0 40215
0 40272
0 40317
0 40362
0 40407
0 40464
0 40536
0 40680
0 40728
0 40773
0 40848
0 40893
0 40968
0 41016
0 41061
0 41106
0 41160
0 41232
0 41277
0 41322
0 41367
0 41424
0 41520
0 41592
0 41637
0 41688
0 41736
0 41781
0 41826
0 41928
0 41973
0 42018
0 42063
0 42108
0 46992
0 47160
0 47232
0 47277
0 47328
0 47568
0 47613
0 47664
0 47709
0 47808
0 47856
0 47901
0 47946
0 48024
0 48096
0 48144
0 48189
0 48264
0 48309
0 48354
0 48432
0 48477
0 48528
0 48573
0 48624
0 48669
0 48816
0 48864
0 49032
0 49128
0 49272
0 49416
0 49488
0 49632
0 49677
0 49722
0 49767
0 49812
0 49857
0 49920
0 50016
0 50064
0 50109
0 50184
0 50280
0 50376
0 50448
0 50712
0 50757
0 55296
0 55536
0 55581
0 55872
0 55920
0 56016
0 56064
0 56256
8 56256
9 56256
0 56301
0 56346
0 56391
0 56520
0 56592
0 56688
0 56736
0 56832
8 56856
0 56877
0 56922
0 56967
0 57024
0 57069
8 57072
0 57168
8 57168
0 57213
0 57288
0 57333
0 57384
0 57429
0 57504
0 57549
0 57594
0 57639
0 57720
0 57816
0 57861
0 57906
0 57951
0 58032
0 58152
0 58197
0 58272
0 58317
0 58392
0 58437
0 58482
0 58536
0 58581
0 58626
0 58704
0 58752
0 58797
0 58842
0 58887
0 58992
0 59037
0 59088
0 59136
0 59184
0 59256
0 59376
0 64224
0 64269
0 64314
0 64656
0 64848
0 64893
0 64992
0 65040
8 65064
0 65085
0 65130
0 65256
0 65304
0 65349
0 65394
0 65448
0 65616
8 65640
0 65661
0 65808
0 65856
0 65928
0 65973
0 66018
0 66072
0 66144
0 66216
0 66261
0 66384
0 66480
0 66528
0 66573
0 66618
0 66696
0 66744
0 66789
0 66834
0 66936
0 66984
0 67029
0 67074
0 67152
0 67224
0 67272
0 67317
0 67392
0 67437
0 67728
0 67776
0 67848
0 67893
0 67938
0 67983
0 68112
0 73128
0 73368
0 73413
0 73458
0 73512
0 73557
0 73602
8 73632
0 73647
0 73704
0 73749
0 73848
0 73893
0 73968
0 74013
0 74064
0 74109
0 74154
0 74328
8 74352
0 74373
0 74448
0 74493
0 74544
0 74592
0 74760
0 74808
8 74808
0 74853
0 74928
0 74973
0 75018
0 75063
8 75096
0 75108
0 75153
0 75198
0 75243
0 75336
0 75384
0 75429
8 75432
0 75474
0 75528
0 75573
0 75624
0 75669
0 75714
0 75768
0 75813
0 75858
0 75960
0 76005
0 76050
0 76104
0 76149
0 76194
0 76344
0 76389
0 76608
0 76920
0 76992
0 77040
0 77085
0 81096
0 81141
0 81600
0 81720
0 81768
0 82032
0 82077
0 82392
0 82437
0 82488
0 82608
0 82680
0 82725
0 82770
0 82944
0 83136
0 83181
0 83304
0 83349
0 83400
0 83448
0 83496
8 83496
0 83544
0 83589
8 83616
0 83634
0 83679
0 83724
0 83832
0 83877
0 83922
0 83976
0 84024
0 84072
0 84144
0 84192
0 84237
0 84282
0 84327
0 84372
0 84480
0 84525
0 84648
0 84693
0 84744
0 84789
0 84864
0 84909
0 84954
0 84999
0 85044
0 85272
0 85344
0 85824
0 85869
0 89928
0 90024
0 90264
0 90744
0 90789
8 90792
0 90834
0 91248
0 91293
0 91344
8 91344
0 91389
0 91434
0 91479
0 91524
0 91584
8 91584
0 91629
0 91674
8 91680
0 91824
0 91869
0 91914
0 91992
8 91992
9 91992
0 92064
8 92064
0 92136
0 92208
0 92253
0 92298
0 92496
8 92496
0 92541
0 92592
8 92592
0 92637
0 92688
0 92733
0 92832
0 92880
8 92904
0 92925
0 92970
0 93024
0 93072
0 93117
0 93162
8 93168
0 93207
0 93288
0 93333
0 93408
0 93453
0 93498
0 93552
0 93597
0 93648
0 93696
0 93741
0 93786
0 93831
0 93876
0 93921
0 93966
0 94032
0 94080
0 94125
0 94170
0 94368
0 99000
0 99288
0 99528
0 99573
0 99720
0 99768
0 99912
0 100104
0 100149
0 100200
0 100248
0 100293
0 100338
0 100416
0 100464
0 100512
8 100512
0 100557
0 100680
8 100680
0 100728
0 100773
0 100818
0 100872
0 100992
0 101040
8 101040
0 101136
8 101136
0 101181
0 101226
8 101232
9 101232
0 101271
0 101316
0 101361
0 101406
0 101451
0 101520
0 101565
0 101610
8 101640
0 101655
8 101685
0 101712
0 101757
0 101802
0 101847
0 101904
0 101976
0 102021
0 102096
0 102141
0 102288
0 102456
0 102501
0 102546
0 102912
0 102957
0 103104
0 103149
0 103272
0 107736
0 107781
0 108192
0 108264
0 108309
0 108528
0 108840
0 108885
0 108930
0 109008
0 109053
0 109098
0 109224
0 109269
8 109272
0 109314
8 109317
0 109359
0 109416
0 109461
0 109506
0 109560
0 109608
0 109653
8 109680
0 109698
0 109743
0 109788
0 109848
0 109893
0 109938
0 109983
0 110064
0 110109
0 110154
0 110199
0 110256
0 110301
0 110346
0 110391
0 110448
0 110493
0 110664
0 110709
0 110760
0 110805
0 110850
8 110856
9 110856
0 110895
8 110928
0 110940
0 110985
0 111072
0 111117
0 111192
0 111240
0 111336
0 111381
0 111432
8 111432
9 111432
0 111477
0 111522
0 111696
0 111768
0 111912
0 111984
0 112296
0 112536
0 116976
0 117021
0 117192
0 117237
0 117312
0 117408
0 117456
0 117504
0 117648
0 117888
0 117936
0 117981
0 118026
0 118071
0 118116
0 118161
0 118224
0 118269
0 118314
0 118359
0 118404
0 118512
0 118557
0 118632
8 118632
0 118680
0 118728
8 118728
9 118728
0 118773
0 118824
0 118896
8 118896
0 118968
0 119016
0 119064
0 119109
0 119154
0 119208
0 119253
0 119304
0 119349
0 119394
0 119439
0 119520
0 119616
0 119712
0 119808
0 119853
0 119928
0 119973
0 120018
0 120063
0 120108
0 120264
0 120336
0 120408
0 120480
0 120525
0 120624
0 120672
0 120744
0 125280
0 126072
0 126117
0 126168
0 126240
0 126408
0 126453
0 126528
0 126624
0 126672
0 126720
0 126840
0 126885
0 126960
0 127005
0 127050
0 127104
0 127152
0 127224
0 127269
0 127314
0 127368
0 127413
0 127536
0 127608
0 127656
0 127704
0 127752
8 127752
0 127896
0 127944
0 127989
8 127992
0 128040
0 128085
0 128160
0 128205
0 128250
0 128328
0 128373
0 128418
0 128520
0 128565
0 128610
0 128664
0 128709
0 128784
0 128904
0 129360
0 129408
0 129504
0 129576
0 134160
0 134352
0 134808
0 134856
0 135000
0 135048
0 135432
0 135477
0 135576
0 135648
0 135768
0 135813
0 135858
8 135864
0 135936
0 135981
8 135984
0 136026
0 136080
0 136128
0 136173
0 136224
0 136272
0 136320
0 136365
0 136410
0 136464
0 136536
0 136581
8 136584
0 136632
0 136677
0 136800
0 136845
0 136890
0 136935
0 136980
0 137064
0 137109
0 137154
0 137208
0 137256
0 137328
0 137373
0 137418
0 137472
0 137544
0 137589
0 137634
0 137679
0 137904
0 137952
0 137997
0 138168
0 138624
0 138669
0 142560
0 142728
0 143256
0 143301
0 143472
0 143520
0 143565
0 143610
0 143655
0 143736
0 143781
0 143826
0 143871
0 144000
0 144168
0 144288
8 144288
0 144333
0 144378
0 144456
0 144501
8 144528
0 144546
0 144591
0 144672
0 144717
8 144744
0 144762
0 144816
0 144864
8 144864
0 144909
8 144909
0 144954
0 145032
0 145077
0 145272
0 145317
0 145362
0 145407
8 145416
0 145452
8 145461
0 145512
0 145560
0 145605
0 145656
0 145701
0 145746
0 145824
0 145872
0 145920
0 145965
0 146136
0 146181
0 146226
0 146271
0 146328
0 146592
0 146637
0 146682
0 146727
0 147384
0 152088
0 152256
0 152376
0 152421
0 152466
0 152511
0 152736
0 152781
0 153024
0 153069
0 153120
0 153165
0 153216
0 153264
0 153309
8 153336
0 153354
0 153408
0 153453
0 153498
0 153543
0 153588
0 153648
0 153693
0 153816
8 153816
0 153864
0 153909
0 153954
0 154008
0 154053
0 154098
0 154143
0 154248
0 154293
0 154338
0 154416
0 154461
0 154512
0 154584
0 154629
0 154674
0 154728
0 154773
0 154848
0 154920
0 154968
0 155013
0 155064
0 155109
0 155154
0 155328
0 155400
0 155445
0 155496
0 155544
0 155616
0 155760
0 155808
0 160704
0 161064
0 161112
0 161160
0 161304
0 161400
0 161445
0 161496
0 161664
0 161712
0 161757
0 161808
0 162024
0 162069
0 162120
0 162165
8 162168
0 162210
0 162312
0 162360
0 162432
0 162480
0 162528
0 162573
8 162600
0 162618
0 162663
0 162708
0 162753
0 162816
0 162861
0 162960
0 163008
0 163053
0 163104
0 163149
0 163194
0 163239
0 163284
0 163329
0 163512
0 163557
0 163602
0 163752
0 163797
0 163848
0 163896
0 163941
0 164256
0 164472
0 164856
0 168696
0 169848
0 169896
0 169941
0 169992
0 170040
0 170085
0 170136
8 170136
0 170181
0 170226
0 170271
0 170316
0 170361
0 170544
0 170592
0 170637
0 170688
0 170733
0 170778
0 170823
0 170868
0 171000
0 171045
0 171120
0 171168
0 171213
8 171240
0 171258
0 171312
0 171357
0 171408
0 171453
0 171504
0 171549
0 171792
0 171912
0 171984
8 171984
0 172032
0 172080
0 172200
0 172272
0 172344
0 172389
0 172434
0 172488
0 172536
0 172581
8 172584
0 172626
0 172968
0 173064
0 173109
0 178320
0 178560
0 178605
0 178704
0 178896
0 178941
0 178986
0 179031
0 179280
0 179328
0 179376
8 179376
0 179616
0 179661
0 179706
0 179760
0 179808
0 179856
0 179904
8 179904
0 180096
0 180141
0 180192
0 180237
0 180288
0 180333
8 180360
0 180378
8 180405
0 180423
0 180468
0 180552
0 180597
0 180648
0 180693
0 180738
0 180816
0 180861
0 180906
0 180960
0 181005
0 181050
8 181080
0 181095
0 181176
0 181224
0 181296
0 181392
0 181437
0 181848
0 186480
0 186525
0 187512
0 187557
0 187800
0 187848
0 187893
0 187938
0 188040
0 188136
0 188181
0 188226
8 188232
0 188271
0 188316
0 188361
0 188406
0 188472
0 188520
0 188592
0 188712
8 188736
0 188757
0 188802
0 188847
0 188904
0 188976
0 189021
8 189024
9 189048
0 189066
8 189069
0 189111
0 189156
0 189201
0 189246
0 189336
0 189384
0 189528
0 189573
0 189672
0 189744
0 189792
0 189837
0 189882
0 189927
0 189984
0 190029
0 190074
0 190128
8 190128
0 190176
8 190200
0 190221
0 190266
0 190311
0 190416
0 190464
0 190509
0 190704
0 190968
0 194520
0 194664
0 195120
0 195216
0 195264
0 195768
0 196008
0 196053
0 196104
0 196149
0 196368
0 196413
0 196512
0 196557
0 196602
0 196728
0 196773
0 196824
0 196896
0 196944
0 196989
0 197112
0 197157
0 197232
0 197277
0 197322
0 197367
0 197412
0 197496
8 197496
0 197541
0 197586
0 197640
0 197688
0 197733
0 197784
0 197829
0 198000
0 198045
0 198090
0 198168
0 198216
0 198261
0 198306
0 198351
0 198396
0 198456
8 198456
0 198504
0 198549
0 198594
0 198648
0 198693
0 198744
0 198789
0 198840
0 199032
0 199077
0 199122
0 199176
0 199224
0 199368
0 199413
0 204552
0 204696
0 204741
0 204888
0 204933
0 204978
0 205152
0 205197
0 205344
0 205392
0 205464
0 205656
0 205701
0 205746
0 205791
0 205920
0 205965
0 206112
0 206157
0 206202
0 206247
0 206292
0 206376
0 206424
0 206520
0 206565
0 206610
0 206655
0 206700
0 206784
0 206829
0 206928
0 206973
0 207018
8 207048
0 207063
0 207108
0 207153
0 207198
0 207264
0 207312
0 207360
0 207408
0 207552
0 207600
0 207645
0 207768
0 207813
0 207960
0 208032
0 208128
0 208173
0 208488
0 208533
0 208656
0 208701
0 212184
0 213408
0 213768
0 213813
0 213888
8 213888
0 213933
0 213984
0 214029
0 214074
0 214128
0 214176
0 214221
8 214248
0 214266
0 214311
0 214416
8 214440
0 214461
0 214584
0 214704
8 214704
9 214704
0 214749
0 214848
0 214893
0 214968
0 215013
0 215058
0 215103
0 215148
0 215208
0 215253
0 215328
8 215352
0 215373
0 215418
0 215463
0 215508
0 215553
0 215598
0 215643
0 215712
0 215757
0 215808
0 215856
0 215901
0 215946
0 215991
0 216048
0 216096
0 216141
0 216192
0 216237
0 216288
0 216336
0 216381
8 216408
0 216426
0 216471
0 216696
0 216741
0 216912
0 216957
0 222264
0 222312
0 222360
0 222408
0 222696
0 222744
0 222816
0 222861
0 222906
0 222951
0 222996
0 223041
0 223086
0 223272
0 223320
0 223464
0 223509
0 223584
0 223629
0 223674
0 223728
0 223773
0 223818
8 223824
0 223863
0 223908
0 223953
0 224016
0 224064
0 224109
0 224154
0 224232
0 224376
8 224400
0 224421
0 224466
0 224544
0 224589
0 224634
0 224679
0 224736
0 224832
0 224880
0 224928
0 224976
0 225021
0 225168
0 225216
0 225264
0 225336
0 225381
0 225480
0 225600
0 225645
0 225696
0 230784
0 231024
0 231069
0 231114
0 231159
0 231204
0 231360
0 231432
0 231624
0 231696
0 231741
0 231816
0 231936
0 231981
8 231984
0 232026
0 232080
0 232152
0 232248
0 232344
8 232344
0 232464
8 232464
0 232509
0 232560
0 232605
0 232650
0 232704
0 232749
0 232794
0 232839
0 232968
0 233064
0 233112
8 233136
0 233157
0 233202
0 233256
0 233301
0 233346
0 233391
0 233436
0 233481
0 233526
0 233571
0 233616
0 233664
0 233709
0 233784
0 233880
0 233928
0 234072
0 234696
0 234741
0 239040
0 239256
0 239400
0 239472
0 239517
0 239592
0 240048
0 240093
0 240264
0 240309
0 240360
0 240405
0 240450
0 240495
0 240576
0 240621
0 240696
0 240792
0 240840
0 240912
0 241032
0 241080
0 241125
0 241170
0 241224
8 241224
0 241269
0 241314
0 241359
8 241392
0 241404
0 241488
0 241533
0 241578
0 241623
0 241668
0 241752
0 241797
0 241920
0 241965
0 242040
0 242112
0 242160
0 242232
0 242280
0 242325
0 242370
0 242472
0 242544
0 242589
8 242592
9 242592
0 242634
0 242679
0 242724
0 242880
0 242925
0 242970
0 243048
0 243093
0 243138
0 243216
0 243264
0 243312
0 243552
0 243816
0 248592
0 248640
0 248808
0 248952
0 248997
0 249042
0 249087
0 249168
0 249213
8 249240
9 249240
0 249258
8 249288
0 249303
0 249348
0 249393
0 249438
8 249456
0 249483
0 249528
8 249528
0 249648
0 249693
0 249738
0 249783
0 249840
0 249885
0 249930
8 249936
0 249975
0 250020
0 250065
0 250110
0 250272
0 250344
0 250389
0 250488
8 250488
0 250533
0 250584
0 250680
0 250800
0 250845
0 250896
0 250941
0 250986
0 251040
0 251085
0 251160
0 251205
0 251304
0 251349
0 251394
0 251448
0 251493
0 251832
0 251877
0 251928
0 251973
0 252072
0 252117
0 252162
0 252207
0 252264
0 252309
0 252384
0 257184
0 257400
0 257592
0 257637
0 257784
0 257856
0 257976
0 258048
0 258096
8 258096
0 258192
0 258240
0 258312
0 258384
0 258552
0 258597
0 258642
0 258696
8 258696
0 258741
0 258864
0 258909
0 258954
0 258999
0 259056
0 259101
0 259146
8 259152
0 259224
8 259224
0 259269
0 259416
0 259464
0 259509
0 259554
0 259656
0 259872
0 259917
0 259962
0 260016
0 260064
0 260232
0 260277
0 260400
0 260448
0 260493
0 260538
0 260583
0 260628
0 260673
0 260718
0 260832
0 260880
0 260925
0 260976
0 261312
0 265584
0 265629
0 266328
0 266373
0 266712
0 266808
0 266880
0 266925
0 266976
8 266976
0 267024
0 267069
8 267072
0 267114
0 267168
8 267192
0 267213
0 267312
8 267312
0 267357
0 267402
0 267447
0 267492
8 267504
0 267537
8 267549
0 267624
0 267669
0 267768
8 267768
0 267813
8 267840
0 267858
0 267936
0 268008
8 268008
0 268053
0 268098
0 268143
0 268188
0 268248
8 268272
0 268293
0 268338
0 268383
0 268428
0 268473
0 268536
0 268581
0 268776
0 268821
0 268872
0 268917
0 268962
0 269088
0 269136
0 269208
0 269253
0 269298
0 269400
0 269448
0 269493
0 269538
0 269592
0 269664
0 269784
0 270360
0 274536
0 274584
0 274629
0 274704
0 274872
0 274920
0 275064
0 275208
0 275304
0 275352
0 275397
0 275442
0 275487
8 275520
0 275532
0 275577
0 275622
0 275712
0 275757
0 275808
0 275856
0 275901
0 276000
8 276000
0 276048
0 276093
0 276138
0 276192
8 276216
0 276237
0 276282
0 276327
0 276384
0 276432
0 276504
0 276549
0 276624
8 276624
9 276624
0 276696
0 276744
0 276789
0 276834
0 276888
0 277032
0 277080
0 277296
8 277320
0 277341
0 277386
0 277431
0 277536
0 277581
0 277656
0 277800
0 277920
0 278064
0 278136
0 278181
0 278226
0 283440
0 283800
0 283872
0 283920
0 283968
0 284013
0 284058
0 284160
0 284205
0 284400
0 284445
0 284490
0 284568
0 284640
0 284685
0 284730
8 284760
0 284775
0 284820
0 284865
0 284910
0 284955
0 285048
0 285093
8 285096
0 285216
0 285264
0 285309
0 285354
0 285399
0 285444
0 285489
0 285552
0 285597
0 285642
0 285687
0 285732
0 285864
0 285912
0 285957
0 286008
0 286053
0 286296
0 286368
0 286416
0 286461
0 286506
0 286551
0 286776
0 286821
0 286872
0 286944
0 287112
0 287184
0 292320
0 292656
0 292701
0 292746
0 292824
0 292872
0 292917
0 292968
0 293013
0 293058
0 293112
0 293157
0 293202
0 293256
0 293301
0 293346
0 293391
0 293436
0 293496
0 293541
0 293640
0 293688
0 293760
0 293808
0 293853
8 293856
0 293904
0 293952
0 293997
8 294024
0 294042
0 294087
0 294144
0 294216
0 294264
0 294336
0 294384
0 294432
8 294456
9 294456
0 294477
8 294501
0 294528
0 294573
0 294624
0 294672
0 294720
0 294792
0 294837
0 294936
0 294981
0 295032
0 295077
0 295176
8 295176
0 295248
0 295296
0 295344
0 295389
0 295464
0 295509
0 295584
0 295629
0 295752
0 301008
0 301104
0 301176
0 301221
0 301272
0 301440
0 301488
0 301536
0 301581
0 301632
0 301677
0 301872
0 301920
0 301965
0 302016
0 302064
0 302109
0 302208
0 302256
0 302304
0 302349
0 302424
0 302544
0 302589
0 302634
0 302679
0 302724
0 302784
0 302832
0 302877
0 302922
0 302967
0 303012
0 303057
0 303144
0 303216
0 303261
0 303306
0 303360
0 303408
0 303504
0 303549
0 303744
0 303789
0 303864
0 303909
0 303954
0 303999
0 304044
0 304104
0 304176
0 304221
0 304266
0 304320
0 304368
0 304416
0 304776
0 309048
0 309120
0 309168
0 309288
0 309528
0 309696
0 309741
0 309864
0 309909
0 310104
0 310200
0 310272
0 310317
0 310368
0 310680
0 310725
0 310770
0 310848
0 310896
0 310968
0 311088
0 311136
0 311256
8 311256
0 311301
0 311400
0 311472
8 311472
0 311520
0 311616
0 311661
0 311706
0 311751
0 311796
0 311841
0 311904
0 311952
0 311997
0 312072
0 312117
0 312162
0 312207
0 312252
0 312297
0 312342
0 312387
0 312504
0 312624
0 312669
0 312714
0 312759
0 312816
0 312861
0 312960
0 313008
0 313053
0 313248
0 313293
0 313440
0 313485
0 317616
0 317664
0 318216
0 318480
0 318525
0 318696
0 318768
0 318888
0 318933
0 319032
0 319077
0 319128
0 319173
0 319272
0 319317
0 319362
0 319416
0 319464
0 319509
0 319554
8 319584
0 319599
0 319644
0 319704
0 319749
0 319848
0 319920
0 319965
0 320016
0 320061
0 320106
0 320232
0 320352
0 320397
0 320472
0 320568
8 320592
0 320613
0 320664
0 320709
0 320760
8 320760
0 320805
8 320808
0 320856
0 320901
0 320946
0 321000
0 321045
0 321090
0 321135
0 321192
0 321237
0 321282
0 321360
0 321405
0 321480
0 321525
0 321570
0 321744
0 321789
0 327096
0 327192
0 327288
0 327360
0 327408
0 327504
0 327600
0 328008
0 328053
0 328098
0 328143
0 328188
0 328233
0 328344
0 328392
0 328440
0 328485
0 328530
0 328608
0 328653
0 328698
0 328752
0 328800
0 328845
0 328890
0 328944
0 329016
8 329016
0 329064
0 329136
0 329181
0 329226
0 329304
0 329352
0 329448
0 329496
0 329541
0 329616
0 329661
0 329706
0 329751
0 329796
0 329841
0 329886
0 330000
0 330072
0 330117
0 330162
0 330216
0 330384
0 330432
0 330552
0 330600
0 330645
0 330792
0 330840
0 330885
0 330930
0 330984
0 331029
0 335136
0 335181
0 335376
0 335544
0 335589
0 336216
0 336261
0 336306
0 336528
0 336573
0 336768
0 336813
0 336960
0 337005
0 337050
0 337095
8 337128
0 337140
0 337185
0 337230
0 337296
0 337341
0 337386
0 337431
0 337476
0 337521
0 337566
0 337611
0 337680
0 337752
0 337800
8 337800
0 337848
0 337968
0 338013
8 338016
9 338040
0 338058
8 338061
0 338103
0 338184
0 338232
0 338277
0 338322
0 338376
0 338472
0 338517
0 338592
8 338592
0 338637
0 338682
0 338736
0 338781
0 338832
0 338877
0 338928
0 338976
0 339021
0 339066
0 339120
0 339165
0 339210
0 339312
0 339357
0 339402
0 339552
0 339597
0 339642
0 339696
0 339741
0 339786
0 339831
0 339888
0 340056
0 340224
0 340392
0 343464
0 343560
0 344160
0 344205
0 344448
0 344493
0 344538
0 344784
0 344832
0 344877
0 344922
0 344967
0 345216
0 345261
0 345312
0 345384
0 345432
0 345552
0 345600
0 345720
0 345768
0 345813
8 345840
0 345858
8 345885
0 345903
0 345984
8 345984
0 346029
0 346074
0 346119
0 346164
0 346209
0 346368
0 346440
0 346485
0 346584
0 346629
0 346704
0 346752
8 346776
0 346797
8 346821
0 346842
0 346887
0 346968
0 347040
0 347112
0 347184
0 347229
0 347280
8 347280
0 347325
0 347424
0 347520
0 347568
0 347640
0 347685
0 347730
0 347808
0 347853
0 347898
0 348048
0 348288
0 348336
0 348408
0 348453
0 348720
0 348765
0 353112
0 353592
0 353637
0 353688
0 353928
0 354048
0 354144
0 354216
0 354312
0 354384
0 354429
0 354474
0 354519
0 354564
0 354648
0 354696
0 354792
0 355032
0 355200
0 355245
8 355272
0 355290
0 355392
0 355464
0 355512
0 355608
0 355653
8 355656
0 355698
0 355743
0 355800
0 355845
0 355896
0 355941
0 355986
0 356184
0 356229
0 356280
0 356376
0 356421
0 356466
0 356568
0 356613
0 356664
0 356736
0 356784
0 356928
0 356973
0 357072
0 357117
0 357288
0 357768
0 362424
0 362469
0 362832
0 362877
0 363336
0 363381
0 363426
8 363432
0 363480
0 363552
0 363597
0 363696
0 363792
8 363792
9 363792
0 363984
0 364032
8 364032
0 364077
0 364122
0 364167
0 364212
0 364296
0 364344
0 364416
8 364416
0 364464
0 364512
0 364557
0 364602
0 364680
0 364725
0 364770
0 364815
0 364872
0 364917
0 364962
0 365040
0 365088
0 365133
0 365178
0 365223
0 365268
0 365313
0 365400
0 365445
0 365490
0 365616
0 365661
0 365706
0 365784
0 365856
0 365901
0 365976
0 366096
0 366192
0 366264
0 366312
0 366357
0 366402
0 370944
0 370989
0 371034
0 371088
0 371133
0 371352
0 371397
0 371448
0 371712
0 371760
0 371808
0 371853
0 371904
0 372096
0 372144
0 372216
0 372288
0 372336
8 372360
0 372381
0 372432
0 372504
0 372549
0 372594
0 372639
0 372684
0 372744
0 372864
0 372909
0 372954
8 372984
0 372999
0 373044
0 373089
0 373152
8 373152
0 373197
0 373242
0 373287
0 373344
0 373440
0 373485
8 373512
9 373512
0 373530
0 373584
0 373629
0 373680
0 373725
0 373770
0 373872
0 373968
0 374040
0 374085
0 374136
0 374184
0 374229
0 374280
0 374325
0 374496
0 374541
0 374586
0 374631
0 374688
0 374736
0 374952
0 375144
0 379992
0 380112
0 380157
0 380400
0 380445
0 380544
0 380784
0 380928
8 380928
9 380928
0 380976
0 381021
8 381024
0 381066
0 381120
0 381240
8 381240
0 381285
0 381384
0 381432
8 381432
0 381477
0 381528
0 381573
0 381618
0 381663
0 381708
0 381768
0 381816
0 381864
0 381936
0 381981
8 381984
0 382080
8 382080
0 382128
0 382173
0 382224
0 382269
8 382296
0 382314
0 382392
0 382440
0 382485
0 382560
0 382605
0 382800
0 382848
0 382893
0 382938
0 382983
0 383028
0 383073
0 383280
0 383424
0 383469
0 383514
0 383559
0 388344
0 389112
0 389232
0 389277
0 389322
0 389367
0 389412
0 389496
0 389541
0 389616
0 389661
0 389706
0 390048
0 390093
0 390138
0 390183
0 390240
0 390384
0 390429
0 390576
8 390576
9 390600
0 390621
8 390621
0 390666
0 390720
0 390936
8 390936
0 390981
8 391008
0 391026
0 391071
0 391116
0 391161
0 391206
0 391251
0 391296
0 391341
0 391386
0 391431
0 391476
0 391560
0 391605
0 391650
0 391695
0 391740
0 391896
0 391944
0 391989
0 392040
0 392085
0 392130
0 392175
0 397224
0 397344
0 397776
0 397848
0 397968
0 398040
0 398085
0 398184
0 398304
0 398349
0 398394
0 398448
0 398520
0 398565
0 398610
0 398688
8 398688
0 398733
8 398736
0 398778
0 398832
0 398877
0 399048
0 399093
0 399144
0 399192
0 399240
0 399336
0 399792
8 399792
0 399837
0 399882
0 400032
0 400077
0 400128
0 400173
0 400218
0 400263
0 400308
0 400392
0 400437
0 400482
0 400527
0 400572
8 400584
0 400617
0 400662
0 400728
0 400824
0 400869
0 401016
0 401160
0 401256
0 401301
0 401352
0 405600
0 405984
0 406029
0 406080
0 406125
0 406170
0 406215
0 406260
0 406392
0 406437
0 406482
0 406527
0 406752
0 406800
0 406872
0 406917
0 406962
0 407088
8 407088
9 407088
0 407133
0 407178
0 407232
0 407277
0 407376
0 407421
0 407472
0 407517
0 407568
0 407640
8 407664
0 407685
0 407760
0 407808
0 407853
0 407904
0 407952
0 408000
0 408048
8 408048
0 408120
8 408120
0 408165
8 408165
0 408210
0 408255
0 408408
0 408453
0 408498
0 408543
0 408588
0 408672
8 408696
0 408717
0 408762
0 408816
0 408864
0 408909
0 408954
0 409008
0 409053
0 409098
0 409176
0 409224
0 409269
0 409608
0 409653
0 409704
0 409776
0 409896
0 409944
0 409989
0 410034
0 410079
0 410760
0 414600
0 414960
0 415005
0 415050
0 415095
0 415200
0 415245
0 415296
0 415341
0 415386
0 415431
0 415488
0 415533
0 415578
0 415623
0 415704
8 415704
0 416040
0 416085
0 416130
0 416256
0 416301
0 416346
0 416424
8 416448
0 416469
8 416493
0 416520
0 416565
0 416610
0 416760
0 416880
0 416925
0 416976
0 417021
0 417066
0 417192
0 417240
0 417285
0 417330
0 417408
0 417453
0 417498
0 417543
8 417552
0 417588
8 417600
0 417648
0 417693
0 417738
0 417783
0 417828
0 417912
0 417960
0 418008
0 418053
0 418128
0 418176
0 418221
0 418266
0 418368
0 418413
0 418512
0 418560
0 418605
0 418656
0 418920
0 422736
0 423624
0 424104
0 424200
0 424392
0 424512
0 424632
0 424728
0 424773
0 424818
0 424872
0 424917
0 424968
0 425013
0 425088
0 425136
8 425136
0 425181
8 425181
0 425232
0 425277
0 425322
0 425400
8 425400
0 425544
0 425592
0 425637
0 425712
0 425784
0 425829
0 425874
0 425976
0 426021
0 426066
0 426111
0 426156
0 426201
0 426246
0 426312
0 426357
8 426360
0 426408
0 426456
8 426480
0 426501
0 426600
0 426672
0 426720
0 426792
0 426864
0 426909
0 426954
0 426999
0 427044
0 427128
0 427176
0 427221
0 427560
0 432864
0 432909
0 433008
0 433053
0 433098
0 433272
0 433317
0 433368
0 433416
0 433461
0 433506
0 433560
0 433605
0 433656
0 433701
0 433776
8 433776
0 433821
0 433896
0 433941
0 433986
0 434031
0 434076
0 434121
0 434166
0 434256
0 434301
0 434346
0 434400
0 434445
0 434496
0 434592
0 434637
0 434682
0 434727
0 434772
0 434880
0 434928
0 434973
0 435018
0 435063
0 435108
0 435153
8 435168
0 435198
0 435243
0 435312
0 435408
0 435480
0 435525
0 435576
0 435621
0 435666
0 435720
0 435936
0 436056
0 436104
0 436152
0 436248
0 436320
0 436365
0 440904
0 441600
0 441648
0 441693
0 441768
0 441816
0 441864
0 441909
0 441954
0 441999
0 442104
0 442152
0 442224
0 442269
0 442314
0 442359
0 442404
0 442449
0 442494
0 442539
0 442632
0 442680
0 442752
0 442872
0 442944
0 442989
0 443040
0 443088
0 443133
0 443208
0 443256
0 443301
0 443400
0 443448
0 443496
0 443541
0 443592
0 443637
0 443682
0 443727
0 443832
0 443877
0 444000
0 444144
0 444192
0 444237
0 444312
0 444672
0 444744
0 444888
0 444936
0 444984
0 445032
0 445200
0 445344
0 450048
0 450144
0 450384
0 450480
0 450525
0 450570
8 450576
0 450615
0 450660
0 450744
0 450912
0 450957
0 451002
0 451056
0 451104
0 451149
0 451272
8 451296
9 451296
0 451317
0 451362
0 451407
0 451464
0 451509
0 451554
0 451656
0 451701
0 451746
0 451791
8 451800
0 451836
0 451881
0 451926
0 451992
0 452112
0 452232
0 452277
0 452328
0 452373
0 452418
0 452463
8 452496
0 452508
8 452541
0 452553
0 452598
0 452712
0 452757
0 452856
0 452976
0 453021
0 453096
0 453141
0 453186
0 453231
0 453276
0 453336
0 453384
0 453432
0 453477
0 453522
0 453576
0 453744
0 453816
0 453861
0 453984
0 458088
0 458736
0 458781
0 458976
0 459216
0 459261
0 459306
0 459360
0 459405
0 459552
0 459597
0 459642
0 459720
0 459765
0 459810
0 459864
8 459864
0 459912
0 459957
0 460008
0 460104
0 460149
0 460200
0 460245
0 460290
0 460368
0 460413
0 460464
0 460536
8 460560
0 460581
0 460632
0 460677
0 460722
0 460767
0 460812
0 460968
0 461013
0 461058
0 461103
0 461148
0 461232
0 461277
0 461322
0 461367
0 461412
0 461457
0 461502
0 461547
0 461616
0 461784
8 461784
9 461784
0 461832
0 461877
0 462048
0 462093
0 462192
0 462408
0 462453
0 462498
0 462648
0 467328
0 468048
0 468432
0 468480
0 468525
0 468570
0 468696
8 468696
0 468768
0 468816
0 468861
8 468888
0 468906
0 469032
0 469077
0 469122
0 469167
0 469272
0 469320
0 469392
0 469488
0 469536
0 469581
0 469626
0 469680
0 469725
0 469776
0 469821
0 469866
0 469911
0 469968
0 470013
0 470058
0 470103
0 470148
0 470193
0 470238
0 470328
0 470520
0 470565
0 470640
0 470685
0 470760
0 470805
0 470850
0 471096
0 471141
0 471186
0 471288
0 471336
0 475800
0 475920
0 475965
0 476520
0 476712
0 476760
0 476805
0 476976
0 477021
0 477240
0 477288
0 477360
0 477480
0 477525
0 477570
0 477615
0 477720
0 477765
8 477792
0 477810
0 477855
0 477912
0 477960
0 478005
0 478056
0 478101
0 478152
0 478296
0 478368
8 478368
0 478413
0 478458
0 478503
0 478560
0 478605
0 478650
0 478695
0 478752
0 478824
0 478968
0 479016
0 479061
0 479136
0 479181
0 479256
0 479304
0 479349
0 479394
0 479448
0 479520
0 479565
0 479610
0 479655
0 479712
0 479808
0 479880
0 479925
0 479976
0 480024
0 480069
0 480114
0 480216
0 480261
0 480306
0 480351
0 480396
0 485280
0 485448
0 485520
0 485565
0 485616
0 485856
0 485901
0 485952
0 485997
0 486096
0 486144
0 486189
0 486234
0 486312
0 486384
0 486432
0 486477
0 486552
0 486597
0 486642
0 486720
0 486765
0 486816
0 486861
0 486912
0 486957
0 487104
0 487152
0 487320
0 487416
0 487560
0 487704
0 487776
0 487920
0 487965
0 488010
0 488055
0 488100
0 488145
0 488208
0 488304
0 488352
0 488397
0 488472
0 488568
0 488664
0 488736
0 489000
0 489045
0 493584
0 493824
0 493869
0 494160
0 494208
0 494304
0 494352
0 494544
8 494544
9 494544
0 494589
0 494634
0 494679
0 494808
0 494880
0 494976
0 495024
0 495120
8 495144
0 495165
0 495210
0 495255
0 495312
0 495357
8 495360
0 495456
8 495456
0 495501
0 495576
0 495621
0 495672
0 495717
0 495792
0 495837
0 495882
0 495927
0 496008
0 496104
0 496149
0 496194
0 496239
0 496320
0 496440
0 496485
0 496560
0 496605
0 496680
0 496725
0 496770
0 496824
0 496869
0 496914
0 496992
0 497040
0 497085
0 497130
0 497175
0 497280
0 497325
0 497376
0 497424
0 497472
0 497544
0 497664
0 502512
0 502557
0 502602
0 502944
0 503136
0 503181
0 503280
0 503328
8 503352
0 503373
0 503418
0 503544
0 503592
0 503637
0 503682
0 503736
0 503904
8 503928
0 503949
0 504096
0 504144
0 504216
0 504261
0 504306
0 504360
0 504432
0 504504
0 504549
0 504672
0 504768
0 504816
0 504861
0 504906
0 504984
0 505032
0 505077
0 505122
0 505224
0 505272
0 505317
0 505362
0 505440
0 505512
0 505560
0 505605
0 505680
0 505725
0 506016
0 506064
0 506136
0 506181
0 506226
0 506271
0 506400
0 511416
0 511656
0 511701
0 511746
0 511800
0 511845
0 511890
8 511920
0 511935
0 511992
0 512037
0 512136
0 512181
0 512256
0 512301
0 512352
0 512397
0 512442
0 512616
8 512640
0 512661
0 512736
0 512781
0 512832
0 512880
0 513048
0 513096
8 513096
0 513141
0 513216
0 513261
0 513306
0 513351
8 513384
0 513396
0 513441
0 513486
0 513531
0 513624
0 513672
0 513717
8 513720
0 513762
0 513816
0 513861
0 513912
0 513957
0 514002
0 514056
0 514101
0 514146
0 514248
0 514293
0 514338
0 514392
0 514437
0 514482
0 514632
0 514677
0 514896
0 515208
0 515280
0 515328
0 515373
0 519384
0 519429
0 519888
0 520008
0 520056
0 520320
0 520365
0 520680
0 520725
0 520776
0 520896
0 520968
0 521013
0 521058
0 521232
0 521424
0 521469
0 521592
0 521637
0 521688
0 521736
0 521784
8 521784
0 521832
0 521877
8 521904
0 521922
0 521967
0 522012
0 522120
0 522165
0 522210
0 522264
0 522312
0 522360
0 522432
0 522480
0 522525
0 522570
0 522615
0 522660
0 522768
0 522813
0 522936
0 522981
0 523032
0 523077
0 523152
0 523197
0 523242
0 523287
0 523332
0 523560
0 523632
0 524112
0 524157
0 528216
0 528312
0 528552
0 529032
0 529077
8 529080
0 529122
0 529536
0 529581
0 529632
8 529632
0 529677
0 529722
0 529767
0 529812
0 529872
8 529872
0 529917
0 529962
8 529968
0 530112
0 530157
0 530202
0 530280
8 530280
9 530280
0 530352
8 530352
0 530424
0 530496
0 530541
0 530586
0 530784
8 530784
0 530829
0 530880
8 530880
0 530925
0 530976
0 531021
0 531120
0 531168
8 531192
0 531213
0 531258
0 531312
0 531360
0 531405
0 531450
8 531456
0 531495
0 531576
0 531621
0 531696
0 531741
0 531786
0 531840
0 531885
0 531936
0 531984
0 532029
0 532074
0 532119
0 532164
0 532209
0 532254
0 532320
0 532368
0 532413
0 532458
0 532656
0 537288
0 537576
0 537816
0 537861
0 538008
0 538056
0 538200
0 538392
0 538437
0 538488
0 538536
0 538581
0 538626
0 538704
0 538752
0 538800
8 538800
0 538845
0 538968
8 538968
0 539016
0 539061
0 539106
0 539160
0 539280
0 539328
8 539328
0 539424
8 539424
0 539469
0 539514
8 539520
9 539520
0 539559
0 539604
0 539649
0 539694
0 539739
0 539808
0 539853
0 539898
8 539928
0 539943
8 539973
0 540000
0 540045
0 540090
0 540135
0 540192
0 540264
0 540309
0 540384
0 540429
0 540576
0 540744
0 540789
0 540834
0 541200
0 541245
0 541392
0 541437
0 541560
0 546024
0 546069
0 546480
0 546552
0 546597
0 546816
0 547128
0 547173
0 547218
0 547296
0 547341
0 547386
0 547512
0 547557
8 547560
0 547602
8 547605
0 547647
0 547704
0 547749
0 547794
0 547848
0 547896
0 547941
8 547968
0 547986
0 548031
0 548076
0 548136
0 548181
0 548226
0 548271
0 548352
0 548397
0 548442
0 548487
0 548544
0 548589
0 548634
0 548679
0 548736
0 548781
0 548952
0 548997
0 549048
0 549093
0 549138
8 549144
9 549144
0 549183
8 549216
0 549228
0 549273
0 549360
0 549405
0 549480
0 549528
0 549624
0 549669
0 549720
8 549720
9 549720
0 549765
0 549810
0 549984
0 550056
0 550200
0 550272
0 550584
0 550824
0 555264
0 555309
0 555480
0 555525
0 555600
0 555696
0 555744
0 555792
0 555936
0 556176
0 556224
0 556269
0 556314
0 556359
0 556404
0 556449
0 556512
0 556557
0 556602
0 556647
0 556692
0 556800
0 556845
0 556920
8 556920
0 556968
0 557016
8 557016
9 557016
0 557061
0 557112
0 557184
8 557184
0 557256
0 557304
0 557352
0 557397
0 557442
0 557496
0 557541
0 557592
0 557637
0 557682
0 557727
0 557808
0 557904
0 558000
0 558096
0 558141
0 558216
0 558261
0 558306
0 558351
0 558396
0 558552
0 558624
0 558696
0 558768
0 558813
0 558912
0 558960
0 559032
0 563568
0 564360
0 564405
0 564456
0 564528
0 564696
0 564741
0 564816
0 564912
0 564960
0 565008
0 565128
0 565173
0 565248
0 565293
0 565338
0 565392
0 565440
0 565512
0 565557
0 565602
0 565656
0 565701
0 565824
0 565896
0 565944
0 565992
0 566040
8 566040
0 566184
0 566232
0 566277
8 566280
0 566328
0 566373
0 566448
0 566493
0 566538
0 566616
0 566661
0 566706
0 566808
0 566853
0 566898
0 566952
0 566997
0 567072
0 567192
0 567648
0 567696
0 567792
0 567864
0 572448
0 572640
0 573096
0 573144
0 573288
0 573336
0 573720
0 573765
0 573864
0 573936
0 574056
0 574101
0 574146
8 574152
0 574224
0 574269
8 574272
0 574314
0 574368
0 574416
0 574461
0 574512
0 574560
0 574608
0 574653
0 574698
0 574752
0 574824
0 574869
8 574872
0 574920
0 574965
0 575088
0 575133
0 575178
0 575223
0 575268
0 575352
0 575397
0 575442
0 575496
0 575544
0 575616
0 575661
0 575706
0 575760
0 575832
0 575877
0 575922
0 575967
0 576192
0 576240
0 576285
0 576456
0 576912
0 576957
0 580848
0 581016
0 581544
0 581589
0 581760
0 581808
0 581853
0 581898
0 581943
0 582024
0 582069
0 582114
0 582159
0 582288
0 582456
0 582576
8 582576
0 582621
0 582666
0 582744
0 582789
8 582816
0 582834
0 582879
0 582960
0 583005
8 583032
0 583050
0 583104
0 583152
8 583152
0 583197
8 583197
0 583242
0 583320
0 583365
0 583560
0 583605
0 583650
0 583695
8 583704
0 583740
8 583749
0 583800
0 583848
0 583893
0 583944
0 583989
0 584034
0 584112
0 584160
0 584208
0 584253
0 584424
0 584469
0 584514
0 584559
0 584616
0 584880
0 584925
0 584970
0 585015
0 585672
0 590376
0 590544
0 590664
0 590709
0 590754
0 590799
0 591024
0 591069
0 591312
0 591357
0 591408
0 591453
0 591504
0 591552
0 591597
8 591624
0 591642
0 591696
0 591741
0 591786
0 591831
0 591876
0 591936
0 591981
0 592104
8 592104
0 592152
0 592197
0 592242
0 592296
0 592341
0 592386
0 592431
0 592536
0 592581
0 592626
0 592704
0 592749
0 592800
0 592872
0 592917
0 592962
0 593016
0 593061
0 593136
0 593208
0 593256
0 593301
0 593352
0 593397
0 593442
0 593616
0 593688
0 593733
0 593784
0 593832
0 593904
0 594048
0 594096
0 598992
0 599352
0 599400
0 599448
0 599592
0 599688
0 599733
0 599784
0 599952
0 600000
0 600045
0 600096
0 600312
0 600357
0 600408
0 600453
8 600456
0 600498
0 600600
0 600648
0 600720
0 600768
0 600816
0 600861
8 600888
0 600906
0 600951
0 600996
0 601041
0 601104
0 601149
0 601248
0 601296
0 601341
0 601392
0 601437
0 601482
0 601527
0 601572
0 601617
0 601800
0 601845
0 601890
0 602040
0 602085
0 602136
0 602184
0 602229
0 602544
0 602760
0 603144
0 606984
0 608136
0 608184
0 608229
0 608280
0 608328
0 608373
0 608424
8 608424
0 608469
0 608514
0 608559
0 608604
0 608649
0 608832
0 608880
0 608925
0 608976
0 609021
0 609066
0 609111
0 609156
0 609288
0 609333
0 609408
0 609456
0 609501
8 609528
0 609546
0 609600
0 609645
0 609696
0 609741
0 609792
0 609837
0 610080
0 610200
0 610272
8 610272
0 610320
0 610368
0 610488
0 610560
0 610632
0 610677
0 610722
0 610776
0 610824
0 610869
8 610872
0 610914
0 611256
0 611352
0 611397
0 616608
0 616848
0 616893
0 616992
0 617184
0 617229
0 617274
0 617319
0 617568
0 617616
0 617664
8 617664
0 617904
0 617949
0 617994
0 618048
0 618096
0 618144
0 618192
8 618192
0 618384
0 618429
0 618480
0 618525
0 618576
0 618621
8 618648
0 618666
8 618693
0 618711
0 618756
0 618840
0 618885
0 618936
0 618981
0 619026
0 619104
0 619149
0 619194
0 619248
0 619293
0 619338
8 619368
0 619383
0 619464
0 619512
0 619584
0 619680
0 619725
0 620136
0 624768
0 624813
0 625800
0 625845
0 626088
0 626136
0 626181
0 626226
0 626328
0 626424
0 626469
0 626514
8 626520
0 626559
0 626604
0 626649
0 626694
0 626760
0 626808
0 626880
0 627000
8 627024
0 627045
0 627090
0 627135
0 627192
0 627264
0 627309
8 627312
9 627336
0 627354
8 627357
0 627399
0 627444
0 627489
0 627534
0 627624
0 627672
0 627816
0 627861
0 627960
0 628032
0 628080
0 628125
0 628170
0 628215
0 628272
0 628317
0 628362
0 628416
8 628416
0 628464
8 628488
0 628509
0 628554
0 628599
0 628704
0 628752
0 628797
0 628992
0 629256
0 632808
0 632952
0 633408
0 633504
0 633552
0 634056
0 634296
0 634341
0 634392
0 634437
0 634656
0 634701
0 634800
0 634845
0 634890
0 635016
0 635061
0 635112
0 635184
0 635232
0 635277
0 635400
0 635445
0 635520
0 635565
0 635610
0 635655
0 635700
0 635784
8 635784
0 635829
0 635874
0 635928
0 635976
0 636021
0 636072
0 636117
0 636288
0 636333
0 636378
0 636456
0 636504
0 636549
0 636594
0 636639
0 636684
0 636744
8 636744
0 636792
0 636837
0 636882
0 636936
0 636981
0 637032
0 637077
0 637128
0 637320
0 637365
0 637410
0 637464
0 637512
0 637656
0 637701
0 642840
0 642984
0 643029
0 643176
0 643221
0 643266
0 643440
0 643485
0 643632
0 643680
0 643752
0 643944
0 643989
0 644034
0 644079
0 644208
0 644253
0 644400
0 644445
0 644490
0 644535
0 644580
0 644664
0 644712
0 644808
0 644853
0 644898
0 644943
0 644988
0 645072
0 645117
0 645216
0 645261
0 645306
8 645336
0 645351
0 645396
0 645441
0 645486
0 645552
0 645600
0 645648
0 645696
0 645840
0 645888
0 645933
0 646056
0 646101
0 646248
0 646320
0 646416
0 646461
0 646776
0 646821
0 646944
0 646989
0 650472
0 651696
0 652056
0 652101
0 652176
8 652176
0 652221
0 652272
0 652317
0 652362
0 652416
0 652464
0 652509
8 652536
0 652554
0 652599
0 652704
8 652728
0 652749
0 652872
0 652992
8 652992
9 652992
0 653037
0 653136
0 653181
0 653256
0 653301
0 653346
0 653391
0 653436
0 653496
0 653541
0 653616
8 653640
0 653661
0 653706
0 653751
0 653796
0 653841
0 653886
0 653931
0 654000
0 654045
0 654096
0 654144
0 654189
0 654234
0 654279
0 654336
0 654384
0 654429
0 654480
0 654525
0 654576
0 654624
0 654669
8 654696
0 654714
0 654759
0 654984
0 655029
0 655200
0 655245
0 660552
0 660600
0 660648
0 660696
0 660984
0 661032
0 661104
0 661149
0 661194
0 661239
0 661284
0 661329
0 661374
0 661560
0 661608
0 661752
0 661797
0 661872
0 661917
0 661962
0 662016
0 662061
0 662106
8 662112
0 662151
0 662196
0 662241
0 662304
0 662352
0 662397
0 662442
0 662520
0 662664
8 662688
0 662709
0 662754
0 662832
0 662877
0 662922
0 662967
0 663024
0 663120
0 663168
0 663216
0 663264
0 663309
0 663456
0 663504
0 663552
0 663624
0 663669
0 663768
0 663888
0 663933
0 663984
0 669072
0 669312
0 669357
0 669402
0 669447
0 669492
0 669648
0 669720
0 669912
0 669984
0 670029
0 670104
0 670224
0 670269
8 670272
0 670314
0 670368
0 670440
0 670536
0 670632
8 670632
0 670752
8 670752
0 670797
0 670848
0 670893
0 670938
0 670992
0 671037
0 671082
0 671127
0 671256
0 671352
0 671400
8 671424
0 671445
0 671490
0 671544
0 671589
0 671634
0 671679
0 671724
0 671769
0 671814
0 671859
0 671904
0 671952
0 671997
0 672072
0 672168
0 672216
0 672360
0 672984
0 673029
0 677328
0 677544
0 677688
0 677760
0 677805
0 677880
0 678336
0 678381
0 678552
0 678597
0 678648
0 678693
0 678738
0 678783
0 678864
0 678909
0 678984
0 679080
0 679128
0 679200
0 679320
0 679368
0 679413
0 679458
0 679512
8 679512
0 679557
0 679602
0 679647
8 679680
0 679692
0 679776
0 679821
0 679866
0 679911
0 679956
0 680040
0 680085
0 680208
0 680253
0 680328
0 680400
0 680448
0 680520
0 680568
0 680613
0 680658
0 680760
0 680832
0 680877
8 680880
9 680880
0 680922
0 680967
0 681012
0 681168
0 681213
0 681258
0 681336
0 681381
0 681426
0 681504
0 681552
0 681600
0 681840
0 682104
0 686880
0 686928
0 687096
0 687240
0 687285
0 687330
0 687375
0 687456
0 687501
8 687528
9 687528
0 687546
8 687576
0 687591
0 687636
0 687681
0 687726
8 687744
0 687771
0 687816
8 687816
0 687936
0 687981
0 688026
0 688071
0 688128
0 688173
0 688218
8 688224
0 688263
0 688308
0 688353
0 688398
0 688560
0 688632
0 688677
0 688776
8 688776
0 688821
0 688872
0 688968
0 689088
0 689133
0 689184
0 689229
0 689274
0 689328
0 689373
0 689448
0 689493
0 689592
0 689637
0 689682
0 689736
0 689781
0 690120
0 690165
0 690216
0 690261
0 690360
0 690405
0 690450
0 690495
0 690552
0 690597
0 690672
0 695472
0 695688
0 695880
0 695925
0 696072
0 696144
0 696264
0 696336
0 696384
8 696384
0 696480
0 696528
0 696600
0 696672
0 696840
0 696885
0 696930
0 696984
8 696984
0 697029
0 697152
0 697197
0 697242
0 697287
0 697344
0 697389
0 697434
8 697440
0 697512
8 697512
0 697557
0 697704
0 697752
0 697797
0 697842
0 697944
0 698160
0 698205
0 698250
0 698304
0 698352
0 698520
0 698565
0 698688
0 698736
0 698781
0 698826
0 698871
0 698916
0 698961
0 699006
0 699120
0 699168
0 699213
0 699264
0 699600
0 703872
0 703917
0 704616
0 704661
0 705000
0 705096
0 705168
0 705213
0 705264
8 705264
0 705312
0 705357
8 705360
0 705402
0 705456
8 705480
0 705501
0 705600
8 705600
0 705645
0 705690
0 705735
0 705780
8 705792
0 705825
8 705837
0 705912
0 705957
0 706056
8 706056
0 706101
8 706128
0 706146
0 706224
0 706296
8 706296
0 706341
0 706386
0 706431
0 706476
0 706536
8 706560
0 706581
0 706626
0 706671
0 706716
0 706761
0 706824
0 706869
0 707064
0 707109
0 707160
0 707205
0 707250
0 707376
0 707424
0 707496
0 707541
0 707586
0 707688
0 707736
0 707781
0 707826
0 707880
0 707952
0 708072
0 708648
0 712824
0 712872
0 712917
0 712992
0 713160
0 713208
0 713352
0 713496
0 713592
0 713640
0 713685
0 713730
0 713775
8 713808
0 713820
0 713865
0 713910
0 714000
0 714045
0 714096
0 714144
0 714189
0 714288
8 714288
0 714336
0 714381
0 714426
0 714480
8 714504
0 714525
0 714570
0 714615
0 714672
0 714720
0 714792
0 714837
0 714912
8 714912
9 714912
0 714984
0 715032
0 715077
0 715122
0 715176
0 715320
0 715368
0 715584
8 715608
0 715629
0 715674
0 715719
0 715824
0 715869
0 715944
0 716088
0 716208
0 716352
0 716424
0 716469
0 716514
0 721728
0 722088
0 722160
0 722208
0 722256
0 722301
0 722346
0 722448
0 722493
0 722688
0 722733
0 722778
0 722856
0 722928
0 722973
0 723018
8 723048
0 723063
0 723108
0 723153
0 723198
0 723243
0 723336
0 723381
8 723384
0 723504
0 723552
0 723597
0 723642
0 723687
0 723732
0 723777
0 723840
0 723885
0 723930
0 723975
0 724020
0 724152
0 724200
0 724245
0 724296
0 724341
0 724584
0 724656
0 724704
0 724749
0 724794
0 724839
0 725064
0 725109
0 725160
0 725232
0 725400
0 725472
