48 0
56 0
83 2808
86 4680
2 11136
96 12144
36 29808
54 37973
73 38160
6 39048
45 39432
76 40128
31 48024
26 48048
65 48072
94 50736
70 56136
18 57312
84 65208
87 79296
39 82488
43 85728
0 86664
13 87360
4 87614
23 90624
78 103296
3 105864
19 112632
29 121296
33 123408
1 124848
52 124848
95 128952
35 128976
58 129960
67 133248
18 134136
68 144120
59 145656
10 151464
22 153408
42 161472
31 161949
16 164472
60 178080
47 183408
57 188486
73 192000
88 195792
87 196584
69 200136
54 204576
12 205776
3 205872
24 209376
61 209376
42 209712
7 210048
32 210744
34 213120
21 218232
55 218232
8 227191
77 229848
62 235944
91 237552
40 239736
51 241032
82 242016
27 244224
63 244320
93 246408
96 248928
54 248952
48 249840
5 252864
74 261960
79 265464
45 267624
33 270000
64 270360
19 270696
41 273672
60 274485
70 275424
83 278904
73 282648
17 282672
50 283872
25 285480
29 287880
22 297993
89 300240
66 300792
55 301497
65 302208
75 308760
52 308854
78 313656
40 314241
90 315960
94 319848
68 322944
62 327969
71 328584
1 331104
25 334200
85 336120
4 336984
53 338801
20 340680
81 345528
46 360336
21 363648
28 367152
92 367152
77 378888
36 379920
18 380520
56 381120
37 398280
94 405120
76 406320
10 407160
22 407760
3 410088
14 410088
0 410976
95 412248
40 423786
82 428016
5 428376
55 433248
30 433320
65 433680
58 436848
53 441240
4 449448
87 451008
33 454872
38 460488
41 462480
31 464232
8 467736
39 468312
9 468792
91 476568
43 477384
2 484464
55 485856
24 486096
15 487560
45 488928
6 489408
72 490584
16 492864
67 494376
11 494976
71 498240
29 502728
27 503664
81 507634
83 511464
80 512664
23 516168
74 521160
9 521397
97 525912
76 529728
46 533616
51 533640
63 533640
44 533688
59 539902
18 542640
77 545568
54 551568
48 552432
0 556560
25 558144
13 559080
96 559512
86 569064
92 580656
2 580869
85 581400
3 585912
60 586032
90 591864
0 600408
12 600456
35 602496
40 603864
77 611880
94 612072
50 612456
69 613584
86 617289
70 619896
27 625848
68 629736
37 633744
18 634665
78 638184
61 638568
39 639336
73 642264
79 642816
84 647808
15 647904
63 652008
36 652920
16 659424
52 659712
22 660624
8 664344
28 665064
42 665280
93 667224
19 670104
38 676896
64 679056
76 679296
41 681816
88 686424
33 687312
94 690957
74 692026
81 693648
82 696432
51 699840
10 700464
14 700464
95 700464
59 702024
49 703224
7 704184
57 704808
30 705504
66 705504
97 709920
17 712104
