0 0
1 0
1 13150
0 13200
1 26300
0 42360
1 43848
1 48528
0 56136
1 61680
0 64905
1 79210
0 87000
1 129600
0 142248
1 157080
0 173976
1 193800
1 211416
0 222165
0 252984
1 269904
0 271128
0 288768
0 306528
1 309864
1 314253
0 333384
1 345288
0 346534
0 393264
1 410088
1 424512
0 428376
1 433680
1 446832
0 463560
0 477408
1 480600
1 506904
0 550248
1 551208
0 577368
1 585912
0 612288
1 621240
0 630288
1 647736
1 661416
0 673632
0 687048
1 716976
0 726144
