16 0
47 0
48 0
49 0
52 0
71 0
6 460
60 14880
13 29688
90 31533
93 34008
2 37584
74 39096
46 43056
67 52601
47 59424
95 59856
71 62400
96 64992
29 68208
81 71256
22 77904
51 98531
75 107640
0 113688
70 117192
73 119856
61 124848
50 125280
85 125352
11 125808
37 130008
56 135864
13 135936
39 145776
53 146352
14 146424
55 150792
87 152064
8 152256
58 162120
9 163202
72 163291
42 168624
58 169200
80 172704
36 173616
57 178296
32 188376
18 193992
7 197280
97 197280
21 197952
83 199848
26 205416
60 208032
22 214536
64 216168
54 217464
37 222240
69 225480
2 225970
33 226872
63 227352
88 229368
61 231072
25 235512
79 238104
90 238968
49 240288
78 240528
82 244464
40 247488
3 247632
9 250847
66 255979
73 261936
18 268632
89 274584
46 275448
62 282936
75 283152
36 283944
15 285864
76 285953
6 287976
64 292320
10 294552
38 309000
84 309264
29 310560
1 319104
83 319800
95 320616
16 321912
93 322368
27 327984
68 328248
47 335640
34 336792
92 345912
52 347760
91 348864
12 350448
19 350880
18 353088
20 354336
81 360576
22 366696
24 368376
60 370152
14 380064
53 380064
96 380712
43 384504
50 389544
17 397800
23 398472
89 399408
44 400944
61 401760
79 410304
11 410400
48 411766
26 413640
90 414312
97 424416
74 425040
66 427704
5 442008
48 442471
65 444120
13 446040
15 448056
45 450360
75 454224
49 458736
31 458976
93 459840
83 460488
8 463272
70 467976
78 468432
72 471576
14 477024
76 485064
85 485688
59 490131
19 491256
30 497712
42 497712
86 498144
47 502224
91 502776
71 506592
69 510240
73 521352
29 522336
4 526524
41 527472
77 527832
87 529896
63 535080
19 535704
67 539112
51 542112
37 546936
3 551088
56 551184
45 555525
31 556248
68 556464
54 559150
53 559752
46 560194
60 563112
2 567864
55 568536
66 576720
90 576744
25 580704
5 582480
58 586008
65 586008
24 591816
9 593208
84 595104
1 595272
16 597936
89 598992
28 599400
32 600120
49 603672
39 616536
96 616848
93 620760
72 624936
40 626328
94 629304
91 635136
88 641136
21 642192
8 642384
62 643200
61 643656
18 647520
80 651552
6 652128
0 652824
22 655872
13 660888
45 660912
21 668517
7 668928
27 668928
38 669360
35 669408
52 672936
63 675285
10 678600
20 685752
42 686136
92 686448
90 686904
32 688008
29 690816
22 691128
79 691272
51 692112
5 696405
12 696514
55 696720
43 699528
37 700440
4 702048
87 716616
19 724896
97 726144
