16 0
47 0
48 0
49 0
52 0
71 0
6 480
60 14553
13 28896
90 30432
93 33912
2 38136
74 39552
46 42576
67 52848
47 58392
95 60552
71 63576
96 64872
29 68880
81 70968
22 77592
51 100560
75 108672
0 113688
70 116743
73 120528
61 124800
50 124848
85 125688
11 125808
37 129888
56 135312
13 135528
39 145824
53 146736
14 146880
55 151464
87 152016
8 152040
58 162552
9 163560
72 163584
42 168816
58 169320
80 172800
36 173904
57 178008
32 187032
18 193584
7 197688
21 197688
97 197688
83 200304
26 205776
60 207792
64 216264
54 217512
22 218016
37 222216
69 226032
2 226522
33 226848
63 226976
88 229272
61 230496
25 232200
79 237864
90 238776
78 239928
49 240312
82 245160
3 247419
40 247992
9 251205
66 256080
73 261984
18 269016
46 274440
89 274536
62 282552
36 283848
15 286776
75 286800
76 287208
6 289176
64 291504
10 294240
38 308760
84 309192
29 310224
1 318960
83 319560
95 319560
16 322800
93 323424
68 327912
27 327960
47 328560
34 336072
91 344880
92 345480
52 348648
12 351144
19 351168
18 353352
20 354144
81 360094
22 367080
24 368328
60 369898
14 379992
53 379992
50 381336
96 384552
43 385296
17 392928
61 396984
89 398640
44 400728
23 401784
79 410688
11 410808
48 412248
26 412632
90 414072
97 423936
74 424320
66 430512
65 433704
48 441480
5 441576
13 445632
15 448882
45 449688
83 451536
49 457776
75 458088
31 458520
93 459744
8 462744
70 467232
78 467736
72 472104
14 476568
85 484128
76 484464
19 485784
59 490584
86 494976
42 498024
30 498072
91 498240
47 498288
71 506760
69 516096
73 520872
29 523320
4 526536
41 526632
77 528912
87 529704
19 530400
63 533622
56 538944
67 541056
51 543840
37 550344
3 551136
45 554904
31 555096
68 555888
54 559198
53 559680
46 560064
60 562776
65 565200
55 569088
2 572400
25 576216
90 577224
66 577248
5 581976
1 582456
32 582456
58 582528
24 592104
9 594144
84 594912
28 598896
89 599160
16 604248
49 604248
94 608400
39 616224
96 616896
93 617712
40 625560
91 625848
72 629712
8 638352
21 640128
88 641160
62 642288
61 642816
0 643824
18 647904
80 650664
6 651672
22 656448
45 660240
21 663336
13 663768
7 668016
27 668016
38 669240
35 669336
32 670272
10 670992
52 673704
63 674712
20 685656
92 685848
90 686784
42 690744
29 690864
79 691416
22 691632
51 693120
5 696144
55 696288
12 699216
43 699504
4 701808
37 708648
87 717000
19 720384
97 726168
