5 0
31 0
45 0
41 3000
49 28896
59 38112
30 40128
58 40128
74 59544
42 60552
73 60552
46 61896
60 66360
44 68232
37 75072
94 79560
75 86664
55 89304
68 89328
49 90504
36 94488
7 99085
97 100324
23 100512
62 102648
38 103320
14 103920
9 112872
40 113712
57 120759
11 121344
21 124800
22 136128
79 138720
53 141672
61 147288
28 153408
29 161616
28 162213
68 163872
96 167616
3 169656
31 176064
39 177456
76 178872
47 179475
52 188424
34 188544
13 188856
17 191736
71 193512
43 193656
67 197758
25 200328
84 203784
26 203976
64 205752
56 207816
50 213288
71 213720
20 214440
41 215568
93 224088
74 226824
21 230472
9 241032
82 243456
18 246000
42 246408
38 250128
30 256920
52 259704
74 261936
77 262896
12 263952
69 264336
61 266208
0 269928
49 269952
1 277680
40 279144
65 282144
32 287184
70 293160
76 302016
83 304248
6 309240
84 309240
79 309840
66 313872
96 314832
1 317145
94 319584
90 319824
87 320496
77 324288
75 327888
19 328584
92 329880
86 332232
31 332256
51 332376
48 332424
13 333672
41 337104
53 339576
88 340320
95 343776
7 345120
85 348840
96 349917
47 351192
78 354864
89 354864
15 358728
72 360240
81 360384
73 367152
6 374985
79 380064
24 380856
80 385104
33 393528
93 395160
75 395640
37 401520
64 401520
50 410434
45 412248
68 418032
2 418512
9 419544
56 423312
63 423336
27 423768
66 423768
54 424320
16 427176
18 430344
94 432336
11 436750
23 436752
35 441048
12 445392
33 446133
52 448248
85 449448
55 453024
26 458736
92 458736
34 459912
97 467736
90 468792
50 471799
53 477288
78 477549
60 482506
38 486744
50 489365
83 492744
5 495912
17 498384
40 502570
42 503664
92 515721
48 518640
29 521040
54 528768
88 528840
46 532608
41 532632
14 533640
79 533640
1 537144
39 537624
4 541776
81 544440
21 550776
57 551160
39 554928
10 558144
95 567552
44 567672
45 569040
65 571272
60 572616
85 572640
91 572784
40 572904
93 577056
7 581736
37 585864
27 585936
3 586512
73 590578
62 593448
88 594585
59 595728
82 602662
70 603336
66 603792
43 606000
0 607296
39 608400
47 617544
32 620232
83 625440
61 634392
67 638808
51 639022
87 640296
12 651552
74 652008
71 656304
89 657600
37 663768
86 664344
31 668016
25 669168
79 669552
78 675720
18 678336
20 681984
83 682008
17 682392
84 686856
61 687048
76 687696
14 687768
55 689784
30 691344
44 695472
58 695472
92 699816
8 704112
4 712728
13 714778
68 717720
96 721896
12 726216
