0.0092178853
7.154406666666667e-05
7.98289e-05
8.945913333333333e-05
0.00010305016666666667
0.00011704936666666666
0.00013323233333333332
0.0001477124333333333
0.00017742730000000001
0.00020622713333333332
0.0002324545
0.00025384336666666666
0.0002986988
0.00033176066666666665
0.0003865929
0.00045140766666666666
0.0005091380666666667
0.0005775335333333334
0.0006579853333333333
0.0007699663
0.0008511054666666667
0.0010879460666666668
0.0011472822333333335
0.0013931473999999999
0.0014680085
0.0018259311666666666
0.0018822424333333333
0.0022993049666666667
0.0023855920333333332
0.0029475219
0.0031097138333333334
0.000214799
0.0002395243
0.0002849059333333334
0.0003298254666666667
0.0003723273
0.0005659063333333333
0.0004785012
0.0005334689666666667
0.0008171271000000001
0.0007164977666666666
0.0008077488333333334
0.0011720864666666666
0.0010395009666666667
0.0012017266333333334
0.0016630639
0.0017117215666666667
0.0017558729666666665
0.0026128674333333332
0.0022259986666666666
0.0027679800333333332
0.0033636703333333336
0.0034297946
0.0034681841
0.004978956266666668
0.004363468566666666
0.00017562066666666667
0.00022622566666666668
0.0002927546333333333
0.00038668813333333336
0.0005035173333333334
0.0006456593333333333
0.0008336071
0.0009557331666666666
0.0013394904
0.0016952636
0.0013719265666666668
0.0015674269333333334
0.0017426692000000001
0.0033085552000000004
0.0022310214666666664
0.0027758619000000004
0.0027769272333333333
0.004465578966666666
0.003983542866666667
0.0041494495
0.004067956766666667
0.0064020962666666665
0.0052060108999999995
0.0006021610333333333
0.000411547
0.0005547254666666666
0.0006255554333333333
0.0007988702333333334
0.0008912207666666668
0.0011659928333333334
0.002269436733333333
0.0016476657333333335
0.0018592059000000001
0.0026263800333333333
0.0036734372999999996
0.0025609448666666667
0.004450173966666667
0.00310536
0.0038292392
0.006654498133333335
0.0044559189666666665
0.0042020044
0.0062095245999999995
0.005528484333333333
0.00029780406666666664
0.00033948093333333333
0.00043771360000000004
0.0004911334333333333
0.0007376524333333333
0.0013210078
0.0009366318
0.0011930756333333333
0.0013444257666666668
0.0020644021
0.0018615270666666667
0.0020726354
0.0022828014666666663
0.0035305166666666664
0.002745297266666667
0.006117024600000001
0.0032206066333333332
0.004391769433333333
0.004334035866666667
0.004409464366666667
0.0039623964
0.008877551266666667
0.0058557070999999995
0.0006555345
0.0008390230333333333
0.0010576341333333333
0.0018066135333333333
0.0014890993666666667
0.0032233696999999996
0.0020115226666666667
0.0022076521666666666
0.0031668173666666664
0.002795086766666667
0.006402659333333333
0.0031527898
0.0060872118
0.005497508533333333
0.004108603166666666
0.0034793134
0.0075399278666666665
0.0067480358
0.00038990870000000003
0.00044232623333333333
0.0006353274999999999
0.0011530775666666667
0.0009290026333333333
0.0011609030333333333
0.0021870245333333333
0.0019345799333333332
0.0015991983666666667
0.0020989066666666665
0.0022683688666666666
0.0029939001000000003
0.005950955933333334
0.0027301563
0.0029450763
0.004690349133333333
0.005453465033333333
0.0036610088
0.0028829195333333335
0.007843070800000001
0.0024989432
0.0006991482666666666
0.0010070994666666667
0.0012458595333333334
0.0013706377
0.0016750464999999999
0.0021278283
0.0022623615666666668
0.0040558549
0.004539232233333333
0.0025756998999999997
0.0026450992
0.0047899883999999995
0.009533289966666665
0.0031602859333333335
0.0022769821
0.0043569712
0.002933822033333333
0.0005335996333333333
0.0008606836666666667
0.0010730183666666667
0.0013123371
0.002545106866666667
0.0017180273000000001
0.0029736937
0.002104750433333333
0.0021996871666666667
0.0033271770666666667
0.002358687233333333
0.004065793799999999
0.0022976162666666663
0.006395714333333333
0.0031298912333333337
0.0026735370999999997
0.0017282911
0.005170061566666667
0.0019286930333333333
0.0007245527333333333
0.0012967728
0.0011266679666666667
0.0025713977666666664
0.0013605723
0.003547956733333334
0.0023027417
0.0027068757
0.0020377433
0.002694915233333333
0.0044318575
0.0036709225333333337
0.002104803033333333
0.007554049500000001
0.001939562
0.005097785866666666
0.003854125733333333
0.0028819601333333333
0.0012689944
0.0069187945666666665
0.002387166966666667
0.0005458259
0.0006122349999999999
0.0007671842
0.0014620292666666667
0.0011681575
0.0013911759333333333
0.0016217616666666665
0.0024139616000000003
0.0018050095666666667
0.0019357472
0.0026776467
0.0035350104333333335
0.0018362531666666667
0.0046992232333333325
0.0015977751333333334
0.002183075966666667
0.0027078967333333333
0.0026253919000000002
0.0009058377666666667
0.004802922233333334
0.0005388065
0.0011977856
0.0014050903666666668
0.0025165317
0.0018078810666666667
0.002645729366666667
0.00443149
0.0015705466
0.005673303199999999
0.0012890049666666667
0.0052458057999999995
0.0024266183000000003
0.0006306993000000001
0.003810480266666667
0.0030150049666666664
0.0006774690666666666
0.0008367597333333333
0.0009252827666666667
0.0020723726
0.0012160233
0.0014035371333333334
0.0024719242000000004
0.0026092163000000002
0.0016564597333333334
0.0016628549666666665
0.0026035983
0.0015566743333333335
0.0030972805
0.0013201673999999998
0.004208215666666667
0.0010214349
0.0025570340999999997
0.0018601367333333336
0.0022707927
0.00042904090000000003
0.0030117943
0.00020717153333333333
0.0012234928333333332
0.0013879583666666668
0.0025964405333333334
0.0026715763666666664
0.0015085222
0.0025251127
0.004286935533333334
0.0010929260000000001
0.0007969038999999999
0.002371788866666667
0.0040874810666666666
0.0021021181666666666
0.00028523283333333334
0.004131030333333333
0.00012235476666666668
0.0007289146333333333
0.0008854485
0.0012209433666666668
0.0013599555333333332
0.0026957979
0.003065059266666667
0.0013515843
0.0024165482333333333
0.004502494566666667
0.0008927314333333333
0.0006131652999999999
0.0038280505666666667
0.002062679866666667
0.0019304653666666666
0.00018519006666666666
0.003938845533333333
0.0014660340666666665
0.0012092251666666668
0.0013212287
0.0013579751666666668
0.0026522038666666665
0.0011974438666666665
0.0022430919000000003
0.0025696739666666666
0.000720541
0.0004657768
0.0019493653333333336
0.0017107885333333332
0.00011727733333333334
0.0015265060000000002
0.0007742925666666666
0.0006345232000000001
0.0007665767333333333
0.0009139451
0.0010636967666666666
0.0011892629333333333
0.0012735187666666665
0.0012863932333333332
0.0012566806666666666
0.0012107268
0.0022956897
0.0010501860333333333
0.0019904994666666664
0.0008229601
0.0022762197333333336
0.0005752977
0.0019488343333333331
0.0003494602
0.0016666425666666668
0.0001752195
0.0014472268
7.234113333333334e-05
0.0012797296999999999
2.0217433333333334e-05
0.0010571626666666667
0.0011620296333333332
0.0012185547
0.002916824366666667
0.0027301351000000003
0.0009126594333333334
0.0016923421
0.0023563525333333336
0.00045473593333333336
0.003189413066666667
0.00025894813333333336
0.002724724533333333
0.0015114658333333331
0.0011853939333333332
4.340876666666666e-05
0.0022182141666666666
0.0006758566000000001
0.0006647846
0.0007908354666666667
0.0009236070333333333
0.0010449407
0.0011285215333333334
0.0011580076666666665
0.0011063816999999998
0.0009789122
0.0007866254666666667
0.0006763589
0.0005622487
0.0016058076333333334
0.00035600143333333335
0.0013197862
0.00018942753333333335
0.0010959962
7.846533333333334e-05
0.0009340098666666667
2.5313066666666667e-05
0.0008130991666666666
5.0043666666666665e-06
0.0015736287333333334
0.0017407866666666668
0.0017358097666666666
0.003143886
0.0012631754
0.0025108753333333332
0.0022953193666666663
0.0008163126
0.0039870374
0.0006492203333333333
0.0013532928
0.0020010588333333333
0.0011954487333333333
0.00046863316666666667
0.0019225244999999996
0.00115212473
0.0015008373
0.0017051555333333333
0.0017362101333333333
0.0017000291333333333
0.0015781882666666667
0.001170986
0.0009403164333333333
0.0007476598
0.0005991535333333334
0.002096684766666667
0.0013305007
0.0010229215333333332
0.00044160209999999996
0.0015428340333333334
0.00040134175000000003
0.0016570787666666668
0.0017220596333333332
0.0016558452
0.0015074917
0.0013104367000000001
0.0010825452666666665
0.0020240355666666667
0.0006842927666666668
0.0005520068
0.0005027621000000001
0.0011969285666666668
0.0008947840000000001
0.00041143066666666665
0.0013259963533333334
0.00037125565
0.0008022902333333334
0.0016860632
0.0017223191000000002
0.0016959349333333334
0.0016006756666666665
0.0014289550666666667
0.0012203183333333336
0.0009929844
0.0007823011666666668
0.0006199949333333333
0.0005017850666666667
0.00042451543333333334
0.00039784843333333337
0.00037406784
0.0007076833466666666
0.00033393262799999993
0.0016606888999999999
0.0015374877333333332
0.0009036233999999999
0.0015331805999999999
0.0005552982
0.0004492611333333333
0.0015853236999999998
0.00033166201666666673
0.0005987443756666666
0.0008409537916666668
0.0008602143
0.0017242251666666666
0.0016147361
0.0015547353333333334
0.0014659434666666668
0.0012571298
0.0011472319333333332
0.0010347010666666666
0.0008153697666666667
0.0007178961999999999
0.0006276775
0.0009641126666666666
0.0004915888333333334
0.0013550955
0.00039630323333333337
0.0010532246
0.0003330086
0.00062469052
0.00028726901
0.001030199648
0.0003296787816
0.0008564556333333333
0.0016203904333333334
0.0015587219666666665
0.0013856854
0.0012860476666666668
0.001050027
0.0009373535666666666
0.0007245335333333334
0.0006324106333333334
0.0005488258
0.0008620240333333332
0.0004247922333333333
0.0011186894
0.00033935106666666665
0.0006273605333333334
0.0005380825700000001
0.0005408533966666667
0.00023912260733333334
0.0006069221586666666
0.0002030212886
0.0008092919333333333
0.0014774772333333334
0.0012848807333333333
0.0010536973333333333
0.0009407183666666665
0.0007264089333333334
0.0006281381999999999
0.0005428234333333333
0.00046698633333333334
0.00035646166666666667
0.0006364606333333333
0.0002816893333333333
0.0007600950666666666
0.00023104464666666666
0.0004605870633333333
0.00019256183733333334
0.0004277742605333333
0.00036510545470000005
0.0013866100333333334
0.0011782651
0.0010686424
0.0008314322
0.0005351801666666666
0.0004571843
0.0010164501666666665
0.0002921999333333333
0.00022773213333333335
0.00046210586666666664
0.00093973638
0.00038698123866666667
0.00015025587566666666
0.0005941986224
0.00012244433943
0.0006459604666666667
0.0011906826
0.0010720373
0.0009604615
0.0008364618999999999
0.0007278346
0.0006264191
0.0005338925666666666
0.00045008169999999993
0.00037947286666666666
0.0003192684666666666
0.0005705368
0.0002346781
0.00046924093333333336
0.00017941253333333336
0.000389777
0.00014164600666666667
0.0003208561443333333
0.00011270019256666666
0.0002584246812333333
8.92008295e-05
0.0009636092666666666
0.0010230778666666667
0.0003713321666666667
0.0006202475000000002
0.00018401986666666666
0.00013778151
0.0008092867333333334
0.00042281426833333334
0.0004420332063333333
8.22381798e-05
0.00042952085843
0.000221004845908
0.00042213296666666667
0.0007359169666666667
0.0006217589999999999
0.0005242315
0.0004370959666666667
0.0003601302
0.000293374
0.00023908420000000002
0.0001948695
0.0004108589666666667
0.00013558146666666667
0.0003309622666666667
9.860077e-05
0.00026770026
7.369911566666667e-05
0.00021314339376666668
5.5118228133333333e-05
0.00016483196863666667
4.082327472166667e-05
0.00031605593333333334
0.0004349727
0.00022945580000000002
0.00018312406666666666
0.00034610599999999994
9.827069999999999e-05
6.912848999999999e-05
0.00022027714199999998
0.00017252935100000002
3.5786101526666664e-05
0.00013071714069466667
8.241707879829999e-05
0.00021387153333333333
0.0006826972333333334
0.0005841583333333333
0.0001693882
0.0003755875
0.00010211536666666667
6.53801e-05
0.0003991045366666667
4.407271333333333e-05
0.00017927210433333336
0.00012002101836666666
0.00025613726766666664
2.084607699666667e-05
0.0002051371603106667
0.00010499410342309999
0.0001370204
0.00021360526666666668
0.0004196013666666667
0.00012230746666666665
9.155946666666668e-05
0.00024030983333333335
0.0002394653
4.124794333333333e-05
0.00028730244999999996
2.6258549333333333e-05
0.00014677128033333334
6.523034543333333e-05
0.00011191344989333332
1.1043048688e-05
9.953668561606668e-05
6.990567596536667e-06
8.632423333333334e-05
6.20993e-05
0.0002284870666666667
0.00045770370000000003
2.5084656666666666e-05
1.5046973333333334e-05
0.0003022509146666667
0.00019273021146666667
9.201969029e-05
5.6161447416666665e-06
0.00027855135595276665
3.3333669098796664e-06
5.816346666666667e-05
0.00020954846666666665
0.0002798298
1.3701703333333333e-05
0.0003943809156666667
7.561105333333333e-06
0.00018163437351333334
0.00014348520319333333
2.4087674968999996e-06
9.804088180990669e-05
8.381786156125101e-05
1.8908233333333333e-05
2.4116633333333336e-05
1.5269366666666666e-05
0.00014685623333333335
6.832283333333334e-06
0.000114061406
3.4177313333333333e-06
8.665293883333334e-05
1.7886019e-06
6.400225077733334e-05
9.192094081666667e-07
4.4534857199323334e-05
4.586100148585e-07
7.0877e-06
0.00010894861333333333
0.00012768686000000002
3.06803e-06
0.00014954475900000002
1.3456594000000002e-06
7.418810963333334e-05
2.0629661773333332e-05
5.411723060766667e-05
2.950217942566667e-07
4.2487494818412e-05
1.323650034713e-07
2.08275e-06
0.00032290135
1.2242186666666666e-06
0.00014277056566666668
4.459681666666667e-07
0.00011313225407333334
3.0449665309666665e-05
7.627008820533332e-05
7.698434358333334e-08
5.298302737518867e-05
3.5978335734110496e-05
0.00019380787333333333
8.812798233333333e-05
6.942578103333334e-05
0.00012481969582333333
0.00014272539367899998
8.693701171410001e-05
4.2262525050427665e-05
7.187216714450957e-05
4.25971643668369e-05
9.412499999999999e-08
6.623655233333333e-05
3.6363700000000004e-08
4.7498498140000005e-05
1.1041943433333333e-08
3.30151132279e-05
3.496063389333333e-09
2.102720035288658e-05
1.0564933703406667e-09
5.076633666999999e-05
0.000138380576855
6.348791733376667e-05
7.238063677148001e-05
2.900306336867337e-05
5.1188326985725346e-05
2.1580317185333334e-05
8.3066e-10
3.5033578766333336e-05
1.9712413333333335e-10
2.3460190887630002e-05
4.1809260066666675e-11
1.4173519008644303e-05
8.504900000000001e-12
2.9953866051799997e-05
6.183095896972334e-05
4.1358572614256005e-05
1.8363169040553335e-05
2.8226834285890708e-05
1.642516704217e-05
2.223956730772e-05
1.9000670282270332e-05
8.245246e-14
3.15213178292922e-05
1.2567014009573832e-05
1.36744666831794e-05
1.13357000054179e-05
1.729441000162833e-05
7.698033333829232e-06
4.4409000000000005e-17
6.0886000000000005e-06
0.0
5.042403633333334e-06
1.1970007282029999e-05
0.0
0.00023119696666666666
0.0006026172333333333
0.0002027494
0.0002894973333333333
0.0001229977
0.00017867179999999999
0.00013021526666666665
4.481813e-05
2.8788966666666668e-05
6.2892762e-05
3.957511563333333e-05
4.364081977e-05
1.2135436863333331e-05
5.528498604499999e-05
7.667770410933334e-06
3.1083644274306e-05
5.525323336501169e-06
1.9709933333481363e-05
2.8595933333333333e-06
1.2194503536599998e-05
1.6901833000000001e-06
0.00036780043333333335
0.0002981176666666667
0.00021465350000000001
0.0001327787
7.00725e-05
2.9895933333333336e-05
9.3278e-06
4.3385e-06
5.621788333333333e-05
2.3926196666666667e-05
2.2203099999999998e-07
9.771573333333332e-07
1.1702133333333335e-08
4.404389849333334e-05
3.039976666666667e-10
1.604250369576667e-05
1.6220233333333334e-12
9.323507721863333e-06
2.0758833343584404e-06
5.168212266711075e-06
0.0
2.429347073333333e-06
3.7757666666666665e-06
0.00015755323333333334
0.00019956983333333333
0.00015376069999999999
8.800850000000001e-05
6.59612e-05
3.7182466666666665e-05
9.864449666666667e-05
1.7501530333333334e-05
1.3762406e-05
1.0797765599999999e-05
3.105544834333334e-05
6.543326776666666e-06
2.99467741653e-05
3.8656673581033334e-06
1.0528156687246499e-05
1.0974368844325664e-05
5.849773333333333e-06
1.2461733333333335e-06
2.8530260647666666e-06
9.94005e-07
0.00036663246666666666
0.00033656183333333336
0.0003033224333333334
0.0002651471
0.00022457960000000002
0.00018437923333333332
0.00014443316666666668
0.00010937913333333333
7.989143333333333e-05
5.4609266666666666e-05
3.6274833333333334e-05
2.1637000000000003e-05
1.2220766666666667e-05
6.0821e-06
2.6393166666666666e-06
1.09682e-06
3.605666666666667e-07
1.0432366666666667e-07
2.40464e-08
4.305366666666667e-09
1.883479009333333e-05
8.330666666666666e-11
1.1550706341933334e-05
2.900493333333333e-13
6.2888000075347e-06
9.992e-17
3.3815e-06
0.0
1.4804633333333332e-06
0.0
9.90682e-05
0.000113793
6.0919300000000005e-05
8.29275e-05
3.625113133333334e-05
9.979915e-06
7.687163966666666e-06
1.3195640756666667e-05
3.251102822e-06
1.4024873888029999e-05
1.7808767864006667e-06
9.99613618937191e-06
1.164796000029606e-06
3.4077854566666666e-06
4.883033333333334e-07
1.509802023e-06
2.201907668317197e-06
0.0002726629333333333
0.00023487389999999998
0.00015765176666666667
0.0002728621666666667
4.220816666666667e-05
1.5470566666666667e-05
3.897766666666667e-06
3.9416469999999996e-05
2.1492049999999997e-05
4.757866666666667e-08
1.688543966666667e-05
3.2618398e-07
2.174673333333333e-11
1.582790965773e-05
4.8639e-14
1.0343933334288127e-05
1.4902655999999999e-06
4.76915e-06
0.0
4.8671511095759995e-06
2.1077933333333333e-10
8.218006666666667e-05
4.079016666666667e-05
2.8324833333333334e-05
1.3850876666666669e-05
5.3919754e-06
3.9672205e-06
1.4602063532e-05
1.5207242444e-06
7.704400194474e-07
4.088470000329366e-06
9.640825092880401e-06
2.0078226666666665e-06
1.7893966666666667e-07
2.4204681673328003e-06
8.205666666666668e-08
0.0002786575666666667
0.00020727166666666667
0.0001341994
7.298893333333334e-05
3.234506666666666e-05
1.0924733333333334e-05
2.4549066666666664e-06
2.7293493e-05
2.10648e-08
3.813866666666667e-09
5.194333333333333e-10
1.6571931276000002e-05
5.4088e-12
5.895354181094668e-06
7.653133333333333e-15
2.87494977378139e-06
4.118833333333333e-07
1.3899301470666666e-06
0.0
5.2198910553e-07
9.758566666666668e-07
2.8221566666666664e-05
0.00010371990000000001
2.5124966666666664e-05
1.6375366666666666e-05
4.306504e-05
7.0477499999999996e-06
4.817870666666667e-06
1.6134725999999998e-05
2.322611733333333e-06
1.6176733166666668e-06
4.494368917666667e-06
9.763114432666667e-06
5.209893157866667e-07
5.941326787969667e-06
2.3308166962726e-07
2.4824503333703407e-06
1.54628e-07
1.1660339999999998e-06
4.1411e-08
4.2555287333333334e-07
1.64518e-08
0.00028594503333333334
0.0002522521
0.00021791863333333334
0.0001822612
0.00014692553333333331
0.00011373516666666667
8.358253333333332e-05
5.91102e-05
4.01187e-05
2.45685e-05
1.46074e-05
7.617533333333334e-06
3.6523666666666666e-06
1.5194833333333333e-06
5.268833333333333e-07
1.7459233333333332e-07
4.2526e-08
9.054800000000001e-09
1.4440366666666666e-09
1.70391e-10
7.7009108698e-06
1.2819866666666666e-12
4.134166719432e-06
1.1324266666666666e-15
1.8878266666666667e-06
0.0
8.6894e-07
0.0
3.00754e-07
0.0
6.0291866666666664e-05
1.4091634800000002e-05
5.336186612986667e-06
3.1933390004218834e-06
2.4491980336666663e-06
2.5592601743493998e-06
1.0727686666666668e-06
1.03267298780314e-06
1.0880910913666666e-06
0.00026148656666666667
0.0002276306
0.0001938303
0.00015972486666666669
0.00012658306666666667
9.597046666666666e-05
6.897299999999999e-05
4.758433333333333e-05
3.14497e-05
1.8492533333333333e-05
1.05549e-05
5.243766666666666e-06
2.3686266666666666e-06
9.2428e-07
2.9584833333333333e-07
9.044433333333333e-08
1.9788333333333334e-08
3.779466666666667e-09
5.287333333333333e-10
5.381333333333333e-11
5.59926945498e-06
2.8961266666666666e-13
2.862883342918267e-06
1.5543133333333333e-16
1.2264833333333333e-06
0.0
5.341666666666667e-07
0.0
1.69867e-07
0.0
4.3296333333333334e-06
4.8195400000000004e-06
2.2628763333333335e-05
1.5011416666666669e-06
8.962113333333333e-07
7.3416237333333335e-06
3.3944842333333333e-07
2.1072328866666666e-07
1.5736944828666667e-06
4.8343823884266665e-06
4.737313521033333e-08
2.6154828706634666e-06
1.6441400059212e-08
9.924655333333333e-07
1.7674466666666668e-08
4.192351966666667e-07
1.6998066666666667e-09
1.2793702699999998e-07
5.0664e-10
0.0002862763333333333
0.00010865636666666667
6.122320000000001e-05
3.473783333333333e-05
2.7175986666666667e-05
7.631565343333334e-06
5.3275130318e-06
2.6064333957056664e-06
1.4595666666666666e-06
1.9333690692739884e-06
8.618971906666666e-07
9.023183333333333e-07
4.1974333333333334e-07
4.2320870202e-07
2.1556266666666667e-07
1.20194e-06
5.809603333333333e-07
9.863643666666666e-08
5.6593041666666664e-08
3.4207531661153334e-06
9.9785284291e-09
2.9147933333333333e-09
6.257505166666667e-07
2.4987723333333333e-07
2.0805866666666668e-10
6.956497233333334e-08
4.191970333333334e-09
0.0001214834
6.743003333333334e-05
4.62498e-05
1.01859e-05
2.389993333333333e-06
4.508003333333333e-06
4.2070611e-06
6.031466666666667e-10
1.0737208039999999e-06
4.7928333333333335e-12
4.094896826853333e-06
1.2808266666666667e-14
1.562650516096821e-06
0.0
1.4685926666666667e-06
9.975067256196666e-08
2.3036966666666667e-07
0.0
3.07175490144329e-07
3.331666666666667e-13
1.2180921666666668e-05
3.8962899066666665e-06
2.686300457483334e-06
1.1002865023658e-06
5.563359633333333e-07
5.869291686666666e-07
3.0007040866666666e-07
3.347789143333333e-07
1.2849892133333332e-07
1.2457926752499998e-07
1.5422835063333333e-07
0.00019656626666666666
0.0001644255
0.00013390043333333333
0.00010545126666666667
7.91831e-05
5.613836666666667e-05
3.756933333333333e-05
2.3899933333333335e-05
1.4486600000000001e-05
7.4513999999999995e-06
3.720666666666667e-06
1.5822466666666665e-06
5.892133333333333e-07
1.8749633333333334e-07
4.648566666666667e-08
1.09946e-08
1.7056366666666666e-09
2.3065133333333333e-10
2.1253233333333333e-11
1.35196e-12
2.0180033692156667e-06
2.5091033333333332e-15
8.806533333740416e-07
0.0
3.069976666666667e-07
0.0
1.1219166666666666e-07
0.0
2.7165033333333332e-08
0.0
3.3562e-08
8.059057633333332e-06
4.429291333333333e-09
2.0892169333333333e-09
3.620408247e-07
1.6906568900311002e-06
2.1015809172000002e-10
1.0132008893333333e-06
4.1441000000000003e-11
2.405118809e-07
3.288203391703333e-07
8.524447701333333e-08
1.28105e-12
1.968267338e-08
8.019909653333333e-10
9.125356666666666e-05
0.00010456646666666666
5.461896666666666e-05
2.6889833333333335e-05
1.3490256666666666e-05
7.077104666666667e-06
9.167509766666667e-06
1.9553123516666663e-06
9.7876036735e-07
4.7174333379962667e-07
2.1892966666666667e-07
1.0710183333333333e-07
6.449566666666667e-08
4.211833333333333e-08
4.142317191433334e-08
5.8191666666666667e-08
7.828753333333333e-10
2.3533986373000002e-06
1.4435625221638666e-06
2.3779233173333333e-11
3.7650666666666666e-12
4.4820415052333335e-07
1.7502298361e-07
1.9219693186433333e-07
7.292700000000001e-14
1.2244333495713333e-07
8.9299e-15
0.00016044176666666667
0.00013066683333333334
0.00010313776666666667
7.872483333333334e-05
5.6845133333333336e-05
3.83652e-05
2.4373699999999997e-05
1.4604466666666667e-05
8.308466666666667e-06
3.8719e-06
1.75296e-06
6.668066666666667e-07
2.1587166666666667e-07
5.9397000000000006e-08
1.22638e-08
2.4147333333333333e-09
2.924893333333333e-10
3.09249e-11
2.11365e-12
9.616e-14
9.6763333490615e-07
8.141633333333333e-17
3.763733333333333e-07
0.0
1.1301566666666667e-07
0.0
3.646533333333333e-08
0.0
7.2514e-09
0.0
7.790245785e-07
5.6064816115e-07
1.46802686163674e-07
5.958415833266666e-08
1.535455010866e-07
8.589834939456667e-09
5.679370454063333e-09
1.9895196140628334e-08
0.00014444583333333335
0.0001160631
9.013963333333334e-05
6.770596666666667e-05
4.7884666666666666e-05
3.14849e-05
1.9459966666666667e-05
1.1297033333333334e-05
6.2161000000000005e-06
2.7498466666666666e-06
1.1825166666666668e-06
4.244833333333333e-07
1.2771066666666666e-07
3.2585733333333335e-08
6.1166e-09
1.0948833333333333e-09
1.1654633333333334e-10
1.0844366666666667e-11
6.3447e-13
2.4254666666666667e-14
6.590566669738284e-07
0.0
2.4136633333333333e-07
0.0
6.703333333333333e-08
0.0
2.0278733333333332e-08
0.0
3.638e-09
0.0
6.352933333333333e-12
2.477263333333333e-12
7.889070855556667e-08
5.416668877712266e-07
6.8138e-14
1.975578204207e-07
5.9507999999999996e-15
5.133500168754e-08
7.616145889333334e-11
1.5029066792492e-08
3.33067e-17
2.5583654633333333e-09
0.0
2.57086e-05
8.746003333333332e-06
3.517926e-06
1.0622117533333334e-06
2.7885556733333336e-06
2.5795769510000004e-07
1.6875355097833334e-07
6.15905700055511e-07
3.6602666666666664e-08
1.2748266666666666e-08
1.3813435987666668e-07
5.268563333333333e-09
1.3491980633333334e-08
1.3237933333333335e-09
1.8689020403674e-08
6.986353518370667e-09
9.8129e-14
4.612203000564333e-08
3.630237882682666e-07
1.88368e-15
1.5550309047369669e-07
1.14723e-16
2.97689666962726e-08
4.661324907707667e-08
8.153666666666667e-09
0.0
1.2464645486666666e-09
2.2419466666666668e-11
6.827673333333334e-05
4.96061e-05
3.5719433333333336e-05
1.3460733333333334e-06
1.6544133333333332e-07
3.1513905000000003e-06
1.69872181e-06
1.2235233333333335e-12
3.46363385155e-07
3.372820673766767e-07
0.0
0.0
2.3034806666666666e-08
2.4587763748966668e-08
1.42394e-08
0.0
9.545846981266668e-09
0.0
2.6567900658733336e-08
8.4341000333067e-09
8.111944274433333e-08
2.5247766666666663e-09
2.447192469333333e-08
1.0561361333333333e-09
4.722280000000001e-09
1.89956e-10
6.915724291e-10
2.551552666666667e-09
0.00010404356666666665
8.020876666666666e-05
5.91709e-05
4.2254266666666666e-05
2.7930000000000002e-05
1.68756e-05
9.545066666666668e-06
5.006633333333333e-06
2.4774566666666663e-06
9.277466666666667e-07
3.3866333333333336e-07
1.0129733333333333e-07
2.4145766666666666e-08
4.860033333333333e-09
6.752233333333334e-10
8.950533333333332e-11
6.3263e-12
3.9372333333333335e-13
1.4099833333333333e-14
3.1456333333333335e-16
1.9490766666666667e-07
0.0
5.8969e-08
0.0
1.2781766666666666e-08
0.0
3.15961e-09
0.0
4.0874666666666667e-10
0.0
1.7284490516666663e-07
1.0213366666666666e-07
4.1528e-08
3.562345636666667e-08
1.2210019861666668e-08
6.0279e-09
3.901309533166667e-09
2.15629228e-09
3.7613333333333333e-06
2.1579833333333332e-06
6.390446666666667e-07
2.0712458666666668e-07
1.1905327233333333e-07
3.8025609929999993e-08
2.0985489801666666e-08
1.1391537048866667e-08
6.082300066613333e-09
1.6504566666666666e-09
3.677954e-08
4.1946999999999995e-10
7.346590285681666e-09
9.988900000000001e-11
1.6930373333333334e-09
2.2295033333333335e-11
2.0002093333333333e-10
9.202522333333333e-10
0.0
2.8226611333333333e-08
0.0
5.306933333333333e-09
1.5618866666666667e-12
1.1802266666666667e-09
0.0
1.2834403540999998e-10
0.0
8.274043333333334e-05
6.197436666666667e-05
4.4054433333333336e-05
3.0348300000000002e-05
1.9083900000000002e-05
1.08418e-05
5.750633333333333e-06
2.8047733333333333e-06
1.2870033333333333e-06
4.2768e-07
1.3890266666666667e-07
3.653566666666667e-08
7.377066666666666e-09
1.25645e-09
1.4105666666666666e-10
1.51219e-11
7.9878e-13
3.742933333333333e-14
9.4739e-16
0.0
8.189133333333333e-08
0.0
2.163086666666667e-08
0.0
3.9297666666666665e-09
0.0
8.431e-10
0.0
8.639533333333333e-11
0.0
9.929249333333333e-09
8.669100597007334e-09
2.7214118666666667e-09
1.06198715e-09
6.469684614366667e-10
3.2280832333333336e-10
2.5585166666666663e-05
8.618333333333334e-06
2.860623333333333e-07
2.1523866666666666e-08
6.230066666666667e-10
6.263733333333333e-11
7.183635050000001e-08
1.1057833333333333e-14
8.121998136666668e-13
0.0
5.570631070466667e-08
0.0
1.2861804193936667e-08
0.0
8.9661404922e-09
1.1191733333333333e-10
4.250366999733667e-10
0.0
7.754978399666667e-10
0.0
0.0
1.5605766666666665e-09
1.9282733333333336e-13
2.99963e-10
0.0
2.5605759158666667e-11
0.0
1.8944166666666667e-07
6.435976666666668e-08
1.3285342e-08
6.3121532e-09
2.7302207657333337e-07
8.890601164e-09
6.2544650857e-10
2.7749405551100004e-10
1.2048133333333333e-10
3.733428383333333e-08
2.12891e-11
7.554098566666667e-09
3.452266666666667e-12
1.1399777592233334e-09
8.428806666666666e-12
2.1103342033333332e-10
7.028066666666666e-14
1.6934272466666664e-11
1.0932649663333334e-10
8.277183071333333e-10
2.191412499541e-09
3.703953333333333e-10
1.1307333333333334e-10
6.76679333067e-11
2.792814066666667e-11
5.779026666666667e-05
4.13451e-05
2.766446666666667e-05
1.7987033333333332e-05
1.0417166666666667e-05
5.3544e-06
2.5602166666666668e-06
1.1118033333333333e-06
4.5263e-07
1.24215e-07
3.348366666666666e-08
7.189433333333334e-09
1.1137166666666667e-09
1.4570833333333333e-10
1.1661566666666666e-11
8.931e-13
2.965776666666667e-14
8.8818e-16
0.0
0.0
2.0550566666666665e-08
0.0
4.3736666666666666e-09
0.0
5.994833333333334e-10
0.0
1.0291633333333334e-10
0.0
7.2687333333333335e-12
0.0
1.7453482000000002e-11
5.590379574000001e-10
2.19084e-15
1.4112744287e-10
3.5705203541e-11
1.4997133333333333e-05
1.9291666666666667e-06
8.064333333333333e-08
4.0766333333333335e-09
9.060941999999999e-08
1.8247789666666666e-08
2.44249e-16
1.0937466666666666e-09
1.4659e-08
1.2972044992331999e-08
0.0
0.0
3.2126809333333334e-10
3.7509e-10
5.095968000000001e-11
0.0
5.2678934833333335e-11
0.0
3.4055999999999995e-11
1.5970099999999997e-11
9.346973333333335e-12
3.3532252000000003e-12
2.28247e-09
4.033101e-10
1.4562622666666668e-10
8.483411298800001e-08
1.33928337545e-09
7.0164592120000005e-12
2.425776666666667e-12
8.156966666666667e-13
8.464296504000001e-09
8.4884e-14
1.4156796049e-09
7.9122e-15
1.5901268330593335e-10
5.252724333333334e-13
2.3368051704e-11
4.8109666666666666e-17
1.2684700000000001e-12
1.1234366666666667e-11
0.0
8.101600000000001e-13
0.0
1.0305733333333332e-05
2.5115e-06
3.2998133333333334e-08
1.2619e-09
1.4553866666666667e-11
6.131276813333333e-09
0.0
0.0
0.0
4.817346333333333e-09
0.0
7.906186006666667e-10
0.0
4.490973333333333e-10
1.878016666666667e-12
1.0870833333333333e-11
0.0
5.149933333333333e-13
0.0
3.258096666666667e-13
1.2911537666666666e-13
3.47851e-05
2.3259266666666666e-05
1.4215866666666667e-05
8.492733333333333e-06
4.347533333333334e-06
1.92882e-06
7.929799999999999e-07
2.9140766666666664e-07
1.00024e-07
2.0798766666666666e-08
4.285e-09
6.889266666666666e-10
7.274333333333333e-11
6.533500000000001e-12
3.215946666666667e-13
1.5210066666666666e-14
2.5905199999999997e-16
0.0
0.0
0.0
2.7962366666666666e-09
0.0
4.3607999999999996e-10
0.0
3.9778666666666663e-11
0.0
4.977166666666666e-12
0.0
2.0515433333333332e-13
0.0
0.0
2.5708785366666667e-09
2.5917879365333332e-08
1.5180433333333332e-14
1.8244703969999999e-09
1.333231411e-11
4.4409000000000005e-17
3.3351236333333333e-10
0.0
1.9465633333333335e-11
2.912486666666667e-14
5.939756666666667e-12
0.0
7.337230999999999e-13
0.0
5.662169999999999e-06
8.537345666666666e-07
2.9785520333333336e-07
3.109564835684e-08
9.091847333333333e-09
2.5365077366666667e-09
1.2904150882333333e-09
6.522582333333334e-10
5.1297307738e-10
1.5889532333333332e-10
9.011373666666666e-11
2.0519887866666667e-13
1.570551e-12
2.6064333333333334e-14
5.876773333333334e-14
3.0753163333333336e-15
2.663643333333333e-05
1.7163566666666666e-05
9.982533333333333e-06
5.698266666666667e-06
2.7271933333333335e-06
1.1178566666666667e-06
4.2399e-07
1.4262766666666666e-07
4.475e-08
8.023533333333334e-09
1.4326866666666666e-09
1.97748e-10
1.7018366666666667e-11
1.2533799999999999e-12
4.7665666666666665e-14
1.74675e-15
0.0
0.0
0.0
0.0
9.672733333333334e-10
0.0
1.2787499999999998e-10
0.0
9.388e-12
0.0
9.947300000000001e-13
0.0
3.075686666666666e-14
0.0
2.922846666666667e-14
1.1163024099833333e-09
2.88658e-16
5.5511e-17
1.1341e-11
0.0
9.345132233333334e-11
0.0
7.498643333333334e-12
6.4245e-15
6.585399999999999e-13
0.0
1.89182e-14
0.0
2.3229e-05
1.4681133333333334e-05
8.320566666666666e-06
4.6391e-06
2.14395e-06
8.435533333333333e-07
3.06945e-07
9.8672e-08
2.9566666666666667e-08
4.910966666666667e-09
8.146133333333333e-10
1.0397466666666666e-10
8.052466666666666e-12
5.3565e-13
1.783756666666667e-14
5.736166666666666e-16
0.0
0.0
0.0
0.0
5.598966666666666e-10
0.0
6.798466666666667e-11
0.0
4.4625e-12
0.0
4.3425333333333333e-13
0.0
1.1575933333333335e-14
0.0
2.605123333333333e-07
3.581116666666667e-08
7.001375e-09
3.1049987333333334e-09
5.742141728e-10
3.7740000000000004e-11
1.44699e-11
5.269693333333333e-11
4.2626072474966667e-10
7.0007e-13
8.188999999999999e-14
3.0869710333333332e-12
1.711631e-13
2.8793997666666667e-13
8.289666666666666e-16
7.301583e-15
7.4015e-17
1.63445e-09
7.9708e-11
1.5692033333333334e-11
8.8589677e-12
2.1368106666666665e-14
1.8659899999999999e-13
0.0
4.2743666666666666e-15
0.0
5.469199999999999e-07
1.86723e-07
5.599166666666667e-08
1.5637633333333332e-08
2.309106666666667e-09
1.7564769333333334e-07
3.872533333333333e-11
2.55001e-12
1.1065778468999999e-08
3.9413e-15
1.0362066666666667e-16
3.38e-10
0.0
0.0
2.5424666666666665e-12
2.417246666666667e-10
0.0
2.5767787866666665e-11
0.0
1.4233133333333334e-12
0.0
1.21599e-13
0.0
2.5794166666666665e-15
0.0
1.7541599999999998e-05
1.0647500000000001e-05
5.718e-06
3.03692e-06
1.3052866666666667e-06
4.7197666666666665e-07
1.57689e-07
4.618366666666666e-08
1.25949e-08
1.78688e-09
2.54687e-10
2.7689433333333333e-11
1.7254766666666666e-12
9.3155e-14
2.361073333333333e-15
5.5511e-17
0.0
0.0
0.0
0.0
1.8173166666666667e-10
0.0
1.8524633333333334e-11
0.0
9.654633333333332e-13
0.0
7.8933e-14
0.0
1.5469100000000001e-15
0.0
3.5725333333333336e-12
3.265956e-11
1.5743200000000001e-12
3.9198333333333336e-14
1.3944589933333334e-11
3.4638999999999997e-15
2.73855e-16
6.014458166666667e-14
0.0
9.251866666666666e-16
0.0
1.5188566666666667e-05
9.027066666666667e-06
4.7140333333333335e-06
2.4418766666666667e-06
1.01086e-06
3.4995e-07
1.1190500000000001e-07
3.1246866666666663e-08
8.120800000000001e-09
1.0622866666666666e-09
1.4004933333333333e-10
1.4025133333333334e-11
7.814466666666666e-13
3.791033333333333e-14
8.363666666666667e-16
0.0
0.0
0.0
0.0
0.0
1.0191e-10
0.0
9.494866666666667e-12
0.0
4.394566666666667e-13
0.0
3.287e-14
0.0
5.5141e-16
0.0
1.1794006666666666e-06
7.730809333333334e-08
1.9598535366666666e-08
4.571926065966666e-09
1.061507e-09
1.8830499999999998e-10
3.385500253333334e-11
5.381666666666667e-12
7.9409e-13
2.9489e-13
1.74675e-15
2.1079433333333335e-14
0.0
3.256653333333333e-16
0.0
0.0
0.0
0.0
1.5845198933333333e-12
0.0
0.0
0.0
0.0
5.181033333333333e-17
0.0
0.0
0.0
0.0
2.11833e-09
2.3864373333333333e-10
8.4332759e-11
9.916845834333333e-12
3.1629133333333335e-13
9.427266666666668e-14
7.630933333333334e-15
2.0724166666666667e-15
1.4062833333333334e-16
3.33067e-17
0.0
0.0
0.0
0.0
1.1302633333333333e-05
6.429466666666667e-06
3.168393333333333e-06
1.55901e-06
5.972233333333333e-07
1.89033e-07
5.5249333333333337e-08
1.3990233333333334e-08
3.2950966666666666e-09
3.6470666666666663e-10
4.0961e-11
3.4669333333333333e-12
1.5344033333333332e-13
5.9804e-15
9.992e-17
0.0
0.0
0.0
0.0
0.0
0.0
0.0
0.0
0.0
0.0
0.0
0.0
0.0
0.0
0.0
0.0
1.0768433333333334e-13
0.0
1.9243866666666666e-16
0.0
5.4993e-15
0.0
0.0
0.0
0.0
0.0
1.2378733333333333e-06
5.044923333333333e-07
2.3729896e-08
5.100792056666667e-09
9.980289833333333e-10
1.9574726666666666e-10
2.8224333333333334e-11
4.083933333333333e-12
5.350266666666667e-13
6.349733333333333e-14
1.3322666666666665e-16
0.0
0.0
0.0
0.0
1.5949233333333332e-10
1.6991533333333334e-11
4.746402333333333e-12
3.7109666666666666e-13
8.454100353333332e-10
6.198733333333333e-15
1.4691966666666666e-15
4.74841e-14
7.4015e-17
0.0
2.4206547333333332e-14
0.0
0.0
0.0
0.0
0.0
0.0
0.0
8.718966666666666e-15
0.0
7.549516666666666e-16
0.0
3.700733333333333e-17
0.0
0.0
0.0
0.0
0.0
8.470866666666667e-08
2.2033399999999998e-08
4.9163333333333334e-09
1.0198533333333334e-09
9.0794e-11
2.3154445366666666e-08
5.6374e-13
1.84852e-14
7.047405440099999e-10
0.0
0.0
8.992966666666666e-12
0.0
0.0
2.03541e-14
0.0
0.0
0.0
0.0
0.0
0.0
0.0
0.0
0.0
0.0
7.706333333333334e-07
1.1153526666666668e-07
6.825799999999999e-11
3.884166666666667e-13
1.225200329366e-09
0.0
0.0
0.0
5.706033333333333e-12
2.812563333333333e-16
0.0
0.0
0.0
0.0
0.0
0.0
0.0
0.0
1.4806666666666666e-14
1.19904e-15
0.0
0.0
0.0
0.0
1.3680599999999998e-06
6.042133333333334e-07
5.142466666666666e-08
1.1176573333333333e-07
3.8303e-11
1.8269466666666669e-13
1.2212466666666667e-16
1.3415033333333332e-10
0.0
0.0
2.53049e-12
0.0
0.0
0.0
0.0
0.0
0.0
0.0
0.0
0.0
0.0
4.341666666666667e-08
1.02534e-08
2.0606033333333334e-09
3.8496333333333333e-10
2.8589900000000002e-11
1.1226258956666668e-08
1.2472233333333334e-13
3.1826400000000004e-15
2.63356074015e-10
0.0
0.0
2.4630633333333334e-12
0.0
0.0
3.634133333333333e-15
0.0
0.0
0.0
0.0
0.0
0.0
0.0
0.0
0.0
0.0
0.0
0.0
0.0
0.0
0.0
0.0
0.0
0.0
0.0
5.759833333333333e-14
1.3133926666666666e-14
4.292866666666667e-16
1.1791967371566667e-10
0.0
0.0
1.5025033333333334e-15
0.0
0.0
7.179433333333333e-16
0.0
0.0
0.0
0.0
0.0
0.0
0.0
2.5902266666666666e-08
1.6318133333333333e-08
6.06097e-10
2.1235761666666665e-10
7.272496133333334e-11
7.7167e-12
2.3851233333333335e-12
7.118166666666667e-13
5.709133333333333e-14
1.5346966666666666e-14
3.9820000000000004e-15
9.992000000000001e-16
2.405483333333333e-16
5.9212e-17
0.0
0.0
0.0
0.0
0.0
0.0
0.0
0.0
0.0
0.0
0.0
0.0
0.0
0.0
3.703466666666667e-06
1.7764533333333334e-06
7.0025e-07
2.83963e-07
8.087566666666666e-08
1.8224233333333332e-08
3.7988666666666664e-09
6.670366666666666e-10
1.08908e-10
6.391266666666667e-12
3.9150999999999996e-13
1.7663633333333336e-14
3.256653333333333e-16
0.0
0.0
0.0
0.0
0.0
0.0
0.0
0.0
0.0
0.0
0.0
0.0
0.0
0.0
0.0
0.0
0.0
2.0724166666666665e-16
0.0
0.0
0.0
0.0
0.0
0.0
0.0
0.0
0.0
0.0
0.0
0.0
0.0
0.0
0.0
0.0
0.0
0.0
6.054863e-08
7.869522666666667e-11
6.938669866666666e-12
6.572702766666668e-11
1.5918766666666668e-13
2.024306666666667e-15
4.5149e-16
9.621933333333333e-17
1.0362066666666667e-16
0.0
0.0
0.0
0.0
0.0
0.0
0.0
0.0
0.0
2.62849e-06
1.1953666666666666e-06
4.3963333333333335e-07
1.6808499999999999e-07
4.368066666666666e-08
8.866433333333333e-09
1.6671566666666666e-09
2.6188233333333337e-10
3.8271e-11
1.8471333333333333e-12
9.3936e-14
3.5009e-15
4.4409000000000005e-17
0.0
0.0
0.0
0.0
0.0
0.0
0.0
0.0
0.0
0.0
0.0
0.0
0.0
0.0
0.0
0.0
0.0
0.0
0.0
0.0
0.0
0.0
1.2851e-07
1.1427955333333333e-08
9.789833333333334e-13
1.5284066666666668e-15
4.1989999999999995e-11
0.0
0.0
0.0
0.0
0.0
0.0
0.0
0.0
0.0
0.0
0.0
0.0
5.087566666666667e-09
8.8376e-10
1.274496666666667e-10
1.7108766666666665e-11
7.101833333333332e-13
1.1071379601666665e-09
1.0066033333333334e-15
0.0
1.1280766666666665e-11
0.0
0.0
3.9154e-14
0.0
0.0
0.0
0.0
0.0
0.0
0.0
0.0
0.0
0.0
0.0
0.0
0.0
0.0
0.0
0.0
0.0
0.0
0.0
0.0
0.0
2.5165066666666665e-16
0.0
0.0
0.0
0.0
0.0
0.0
0.0
0.0
0.0
1.53978e-06
6.441266666666667e-07
2.1255466666666667e-07
7.4185e-08
1.6707633333333334e-08
2.8817733333333334e-09
4.6172333333333333e-10
6.102866666666667e-11
7.514033333333334e-12
2.6730466666666667e-13
1.0169633333333334e-14
2.812563333333333e-16
0.0
0.0
0.0
0.0
0.0
0.0
0.0
0.0
0.0
0.0
0.0
0.0
0.0
0.0
0.0
0.0
0.0
0.0
0.0
0.0
0.0
0.0
1.2813166666666666e-06
5.208066666666666e-07
1.6556566666666665e-07
5.601366666666667e-08
1.2009233333333334e-08
1.9587633333333333e-09
2.97108e-10
3.701933333333333e-11
4.2991e-12
1.3771200000000002e-13
4.744366666666667e-15
1.1842366666666668e-16
0.0
0.0
0.0
0.0
0.0
0.0
0.0
0.0
0.0
0.0
0.0
0.0
0.0
0.0
0.0
0.0
0.0
0.0
0.0
0.0
0.0
0.0
0.0
0.0
0.0
0.0
0.0
0.0
0.0
0.0
0.0
1.0859500000000002e-09
1.5152233333333332e-10
1.7255633333333333e-11
1.8333633333333334e-12
5.003033333333333e-14
2.0966314696333332e-10
3.33067e-17
0.0
1.1727733333333333e-12
0.0
0.0
2.0058033333333335e-15
0.0
0.0
0.0
0.0
0.0
0.0
0.0
0.0
0.0
0.0
0.0
0.0
0.0
3.15388e-08
8.895666666666667e-10
2.6074243333333333e-09
3.553466666666667e-14
0.0
2.4235429e-13
0.0
0.0
0.0
0.0
0.0
0.0
0.0
0.0
0.0
0.0
0.0
0.0
0.0
0.0
0.0
1.7796866666666666e-14
9.125924e-13
4.847966666666666e-16
0.0
0.0
4.292866666666667e-16
0.0
0.0
0.0
0.0
0.0
0.0
0.0
0.0
0.0
0.0
0.0
0.0
0.0
4.848133333333333e-10
6.0368e-11
6.0822e-12
5.7261e-13
1.2549233333333333e-14
8.804429976033334e-11
0.0
0.0
3.6015000000000004e-13
0.0
0.0
4.2558666666666665e-16
0.0
0.0
0.0
0.0
0.0
0.0
0.0
0.0
0.0
0.0
0.0
0.0
0.0
0.0
0.0
0.0
0.0
0.0
0.0
0.0
0.0
0.0
0.0
0.0
0.0
0.0
0.0
4.905566666666666e-07
1.71525e-07
4.486033333333333e-08
1.2918333333333333e-08
2.14107e-09
2.6086233333333335e-10
2.976843333333333e-11
2.7306833333333335e-12
2.34383e-13
4.3409666666666665e-15
8.881800000000001e-17
0.0
0.0
0.0
0.0
0.0
0.0
0.0
0.0
0.0
0.0
0.0
0.0
0.0
0.0
0.0
0.0
0.0
0.0
0.0
4.4020333333333335e-14
3.256653333333333e-16
0.0
0.0
0.0
0.0
0.0
0.0
0.0
0.0
0.0
0.0
4.015133333333333e-07
1.3604966666666666e-07
3.416166666666667e-08
9.515166666666666e-09
1.4945166666666666e-09
1.7135066666666667e-10
1.8432666666666666e-11
1.58689e-12
1.2796433333333333e-13
2.1131233333333334e-15
3.700733333333333e-17
0.0
0.0
0.0
0.0
0.0
0.0
0.0
0.0
0.0
0.0
0.0
0.0
0.0
0.0
0.0
0.0
0.0
0.0
0.0
0.0
0.0
0.0
0.0
0.0
0.0
0.0
0.0
0.0
0.0
0.0
6.979833333333333e-09
9.156566666666667e-13
1.0177033333333333e-15
0.0
2.9605933333333334e-17
0.0
0.0
0.0
0.0
0.0
0.0
0.0
0.0
0.0
0.0
0.0
0.0
0.0
0.0
7.806443876666665e-12
5.357466666666666e-13
0.0
0.0
0.0
0.0
0.0
0.0
0.0
0.0
0.0
0.0
0.0
0.0
0.0
0.0
0.0
0.0
0.0
0.0
0.0
0.0
0.0
0.0
0.0
0.0
0.0
0.0
0.0
0.0
0.0
0.0
0.0
0.0
0.0
0.0
0.0
2.1655266666666668e-07
6.660766666666667e-08
1.47503e-08
3.7098999999999998e-09
4.937033333333334e-10
4.6940333333333333e-11
4.211933333333333e-12
2.984426666666667e-13
1.9876699999999997e-14
2.29446e-16
0.0
0.0
0.0
0.0
0.0
0.0
0.0
0.0
0.0
0.0
0.0
0.0
0.0
0.0
0.0
0.0
0.0
0.0
0.0
0.0
3.7642333333333335e-11
3.2750066666666666e-12
2.24502e-13
1.44736e-14
1.59132e-16
0.0
0.0
0.0
0.0
0.0
0.0
0.0
0.0
0.0
0.0
0.0
0.0
0.0
0.0
0.0
0.0
0.0
0.0
0.0
0.0
5.2165e-08
2.6881966666666666e-09
3.01433e-11
1.6858e-13
1.0732166666666667e-16
0.0
0.0
0.0
0.0
0.0
0.0
0.0
0.0
0.0
0.0
0.0
0.0
0.0
0.0
0.0
0.0
0.0
0.0
0.0
0.0
0.0
0.0
0.0
0.0
0.0
0.0
1.9399366666666665e-09
7.121818733333333e-11
8.098184769999999e-13
4.0971000000000004e-14
0.0
0.0
0.0
0.0
0.0
0.0
0.0
0.0
0.0
0.0
7.0625e-14
1.8910800333333333e-15
3.700733333333333e-17
0.0
0.0
0.0
0.0
0.0
0.0
0.0
0.0
0.0
0.0
0.0
0.0
0.0
0.0
1.1394333333333333e-07
3.169363333333333e-08
6.158533333333333e-09
1.39427e-09
1.56144e-10
1.2221666666666667e-11
9.0895e-13
5.266166666666666e-14
2.87918e-15
0.0
0.0
0.0
0.0
0.0
0.0
0.0
0.0
0.0
0.0
0.0
0.0
0.0
0.0
0.0
0.0
0.0
0.0
0.0
0.0
0.0
0.0
0.0
0.0
0.0
0.0
0.0
0.0
0.0
0.0
0.0
0.0
0.0
0.0
0.0
0.0
0.0
0.0
0.0
0.0
0.0
0.0
6.118833333333333e-12
4.1331666666666666e-13
2.1597533333333333e-14
1.0695133333333334e-15
0.0
0.0
0.0
0.0
0.0
0.0
0.0
0.0
0.0
0.0
0.0
0.0
0.0
0.0
0.0
0.0
0.0
0.0
0.0
0.0
0.0
7.325333333333333e-08
1.90148e-08
3.376933333333333e-09
7.115e-10
7.075666666666666e-11
4.845e-12
3.16828e-13
1.59946e-14
7.660533333333333e-16
0.0
0.0
0.0
0.0
0.0
0.0
0.0
0.0
0.0
0.0
0.0
0.0
0.0
0.0
0.0
0.0
0.0
0.0
0.0
0.0
0.0
0.0
0.0
0.0
0.0
0.0
5.051833333333333e-10
3.02492e-12
1.8529266666666665e-13
5.247643333333333e-15
0.0
0.0
0.0
0.0
0.0
0.0
0.0
0.0
0.0
0.0
0.0
0.0
0.0
0.0
0.0
0.0
0.0
0.0
0.0
0.0
0.0
0.0
0.0
0.0
0.0
0.0
0.0
0.0
0.0
0.0
0.0
0.0
0.0
3.5724666666666664e-10
4.7221333333333336e-15
0.0
0.0
0.0
0.0
0.0
0.0
0.0
0.0
0.0
0.0
0.0
0.0
0.0
0.0
0.0
0.0
0.0
0.0
0.0
0.0
0.0
0.0
3.699633333333334e-08
8.630733333333333e-09
1.3336266666666666e-09
2.5161133333333335e-10
2.0820333333333334e-11
1.1594433333333334e-12
6.218733333333333e-14
2.5387099999999998e-15
9.992e-17
0.0
0.0
0.0
0.0
0.0
0.0
0.0
0.0
0.0
0.0
0.0
0.0
0.0
0.0
0.0
0.0
0.0
0.0
0.0
0.0
0.0
0.0
0.0
0.0
0.0
0.0
0.0
0.0
0.0
0.0
0.0
0.0
0.0
0.0
0.0
0.0
0.0
0.0
0.0
0.0
0.0
0.0
0.0
0.0
0.0
0.0
0.0
0.0
0.0
0.0
0.0
0.0
0.0
0.0
0.0
5.018366666666667e-09
1.2331233333333332e-10
4.3457000000000004e-13
7.179433333333333e-16
0.0
0.0
0.0
0.0
0.0
0.0
0.0
0.0
0.0
0.0
0.0
0.0
0.0
0.0
0.0
0.0
0.0
0.0
0.0
3.3884333333333334e-13
1.5328466666666668e-14
5.218033333333332e-16
0.0
0.0
0.0
0.0
0.0
0.0
0.0
0.0
0.0
0.0
0.0
0.0
0.0
0.0
0.0
0.0
0.0
0.0
0.0
0.0
0.0
0.0
1.8233733333333333e-08
3.8087999999999995e-09
5.094800000000001e-10
8.580733333333333e-11
5.8681e-12
2.6382966666666667e-13
1.15315e-14
3.7747666666666665e-16
0.0
0.0
0.0
0.0
0.0
0.0
0.0
0.0
0.0
0.0
0.0
0.0
0.0
0.0
0.0
0.0
0.0
0.0
0.0
0.0
0.0
0.0
0.0
0.0
0.0
0.0
0.0
1.4325133333333333e-08
2.8818033333333334e-09
3.6697e-10
5.947e-11
3.810833333333333e-12
1.5928e-13
6.4948e-15
1.9984e-16
0.0
0.0
0.0
0.0
0.0
0.0
0.0
0.0
0.0
0.0
0.0
0.0
0.0
0.0
0.0
0.0
0.0
0.0
0.0
0.0
0.0
0.0
0.0
0.0
0.0
0.0
0.0
0.0
0.0
0.0
0.0
0.0
0.0
0.0
0.0
0.0
0.0
2.17366e-09
4.105166666666666e-11
9.5631e-14
1.0362066666666667e-16
0.0
0.0
0.0
0.0
0.0
0.0
0.0
0.0
0.0
0.0
0.0
0.0
0.0
0.0
0.0
0.0
0.0
0.0
0.0
0.0
0.0
0.0
0.0
0.0
0.0
0.0
0.0
0.0
0.0
0.0
0.0
0.0
0.0
0.0
0.0
0.0
0.0
0.0
0.0
0.0
0.0
0.0
0.0
0.0
0.0
0.0
0.0
0.0
0.0
0.0
0.0
0.0
1.93277e-11
3.3898666666666666e-14
0.0
0.0
0.0
0.0
0.0
0.0
0.0
0.0
0.0
0.0
0.0
0.0
0.0
0.0
0.0
0.0
0.0
0.0
0.0
0.0
0.0
0.0
0.0
0.0
0.0
0.0
0.0
0.0
0.0
0.0
0.0
0.0
0.0
0.0
0.0
0.0
0.0
0.0
0.0
0.0
0.0
0.0
0.0
0.0
0.0
0.0
4.117933333333333e-09
6.821033333333333e-10
6.734233333333333e-11
8.955533333333332e-12
4.0986e-13
1.1753566666666665e-14
3.33067e-16
0.0
0.0
0.0
0.0
0.0
0.0
0.0
0.0
0.0
0.0
0.0
0.0
0.0
0.0
0.0
0.0
0.0
0.0
0.0
0.0
0.0
0.0
0.0
0.0
0.0
3.183456666666667e-09
5.065966666666667e-10
4.745266666666666e-11
6.0597e-12
2.586893333333333e-13
6.861166666666667e-15
1.8133633333333333e-16
0.0
0.0
0.0
0.0
0.0
0.0
0.0
0.0
0.0
0.0
0.0
0.0
0.0
0.0
0.0
0.0
0.0
0.0
0.0
0.0
0.0
0.0
0.0
5.232866666666667e-15
1.3322666666666665e-16
0.0
0.0
0.0
0.0
0.0
0.0
0.0
0.0
0.0
0.0
0.0
0.0
0.0
0.0
0.0
0.0
0.0
0.0
0.0
0.0
0.0
0.0
0.0
0.0
0.0
0.0
0.0
0.0
0.0
0.0
0.0
0.0
0.0
1.88738e-09
2.7686866666666667e-10
2.3305433333333335e-11
2.741476666666667e-12
1.0159666666666666e-13
2.3018633333333334e-15
5.181033333333333e-17
0.0
0.0
0.0
0.0
0.0
0.0
0.0
0.0
0.0
0.0
0.0
0.0
0.0
0.0
0.0
0.0
0.0
0.0
0.0
0.0
0.0
0.0
0.0
0.0
0.0
0.0
0.0
0.0
0.0
0.0
0.0
0.0
0.0
0.0
1.4474466666666667e-09
2.0374066666666668e-10
1.6243733333333334e-11
1.833006666666667e-12
6.321966666666667e-14
1.3211666666666666e-15
2.9605933333333334e-17
0.0
0.0
0.0
0.0
0.0
0.0
0.0
0.0
0.0
0.0
0.0
0.0
0.0
0.0
0.0
0.0
0.0
0.0
0.0
0.0
0.0
0.0
0.0
0.0
0.0
0.0
0.0
0.0
0.0
0.0
0.0
0.0
1.4946833333333333e-10
1.2207333333333334e-12
7.5495e-16
0.0
0.0
0.0
0.0
0.0
0.0
0.0
0.0
0.0
0.0
0.0
0.0
0.0
0.0
0.0
0.0
0.0
0.0
0.0
0.0
5.662133333333333e-16
0.0
0.0
0.0
0.0
0.0
0.0
0.0
0.0
0.0
0.0
0.0
0.0
0.0
0.0
0.0
0.0
0.0
0.0
0.0
0.0
0.0
0.0
0.0
0.0
0.0
0.0
0.0
0.0
0.0
0.0
0.0
0.0
0.0
0.0
0.0
0.0
0.0
0.0
0.0
0.0
0.0
0.0
0.0
0.0
0.0
0.0
0.0
0.0
0.0
0.0
0.0
0.0
0.0
0.0
0.0
0.0
0.0
0.0
0.0
0.0
0.0
0.0
1.8133633333333333e-16
0.0
0.0
0.0
0.0
0.0
0.0
0.0
0.0
0.0
0.0
0.0
0.0
0.0
0.0
0.0
0.0
0.0
0.0
0.0
0.0
0.0
0.0
0.0
0.0
3.5211e-13
0.0
0.0
0.0
0.0
0.0
0.0
0.0
0.0
0.0
0.0
0.0
0.0
0.0
0.0
0.0
0.0
0.0
0.0
0.0
0.0
0.0
0.0
0.0
0.0
0.0
0.0
0.0
2.3081533333333334e-13
7.4015e-17
0.0
0.0
0.0
0.0
0.0
0.0
0.0
0.0
0.0
0.0
0.0
0.0
0.0
0.0
0.0
0.0
0.0
0.0
0.0
0.0
0.0
0.0
0.0
2.7850733333333335e-10
3.0337433333333334e-11
1.7258133333333333e-12
1.507126666666667e-13
3.3232666666666665e-15
4.4409000000000005e-17
0.0
0.0
0.0
0.0
0.0
0.0
0.0
0.0
0.0
0.0
0.0
0.0
0.0
0.0
0.0
0.0
0.0
0.0
0.0
0.0
0.0
0.0
0.0
0.0
2.9605933333333334e-17
0.0
0.0
0.0
0.0
0.0
0.0
0.0
0.0
0.0
0.0
0.0
0.0
0.0
0.0
0.0
0.0
0.0
0.0
0.0
0.0
2.1851933333333335e-11
9.8018e-14
0.0
0.0
0.0
0.0
0.0
0.0
0.0
0.0
0.0
0.0
0.0
0.0
0.0
0.0
0.0
0.0
0.0
0.0
0.0
0.0
0.0
0.0
0.0
0.0
0.0
0.0
0.0
0.0
0.0
0.0
0.0
0.0
0.0
0.0
0.0
0.0
0.0
0.0
0.0
0.0
0.0
0.0
0.0
0.0
0.0
0.0
0.0
0.0
0.0
0.0
0.0
0.0
0.0
0.0
0.0
0.0
0.0
0.0
0.0
0.0
0.0
0.0
0.0
0.0
0.0
0.0
0.0
0.0
0.0
0.0
0.0
0.0
0.0
0.0
0.0
0.0
0.0
0.0
0.0
0.0
0.0
0.0
0.0
0.0
0.0
0.0
0.0
0.0
0.0
0.0
0.0
0.0
0.0
0.0
0.0
0.0
0.0
0.0
0.0
0.0
0.0
0.0
8.018633333333333e-12
2.63345e-14
0.0
0.0
0.0
0.0
0.0
0.0
0.0
0.0
0.0
0.0
0.0
0.0
0.0
0.0
0.0
0.0
0.0
0.0
0.0
0.0
0.0
0.0
0.0
0.0
0.0
0.0
0.0
1.68606e-14
0.0
0.0
0.0
0.0
0.0
0.0
0.0
0.0
0.0
0.0
0.0
0.0
0.0
0.0
0.0
0.0
0.0
0.0
