0.0
4.2114e-06
8.495766666666667e-06
1.2501833333333333e-05
1.6584999999999998e-05
2.117413333333333e-05
2.5828633333333332e-05
3.0300166666666665e-05
3.486983333333333e-05
3.938593333333333e-05
4.41675e-05
4.896903333333333e-05
5.3982166666666666e-05
5.896583333333333e-05
6.426006666666666e-05
6.957023333333333e-05
7.507283333333333e-05
8.050906666666666e-05
8.594663333333333e-05
9.16497e-05
9.743583333333333e-05
0.00011567096666666667
0.00012159073333333334
0.00014043963333333333
0.0001466419
0.00016507546666666667
0.00017155366666666666
0.00019047163333333331
0.00019698136666666664
0.00021746089999999998
0.0002243852333333333
0.00023826376666666663
0.00025172566666666665
0.0002654702
0.00027911906666666663
0.0002934649333333333
0.00032889313333333333
0.0003438906
0.0003588592
0.00039503213333333333
0.00041089146666666666
0.0004272692
0.00046624296666666665
0.0004825594
0.0004995791666666667
0.0005393249666666667
0.0005856027333333334
0.0006033114333333333
0.0006739977666666666
0.0006925119
0.0007399162
0.0007833044333333334
0.000831983
0.0008515009666666667
0.0009284462
0.0009491129333333334
0.0009704544000000001
0.0009912295666666667
0.0010142750666666666
0.0010372054333333332
0.0010611062666666666
0.0010860534333333332
0.0011122298333333333
0.0011385860999999998
0.001204052
0.0012632079
0.0012903923333333334
0.0013186645000000002
0.001347368366666667
0.0014959559333333336
0.0015254099000000002
0.001602116566666667
0.0016328738000000002
0.0017457679333333336
0.0018190977000000002
0.001897513066666667
0.001930014366666667
0.002051057233333334
0.0021405086000000004
0.002210363866666667
0.002241839766666667
0.0022738638000000004
0.0023073006333333337
0.0023421639000000003
0.0023770848
0.0024138933333333334
0.0025472529333333336
0.0025852815
0.002624752466666667
0.0027142651
0.0028611589666666668
0.0029023137333333334
0.0031164530333333334
0.0031593939333333333
0.003264622433333333
0.003481392533333333
0.003589423733333333
0.0036348692666666664
0.0038038685666666665
0.003911319333333333
0.003948264766666667
0.0039858742
0.004027124166666667
0.004067590900000001
0.0041105360666666675
0.004204134133333334
0.0042488745
0.004295691700000001
0.004342904066666667
0.004450726633333333
0.004499563966666667
0.004550176533333334
0.004601575033333334
0.004799373500000001
0.004852176366666667
0.005107502966666668
0.005162562466666668
0.005383289133333334
0.005517680500000001
0.005655125100000001
0.005713460966666668
0.006087161633333334
0.0062182701333333345
0.006268672466666668
0.006321089866666668
0.006375661333333335
0.006502639700000002
0.0065602008666666685
0.0067638139333333356
0.006823413733333335
0.0068851035666666685
0.007023854200000002
0.0070882424000000025
0.007397492433333336
0.007464596433333336
0.007797391433333336
0.008035069933333337
0.00820165106666667
0.00827280856666667
0.008612378966666669
0.00887675876666667
0.008930241333333337
0.00898467046666667
0.00904303626666667
0.009174302033333337
0.00923614736666667
0.009300496400000002
0.00943376066666667
0.009589160766666669
0.009657008100000001
0.009727313333333334
0.009800007500000001
0.009978168666666667
0.010328845500000001
0.010404745500000001
0.010483809466666667
0.010769851266666667
0.011062761766666667
0.011258132333333334
0.011342027966666668
0.011868336666666668
0.011956504900000001
0.012023761766666669
0.012094982500000002
0.012169047666666669
0.012243476066666668
0.012321538766666668
0.012402481766666668
0.012486098233333335
0.012783383566666667
0.013087617966666668
0.013174945133333334
0.013265873333333334
0.013587375433333333
0.0142553346
0.014479080200000001
0.014575615933333334
0.0149228398
0.0151462084
0.015217358866666666
0.015294907133333332
0.015375442766666665
0.015459154666666666
0.01564182763333333
0.015730026399999996
0.015924845999999996
0.016016348766666664
0.01611079593333333
0.01631958583333333
0.01641824443333333
0.016783311799999995
0.01688599713333333
0.01735935623333333
0.0175961568
0.017847798733333333
0.017956861966666668
0.01847974176666667
0.0187594331
0.0188452781
0.019032899800000003
0.019122681833333335
0.01943491526666667
0.0195281965
0.019843502933333333
0.020075343566666667
0.020296275133333333
0.0203982494
0.020651873666666664
0.02100466753333333
0.021403546366666665
0.021513429466666664
0.022324954299999998
0.022439278099999998
0.022998435699999997
0.023406428766666664
0.02386223363333333
0.023983697599999996
0.02487216386666666
0.025140156099999995
0.025226374099999994
0.02531407976666666
0.025408641499999995
0.025604533266666663
0.025703485366666664
0.02580625063333333
0.02591331443333333
0.02615508263333333
0.026265972999999998
0.026378320366666666
0.026642790366666665
0.02688679483333333
0.027007784566666665
0.0276025109
0.02772834303333333
0.02802653223333333
0.028302562399999998
0.028785904499999997
0.02891962843333333
0.029716450399999997
0.029856562099999998
0.02996460023333333
0.030076756233333328
0.030337628899999993
0.030460241099999993
0.030745050933333327
0.031156944633333326
0.031288912033333324
0.03208017733333333
0.03221737613333333
0.03304718613333333
0.03356738203333333
0.0337132113
0.0343867162
0.03508766643333333
0.035191700566666664
0.03530344373333333
0.03541425919999999
0.03564685666666666
0.035763889266666654
0.03588533486666665
0.03614360426666665
0.03641553656666665
0.03654638686666665
0.036679145966666646
0.036975975933333315
0.03711477923333331
0.03761807126666664
0.03776087673333331
0.03843057133333331
0.03857898393333331
0.039110774599999974
0.03942437216666664
0.039972273133333305
0.040130039799999975
0.04086874903333331
0.04103383906666665
0.04115976699999998
0.041290393433333315
0.04156108629999998
0.04184598139999998
0.04198875979999998
0.042299581799999986
0.04298969879999998
0.043143192133333313
0.04330265453333331
0.04386290839999998
0.04478499626666664
0.04536206329999998
0.04553158619999998
0.04673675856666665
0.046914040633333313
0.04703412023333332
0.04716266716666665
0.04729738406666665
0.04743707496666665
0.047737581766666655
0.04825703043333332
0.04840969133333332
0.04873722213333332
0.04969734639999999
0.04986136703333332
0.05003170439999999
0.05105061306666665
0.05165473309999999
0.05226310153333332
0.052444186699999985
0.05390330563333332
0.05454924793333332
0.054692640266666655
0.05484127179999999
0.054991070699999985
0.055306003899999984
0.055468401433333314
0.055811414099999984
0.05639826243333332
0.056572639799999984
0.05675366663333332
0.05737327756666665
0.058011022799999985
0.05820346393333332
0.05886422533333332
0.05929598343333332
0.05943159396666665
0.05956738309999998
0.05971230706666665
0.059859033633333315
0.06001098086666665
0.06016842196666665
0.060331951899999986
0.06049736986666665
0.06066651419999999
0.06101106823333332
0.061183047566666655
0.06154304193333332
0.06172242533333332
0.06233748159999998
0.06252203516666664
0.06315702389999997
0.0633485445333333
0.0639977305333333
0.06419644746666663
0.06486437639999997
0.0650679550333333
0.0657593198333333
0.06597183136666664
0.06612674749999997
0.06628712226666664
0.06645323476666663
0.06701655756666663
0.0676130042333333
0.0677944020333333
0.0681691308333333
0.06879248339999997
0.06898702326666663
0.07010090176666663
0.0703027103333333
0.0714530237333333
0.07213631076666663
0.0728314196333333
0.07304590579999996
0.07425794399999996
0.07499165269999997
0.07514231226666664
0.07529342489999998
0.07545425189999998
0.07561723366666664
0.07578590196666664
0.07596054079999998
0.07614176419999998
0.07632911506666665
0.07651975963333331
0.07671538229999998
0.07691400949999998
0.07758076296666665
0.07778508996666665
0.07847294813333332
0.07868482929999998
0.07938834809999998
0.07960804399999998
0.08033144199999998
0.08055659443333331
0.08130410079999997
0.08153885256666664
0.08189767659999997
0.0822899285333333
0.08270007499999997
0.08358016979999996
0.0840382449333333
0.08497674436666663
0.08593104586666664
0.08642071269999997
0.0883855646333333
0.0888906843333333
0.0899040856333333
0.0911868465333333
0.09222719549999996
0.09275923629999995
0.09435394659999995
0.09543404349999994
0.09577941286666661
0.09616409719999994
0.0965673187666666
0.09698874549999993
0.09742835359999993
0.09789856803333327
0.09838635399999994
0.0988886838666666
0.09940671209999993
0.10096475669999994
0.1020213389666666
0.10309297103333326
0.10363839399999993
0.10528031489999992
0.10584129666666658
0.10621630176666659
0.10662608229999992
0.10705446083333325
0.10750142769999992
0.10796590026666658
0.10844434129999991
0.10943430946666657
0.10994576906666657
0.1104733855999999
0.1110081348999999
0.11208735959999991
0.11318492219999991
0.11374087806666658
0.11542524383333325
0.11599721473333324
0.11617762963333324
0.11656296903333324
0.11696449346666657
0.1173852491999999
0.1178249022999999
0.11828342393333323
0.11875972676666656
0.11925026303333322
0.11975906399999989
0.12028308643333321
0.12082347469999988
0.12137977693333321
0.12194278193333322
0.12251191246666655
0.12366861416666655
0.12425391703333322
0.12469042513333321
0.12514598439999988
0.12565261846666656
0.12669642486666657
0.12723645323333324
0.12779274423333323
0.1298026109999999
0.1303873835999999
0.13156415276666658
0.13307470066666657
0.13327995223333325
0.13369710676666657
0.13414411293333325
0.13459976339999993
0.1350660936666666
0.13555164106666662
0.13604539829999995
0.1365490373333333
0.13706719246666663
0.13759564996666662
0.1381322434333333
0.13897848009999997
0.1395304326333333
0.1409529993333333
0.14152138646666662
0.14271941996666662
0.1433037547333333
0.1442067448333333
0.14480395076666663
0.1466426198333333
0.14755939739999996
0.14777138319999997
0.14821381619999996
0.14866812929999995
0.14914209299999995
0.14962414266666663
0.15012603679999997
0.15063797279999996
0.15116479276666664
0.15170206809999998
0.15224764976666663
0.15310742559999996
0.15366870429999996
0.15511718613333328
0.15569521646666662
0.15659362539999996
0.15777799686666663
0.15869548519999996
0.15930299279999996
0.1608520915333333
0.16147594806666662
0.1616982896333333
0.16216330466666662
0.16264821556666662
0.16315288199999994
0.16366605853333327
0.16419648153333327
0.1647348966666666
0.16528383259999993
0.16584115773333327
0.1664143305666666
0.16731107429999995
0.16790110889999996
0.16941029416666661
0.17001668653333327
0.1709499360666666
0.1715696591666666
0.17283440833333327
0.17379291583333328
0.1742665472333333
0.17476034699999995
0.17526252119999997
0.17578498706666662
0.1763330976333333
0.17689182466666664
0.17835568859999998
0.17893900329999998
0.17953937306666665
0.18046698749999998
0.18295504566666665
0.18390176749999998
0.18453222346666664
0.1864570361333333
0.18710397999999998
0.18734689656666664
0.18784192619999998
0.18834808513333332
0.1888627085333333
0.18938898689999997
0.18992398889999998
0.1904692639333333
0.1910218583333333
0.19158263676666662
0.1921540201333333
0.1927339242333333
0.1936371025333333
0.1942330886333333
0.1951576418333333
0.19577062926666663
0.1967130899333333
0.19734254036666665
0.19830387963333332
0.1989468246
0.19992739876666665
0.2005866644333333
0.20110224429999998
0.2019536196333333
0.2025244423333333
0.20342238706666663
0.20402869589999995
0.20465210379999996
0.20688105979999996
0.20817533709999997
0.2094663970333333
0.2101199617333333
0.2127448456333333
0.21440062179999997
0.2146640474333333
0.2151995866333333
0.21574684856666665
0.21630301843333333
0.21686955746666667
0.21744359726666668
0.2180259801666667
0.21861899583333336
0.21922062203333337
0.22014807933333336
0.22076593810000003
0.2217145041666667
0.22234940063333336
0.2233161721666667
0.22396752673333337
0.2249528344666667
0.22561775230000003
0.22662122643333335
0.22730228060000002
0.22757446380000002
0.22813963703333334
0.2287313396
0.2293337174
0.23027094446666665
0.23089839499999998
0.2315429734
0.2325196333
0.2335147146
0.2341894992
0.23520228043333335
0.23623123093333334
0.2365151695
0.23740289960000002
0.2383070566
0.23891050693333335
0.2398454069
0.24046810096666668
0.2411070718666667
0.24240057576666668
0.24305649536666668
0.24404390336666668
0.24505058936666668
0.24637793986666667
0.24706369036666667
0.24909615116666667
0.25010563003333336
0.2503986723
0.25099521426666666
0.25191924979999997
0.25253209089999995
0.25315553259999996
0.25411251479999997
0.25506942943333333
0.25571792633333335
0.2570264713
0.25769192906666666
0.25868774096666663
0.25970798096666664
0.2607215889333333
0.2614168984
0.2627922962
0.26350328193333333
0.26412663643333334
0.26476052753333335
0.26572521653333336
0.26735022490000004
0.2680090914333334
0.26868478026666676
0.2703328925000001
0.27166849570000007
0.2726901248333334
0.27339537316666673
0.2764189648666667
0.2771396042333334
0.27777096990000005
0.2787409468333334
0.2800517079333334
0.2807187494333334
0.28271146666666674
0.2833953584333334
0.28507386846666677
0.28642629443333345
0.2871398054666668
0.28886774943333343
0.29059056403333344
0.29091061603333346
0.2915612407666668
0.29222062423333345
0.29319842133333346
0.29387424710000015
0.2948717718000001
0.29556440630000014
0.29658031403333346
0.29728901540000013
0.29832182240000016
0.2990439817666668
0.30009136313333346
0.3008286092000001
0.30115912026666675
0.3021618968666667
0.30314674140000003
0.30383272023333335
0.30517563303333334
0.3058781570333333
0.3069003824
0.30796363666666665
0.3090022285
0.30973372239999997
0.31113695869999997
0.3118831057333333
0.3122222909666666
0.31421554299999993
0.3149101268666666
0.3162531365666666
0.3169641167666666
0.3186739845999999
0.3197361654999999
0.3211079760666666
0.32184761073333323
0.32358833106666657
0.3246127732333332
0.32593462316666655
0.3269318884333332
0.32793513186666656
0.3295938781999999
0.33194189003333324
0.3332540506999999
0.3342613569999999
0.33626660673333325
0.33796576683333324
0.3383210901999999
0.3393364671333332
0.3400631719666665
0.3410961306666665
0.3418380019333332
0.3428860343333332
0.34364067789999986
0.3447004426333332
0.3454687438333332
0.34648912406666654
0.34880589743333323
0.35086176863333324
0.3525120622666666
0.35353453259999995
0.35588812279999993
0.3569098062666666
0.3572809167999999
0.3583182259999999
0.35907498566666657
0.3601262803333332
0.3608952933333332
0.3619568278333332
0.36273858713333323
0.36339874126666655
0.36573814639999985
0.36705905106666653
0.3680969440333332
0.3701076349999999
0.37145976516666657
0.37246602676666657
0.37385435736666656
0.37463657163333325
0.37728077773333324
0.3786503815999999
0.37931033423333327
0.38036000283333327
0.3820132169333333
0.38305953736666665
0.3834562077
0.38451330663333333
0.3853174576333333
0.3866586390333333
0.3885808154666666
0.3889876345333333
0.3893086228666666
0.3902761334333333
0.3909412774666666
0.39192061776666665
0.3925936002
0.39392942836666667
0.39489724526666664
0.39557801169999995
0.3962581592333333
0.39719581849999996
0.39853527533333327
0.39945188689999994
0.4001268436666666
0.40227466956666663
0.40294471376666663
0.4044309165333333
0.4054177238333333
0.40650252439999995
0.4071591642666666
0.4092177067666666
0.41020733343333327
0.4105170717999999
0.41083129796666656
0.4111543127999999
0.41148276613333323
0.4118181498666666
0.41216047469999995
0.41250984879999997
0.4128625786333333
0.4135077763333333
0.4145554660333333
0.4149183667
0.4156421818
0.4160127167
0.4176018096
0.4179792297666666
0.41894514393333326
0.4193299102666666
0.42064224269999995
0.42132518379999995
0.42229494419999997
0.42269431816666664
0.4240067355333333
0.42458173089999995
0.4249084501333333
0.4255735887666666
0.42624438796666664
0.42692279166666663
0.42760355469999994
0.4282880115333333
0.42958203159999997
0.4302666202333333
0.43095074166666664
0.43163340596666666
0.4328854970666667
0.4335637011666667
0.43541811950000003
0.4360906802
0.4369855922
0.4388656596
0.4397516788
0.4404093858
0.441959453
0.4428778265666667
0.44318845673333335
0.4435020991333333
0.44381699146666664
0.44413521029999997
0.4444585006333333
0.4447849651
0.4451133553333333
0.44544521813333326
0.44577975179999996
0.44611825269999994
0.44645976123333325
0.44680487759999993
0.44715300603333324
0.44750478863333326
0.44785981723333324
0.4482183992999999
0.44857981296666655
0.44894459376666657
0.44931313786666655
0.44968502676666655
0.45027802856666654
0.45065642553333324
0.4512551851999999
0.4516403962666666
0.45224706393333325
0.45263919943333325
0.4532510673666666
0.4536498965666666
0.4542637430666666
0.4546692576666666
0.45500251459999996
0.45567905829999994
0.4563624695666666
0.4573513230666666
0.4583400711666666
0.4590273065999999
0.4600759867999999
0.4610633675999999
0.4617422963666665
0.4632894573333332
0.46396172026666654
0.4657646424999999
0.4667336460999999
0.46794731413333324
0.4686028335999999
0.47009864766666654
0.4712577995666665
0.47157604049999985
0.4718974911333332
0.47222661083333317
0.4728819652666665
0.4732227240999998
0.4735697394999998
0.4739230050333331
0.4745703334333331
0.4752418889333331
0.4756075480333331
0.4762355259999998
0.47695552099999977
0.47733381826666643
0.4791440272999998
0.4795285693333331
0.4802819279333331
0.4812350941333331
0.4820134183999998
0.48241050543333314
0.4846233764666665
0.4853448717333331
0.4860258176999998
0.4867131061999998
0.48740229033333315
0.48809354959999984
0.48878284679999984
0.48947057559999985
0.49103984709999987
0.4917191723666665
0.4923909002666665
0.49357179503333315
0.4964744101666665
0.49732553309999983
0.49797872313333313
0.49961224933333315
0.5002545628999998
0.5005738247999998
0.5008977563666664
0.5012287515333331
0.5015649707999998
0.5019071467666665
0.5022551901999998
0.5026090381999998
0.5032258925666665
0.5035914591999998
0.5039600753999998
0.5043315944666664
0.5058350158666665
0.5062121771666664
0.5071407286666665
0.5075235336333331
0.5087731054999998
0.5094150345666665
0.5103391385999998
0.5107333430333332
0.5119716608333331
0.5124912329999998
0.5128338087999997
0.5138046272666664
0.5144950545333331
0.5151869320999998
0.5161646593333331
0.5168574068666665
0.5175496130666665
0.5185230208666665
0.5192122220333332
0.5198991516999998
0.5208672672999998
0.5217291367333331
0.522406014933333
0.5235423825999997
0.5242104790666664
0.5250535848999998
0.5259945205333331
0.5268249231999997
0.5274723483333331
0.5285679246666665
0.5292032738666664
0.5295216081999997
0.5298426086999997
0.530165352033333
0.530491026733333
0.5308203528999997
0.531152461233333
0.5314866963666663
0.531823896733333
0.5321636320666663
0.5325064057999996
0.5328518375666663
0.533200062833333
0.5335510176999997
0.5339045761999996
0.5342609417666663
0.5346200177999996
0.5349816677666662
0.5353462060666663
0.5357134191999996
0.5360832907333329
0.536629694233333
0.5370047276999996
0.5375542708666663
0.5379343207666663
0.5384892462999996
0.5388742966999996
0.539431881233333
0.5398221242666663
0.5403793678999996
0.5407738650333329
0.5417307427333329
0.5426194214666662
0.5434500722666662
0.5442504040333329
0.5457826896333329
0.5472281320333329
0.5479691946333328
0.5501433243666661
0.5518061089333328
0.5521256271666661
0.5524476718333328
0.5527715954333328
0.5530982910999994
0.5534281458999994
0.5537606253333328
0.5540952685999995
0.5544326796999994
0.5547725503666661
0.5551151271999994
0.5554602165333328
0.5558078053666661
0.5561579971333327
0.5565104259999993
0.5568654836999993
0.5572229476999994
0.5575828662333326
0.5579454788333327
0.558310383666666
0.5586776896999993
0.5592070647333326
0.5595790267333326
0.5601107003666659
0.5604870310333325
0.5610232125666659
0.5614038534666659
0.5619418846666658
0.5623271528333325
0.5628641737666658
0.5632528539666658
0.5635998272333325
0.5642945026666658
0.5652545227999991
0.5659480015333325
0.5666398283666658
0.5675913112333325
0.5682784898666658
0.5689621252666659
0.5699041655999992
0.5707323354666659
0.5714029129999992
0.5724800220999993
0.573139595666666
0.573943723166666
0.5748496877999993
0.5756386757333327
0.5762734352333327
0.5773000793999994
0.5779203994666661
0.5785670739999994
0.5792030669333328
0.5798275822999994
0.580437607266666
0.5813456703999994
0.5819034890999994
0.5827119243999994
0.583233720866666
0.5837386366333327
0.5855895623333327
0.5865947055333327
0.5875703124333327
0.5880462818333327
0.5896665038999994
0.5901293594333328
0.5904769138333328
0.5911699257999995
0.5918554016333328
0.5925367447999995
0.5933481607333329
0.5940150201999995
0.5946697965333329
0.5954546793333328
0.5962232671666662
0.5968511476666661
0.5976002221666662
0.5983949218333329
0.5987215680666662
0.5990526564999995
0.5993859376666661
0.5997258485333328
0.6000698354333328
0.6007106022999995
0.6013309801333329
0.6016872185333328
0.6022995600666662
0.6026591711333329
0.6036062763999995
0.6039694727666662
0.6056061891333329
0.6059724192333329
0.6067574657333329
0.6076212032666662
0.6082932422666663
0.6086657980666662
0.6102141804333329
0.6108481914333329
0.611438843033333
0.6123190930666663
0.6134054712666663
0.6142196837999997
0.614999691133333
0.6159168739333329
0.6170878342999996
0.6182922290333329
0.6190060803999996
0.6206640711333329
0.6217300904999995
0.6220492398333328
0.6223704377333328
0.6226938290666661
0.6230194483666661
0.6233467384666661
0.6236761168999995
0.6240076804333328
0.6243413560666661
0.624677185266666
0.625014689166666
0.625354199366666
0.625695289766666
0.626038522166666
0.6263828798333326
0.6267292579999993
0.6270770935999993
0.6274269421333326
0.6277788232666659
0.6281318308666659
0.6284864138999993
0.6289626535333326
0.6293202661999993
0.6297964429666659
0.6301564131333326
0.6306345197333326
0.630996667666666
0.6314743724333326
0.6318393352666659
0.6323142986999992
0.6326801559999993
0.6330244475333326
0.6341712559333327
0.6348491215999993
0.6355215032999992
0.6364150768999992
0.6374798040666659
0.6381343873333326
0.6392788378999993
0.6399189894999993
0.6406623078666659
0.6418626885666658
0.6425874317666659
0.6431963371333326
0.6441158840333325
0.6448613050999992
0.6451852616333325
0.6458277195999991
0.646461011799999
0.647080651199999
0.6476834781333324
0.6482671369333324
0.6490136542333323
0.6495574353333323
0.650080129399999
0.650583017799999
0.651066594099999
0.6517038838666657
0.652161430199999
0.6526116476333322
0.6537483701666655
0.6542343046333322
0.6549071028999989
0.6559495790333322
0.6571250702333322
0.6577721751999989
0.6584036560666655
0.6597047664666655
0.6610627166333322
0.6619887017333321
0.6625867422333321
0.6644873839333322
0.6650663322999989
0.6653821799666656
0.665699719799999
0.666019581599999
0.6663412662666657
0.6666636495333323
0.666987723599999
0.6673139252666657
0.6676417645666657
0.667971496399999
0.6683022089999989
0.6686345459999989
0.6689678401999989
0.6693029152666655
0.6696383885333322
0.6699754322999989
0.6703132930999989
0.6706528175333322
0.6709938871666655
0.6713353186666655
0.6716777523333322
0.6721181939666655
0.6724625276666655
0.6729014969666655
0.6732468441333321
0.6736861391999988
0.6740322487333321
0.6744698144333321
0.6748174896333321
0.6752513600333321
0.6755983251333321
0.676458515433332
0.6777010891666654
0.6784882047999987
0.6792378640666654
0.6806515736333321
0.681329419233332
0.6823017092666653
0.683398413533332
0.6837117659666653
0.6840266244666653
0.684343844733332
0.6846626765999987
0.6849817349999987
0.685302277433332
0.6856248987666654
0.6859489140333321
0.6862746774333321
0.6866010790666655
0.6869289050999988
0.6872573796333321
0.687587442733332
0.6879175512999988
0.6882489971999988
0.6885809439999988
0.6889143679333322
0.6892490853666655
0.6895837935666655
0.6899192169333322
0.6903419565333323
0.6906787146666656
0.6910993324333323
0.6914364459666656
0.691856639199999
0.6921938252333323
0.6926116818666657
0.6929498127666657
0.693363548399999
0.6937002066666657
0.694031534199999
0.6946868237666657
0.6955250874666656
0.696247469799999
0.696880180499999
0.697769447999999
0.698384340299999
0.6990679048666656
0.699845068699999
0.7005069467999989
0.7010841795666656
0.7018988126666655
0.7024547419999989
0.7027712104999989
0.7033753399666656
0.7039596493333322
0.7048015307666655
0.7054879901333322
0.7060059750333322
0.7067619294333322
0.7076908803666655
0.7081639371999988
0.7086158671333321
0.7095846595666655
0.7101507201666655
0.7108096289666654
0.7112250638333321
0.7126483592999987
0.7132716049999988
0.7135952124333321
0.7144127807333321
0.7153640291999988
0.715986849633332
0.716957111133332
0.7175609150999988
0.7182235270999987
0.7192537330333321
0.719893665733332
0.7204576575999987
0.7212369383666654
0.7218837056999987
0.722194030833332
0.7225055341999986
0.723091900833332
0.7234080427333319
0.7237252437666652
0.7242039374999986
0.7246911310999986
0.7250115127666653
0.7254511063666653
0.7261244766666654
0.7264445143666654
0.7267636409999987
0.7272934461666654
0.7280775098666653
0.7285074539999986
0.7288250679999986
0.7300933053666653
0.730408025633332
0.7308899400666653
0.7316471003666652
0.7328663973333319
0.7335823785999986
0.7346263326999987
0.735575136633332
0.7362892036999986
0.736926841733332
0.737948768733332
0.7388203965666653
0.739123211933332
0.7394269568333319
0.7397330884999986
0.7400401787999986
0.7403461627999987
0.740652994233332
0.7409616873666653
0.7412710358999987
0.741581657633332
0.7418919305666652
0.742203008233332
0.7425138412999986
0.7428256565666653
0.7431365250333319
0.7434480192333319
0.7437591047999986
0.7440710793666653
0.744383583233332
0.7446950352666654
0.7450063637333321
0.7453776123666654
0.7456886258333321
0.7460560350666654
0.7463655369999987
0.7467305189999988
0.7470381507333321
0.7473992068666655
0.7477059938999988
0.7480618313666655
0.7483650739999989
0.7490800584333321
0.7497331143666655
0.7503530751333322
0.7511904206333322
0.7519738481333322
0.7525332039666656
0.7533803062333322
0.7541575660666655
0.7544610851999989
0.7550487941666656
0.7556141650333322
0.7561550079999989
0.7566838854999989
0.7571879080999989
0.7576798973666656
0.758158390599999
0.7586246234666657
0.7590672822333324
0.7595479929666658
0.7599674803666657
0.7608323205333324
0.7612301694666658
0.7616651795666658
0.7620444999999991
0.7626371915333324
0.7630147508333325
0.7633115649666659
0.7640800381333325
0.7646514352999991
0.7652570185999992
0.7659387670666659
0.7665190362666658
0.7670446614666658
0.7677268185666658
0.7682272849666658
0.7685208237999992
0.7688149036333325
0.7691113133333325
0.7694082431666658
0.7697032662666657
0.7699987115333324
0.7702958232999991
0.7705931062666658
0.7708913230333324
0.7711885829333324
0.7714862319333323
0.7717830836333324
0.772080503599999
0.7723763853333323
0.7726724243333323
0.7729674970999989
0.7732630583333322
0.7735586497666656
0.7738525705666656
0.7741458447999989
0.7744845565999989
0.7747764897999989
0.7751104127666656
0.7753997155666655
0.7757301011999989
0.7760163820999989
0.776341975599999
0.7766263211333323
0.776946100399999
0.7772257357666656
0.777937988099999
0.7791988936333324
0.7799174506666657
0.7805293799333324
0.7814317164333324
0.7819973376999991
0.7822885869333325
0.7825777731333324
0.7828679705999991
0.7831572955666658
0.7834451739333325
0.7837329815333325
0.7841787244666658
0.7844653845333325
0.7849935155333325
0.7852773299999992
0.7859222216999993
0.7862042133999992
0.7870765428333326
0.7873553913333327
0.7878642087999993
0.788198483366666
0.788660887766666
0.7889337510999993
0.789668523066666
0.790070572866666
0.7903441307666661
0.7909127693666661
0.7915471830999995
0.7920889442333329
0.7925866130999996
0.7932080252999996
0.7936789348333328
0.7939617533999995
0.7945024304666662
0.7950161051333329
0.7955166869666662
0.7960889387999995
0.7967302645999995
0.7971908637333328
0.7976369004666661
0.7980697734333329
0.7987645839333328
0.7991722610999995
0.7995995610999995
0.7999825356999996
0.8005372615666663
0.800970578333333
0.8013499027999996
0.801690071933333
0.802191920733333
0.8025210812999997
0.802946939933333
0.8041550563999996
0.804699404333333
0.805200728133333
0.8059157691666663
0.8064364099999997
0.806713264533333
0.8069900915999997
0.8072690672666664
0.8075479239333331
0.8078238338333331
0.8080995499666664
0.8083765837666664
0.8086531004999997
0.8089300313333331
0.809205194433333
0.8094801445666664
0.8097535574666664
0.8100269306333331
0.8102980064999997
0.8105685745666664
0.8108374391333331
0.8111062074333331
0.811374304533333
0.8116399431666663
0.811904233833333
0.8121973091999997
0.8124588884666664
0.8127460416666664
0.8130035560999997
0.8132858528666664
0.8135388893666664
0.8138153776333331
0.8140650615999998
0.8143350369333331
0.8145786300666664
0.8150241227666665
0.8157710563999998
0.8163169002333331
0.8172972457666665
0.8180925090999999
0.8183647213999998
0.8186344883666665
0.8189017587999998
0.8191668694666665
0.8198336540999999
0.8202539070666666
0.8205124681666666
0.8208779347666666
0.8211708470333333
0.8218522918
0.822103503
0.8223502436333333
0.8227498868333333
0.8233323241333332
0.8236366701999999
0.8238747698999999
0.8245521010333332
0.8247837517666665
0.8250375844666665
0.8255093472333332
0.8260620277999999
0.8265398818999999
0.8267965132333333
0.8272805230333332
0.8277503957999999
0.8282678153666665
0.8288462600333332
0.8292733831333332
0.8296850893333332
0.8300828773333332
0.8306763890333332
0.8310476618333332
0.8314257402666666
0.8317711650666666
0.8322450468666666
0.8326181518333332
0.8329468385999999
0.8332475817333331
0.8336677238666664
0.8339521963666664
0.834173070833333
0.834687264733333
0.8350996744666663
0.8353578689666663
0.8356115302999997
0.8358624564999997
0.8361104700999997
0.8363549932666664
0.8367067694333331
0.8369459748666664
0.8371821198999998
0.8374163399666664
0.8379402983333331
0.8381706881333331
0.8388570993999998
0.8390823223666665
0.8394930259333331
0.8397427666666664
0.8401177223999997
0.8403329186999997
0.8408748946666664
0.8411692496666664
0.8415524510999998
0.8421921010666664
0.8424428366666664
0.8426928503333331
0.8429446304333331
0.8431955167333332
0.8434424029999998
0.8436883563333332
0.8439351012666665
0.8441805261333332
0.8444256979666664
0.8446682460999998
0.8449098626666665
0.8451491574666664
0.8453876753666664
0.8456231487666663
0.8458573463666663
0.8460890776999996
0.8463200134666663
0.846549483133333
0.8467757345666663
0.8469998994999997
0.8472383382666663
0.8474583619999996
0.8476898906999996
0.8479044578333329
0.8481299858999996
0.8483387026999996
0.8485575717999996
0.8487615388666663
0.848973332733333
0.8491700800999996
0.8493612006999997
0.8497360317666663
0.8502399142999997
0.8506325279666663
0.8510439973999997
0.8514844806999997
0.8518190907666664
0.8522224149999997
0.8525304643666664
0.8529623337666663
0.853281096933333
0.8535713878666663
0.8538337367999996
0.854364955233333
0.8546061379999996
0.8549892266666663
0.8554777198666663
0.855909409933333
0.8563812767999996
0.8566876581666664
0.8571374083333331
0.8575242169999997
0.8577774631999997
0.858511744733333
0.8587450881666664
0.859140452433333
0.8595197235999997
0.8598747167999997
0.8600767941666664
0.8604887588333331
0.8607682901666664
0.8610048484999998
0.8612403777666665
0.8614774405333332
0.8617132698333332
0.8619447205666665
0.8621749177333331
0.8624056355666664
0.862634695033333
0.8628631956999997
0.8630887495999997
0.863313063533333
0.863534758433333
0.8637553562666663
0.863972652733333
0.864188355433333
0.8644013124333331
0.864613175333333
0.8648232505666664
0.8650298551999998
0.8652340984999998
0.8654478641333331
0.8656474409999998
0.8658540143333331
0.8660476712999997
0.8662479112999997
0.866435281733333
0.866628640333333
0.866810788733333
0.866996953533333
0.8671716099666663
0.8673827050333329
0.8679324380999995
0.8683084041999996
0.8686680558999995
0.8690706812666662
0.8693876568666662
0.8698864698333328
0.8701765902666662
0.8705616961666661
0.8709057244333328
0.8711679273666662
0.8714119892999995
0.8717739656666662
0.8721117431333328
0.8723410336999995
0.8725691534999995
0.8727986835666662
0.8730268243999996
0.8732504339666662
0.8734726438666662
0.8736952402333329
0.8739160267666662
0.8741361112666662
0.8743531140999996
0.8745687375666663
0.8747816176999996
0.8749932551666663
0.8752014913999996
0.8754079932666663
0.8756116354666663
0.8758140493999996
0.876014535633333
0.8762114561666663
0.8764059021999996
0.8766079776666662
0.8767975430999996
0.8769923348666663
0.8771758057999997
0.8773641519999996
0.8775411787666663
0.8777225799333329
0.8778942046333329
0.8780683930999995
0.8782324568666662
0.8784509786333329
0.8788338918333328
0.8791824274666662
0.8795156084999995
0.8798179107999995
0.8800822401666661
0.8803341668666661
0.8806096784999994
0.880954844066666
0.8811778972666661
0.8813842608666661
0.8816576095666661
0.8822477712333328
0.8824400284333328
0.8826203685999995
0.8829324273666661
0.8831170814666661
0.8834962563999994
0.8838037720999994
0.8840810957999994
0.884658204866666
0.8849427916999993
0.8853524310999994
0.885578515866666
0.886250335866666
0.8864555232999993
0.886665696466666
0.8868760588333328
0.8870844070333328
0.8872918520666662
0.8874960460666662
0.8877554590666662
0.8879551843999995
0.8881534681666662
0.8884022826999995
0.8885951285333329
0.8887849753333329
0.8890228534333329
0.8892091797333329
0.8893918348666663
0.8896183339666662
0.8898036677999995
0.8899785668333329
0.8901996079666662
0.8903682191333329
0.8905396399999995
0.8907411083666662
0.8909055447333328
0.8910619432999995
0.8912553221333329
0.8914041336666663
0.8916186640999996
0.8918317663333329
0.892046023633333
0.8922586104999997
0.8924664313999997
0.8926725908666664
0.8928788751999998
0.8930830835333331
0.8932863255333331
0.8934862687333331
0.8936845852333332
0.8938799577333332
0.8940738277333332
0.8942641515333332
0.8944524981666665
0.8946378075666666
0.8948216525666666
0.8950033325999999
0.8951813158666665
0.8953566461999998
0.8955366085333331
0.8957067255999998
0.8958793150666664
0.8960430974666664
0.8962091164999998
0.8963662541333332
0.8965252898999998
0.8966767735999998
0.8968286376666664
0.8969725450333331
0.8973818162333331
0.8977972405666664
0.8981997580666664
0.8985191854666664
0.8988774826333331
0.8991596058999998
0.899444111733333
0.8996901744333331
0.8999126976666665
0.9001579093666665
0.9004569413999999
0.9006640298666665
0.9008695748666665
0.9010761450333332
0.9012809198999999
0.9014808455333333
0.9016789945333333
0.9018771425
0.9020731001333333
0.9022679713666666
0.9024594608666666
0.9026492162333333
0.9028359507333332
0.9030210691333332
0.9032025950333332
0.9033820417333333
0.9035583868666666
0.9037331661999999
0.9039056833666665
0.9040744663999999
0.9042405306666665
0.9044100595666665
0.9045707906333332
0.9047329464333332
0.9048872746333333
0.9050428436666667
0.9051904809
0.9053390894333333
0.9054809983666666
0.9056224935333332
0.9057568743666665
0.9060978634666665
0.9063703659666665
0.9066147544666665
0.9069767160666665
0.9072354689666665
0.9074233165333332
0.9078070589666665
0.9079712105999999
0.9081258006333331
0.9083902913999998
0.9086228463333331
0.9088911986666665
0.9090284516333331
0.9094270718333332
0.9095954694999998
0.9097590157999998
0.9100693030333332
0.9103643065999999
0.9107275294999999
0.9109938707666666
0.9112501061999999
0.9114893391
0.9117731958333333
0.9120026645333332
0.9122093686999999
0.9124027031999999
0.9126359576333333
0.9128089054666666
0.9131541355666666
0.9134638193333332
0.9137575973999998
0.9141635158333332
0.9143872259999999
0.9146931313999999
0.9150621796999998
0.9152446767999998
0.9154107316666664
0.9156140391666664
0.9157931911999997
0.9159336765999997
0.9161758870666663
0.9163049877999997
0.9164971858999997
0.9166876380666664
0.9168788554333331
0.9170680601666664
0.9172523133333331
0.9174345914999998
0.9176166298333331
0.9177962868333331
0.9179746430999998
0.9181495008999998
0.9183224426999999
0.9184922548999999
0.9186602572999999
0.9188246232999999
0.9189867447666665
0.9191456821999998
0.9193028846999998
0.9194576729666665
0.9196087042666665
0.9197569296666666
0.9199035888333332
0.9200463292333332
0.9201859397666665
0.9203222365999999
0.9204555535666665
0.9205851656333331
0.9207118778333332
0.9208357080666665
0.9209556782333331
0.9210721747666665
0.9212189169666665
0.9215261792333331
0.9217757797333331
0.9221223798999998
0.9223451245666665
0.9226072043999999
0.9228412566999998
0.9230288825333332
0.9232064170999998
0.9234354290999999
0.9236617346333332
0.9238432266
0.9241621130333333
0.9244117189333333
0.9246331595333332
0.9248311361999999
0.9250544244666665
0.9252194684333332
0.9253711785333333
0.9255128190999999
0.9256450784333333
0.9257720420333333
0.9258902676999999
0.9260056157333333
0.9262900119999999
0.9264267180333333
0.9265894285666667
0.926879114
0.9271528164333334
0.9273952027
0.9277046894333333
0.9279087529333333
0.928100709
0.9283080225
0.9285437892
0.9287073780666667
0.9288936403333333
0.929041208
0.9291819276
0.9293903746
0.9295183952333332
0.9296411195
0.9297767285333333
0.9298943400666666
0.9300557951666666
0.9302900817666666
0.9305411466666667
0.9307487767
0.9310501472
0.9312430011
0.9314214298333333
0.9315844510666667
0.9317795931
0.931923267
0.9320862062666667
0.9322486371666667
0.9324085173333334
0.9325668795000001
0.9327216831
0.9329041203333334
0.9330536554000001
0.9332012013000001
0.9333727286666668
0.9335142850666668
0.9336526344333335
0.9338138211333334
0.9339477584000001
0.9340779971666667
0.9342280167666668
0.9343536867333334
0.9344755651333334
0.934614731
0.9347302749
0.9348428722000001
0.9349701096
0.9350762950333333
0.9351796348666667
0.9352955545333334
0.9353919563333334
0.9355582696666667
0.9357813738
0.9359322876
0.9360779059666667
0.9362368790000001
0.9363744882333334
0.9365044485666667
0.9367197676000001
0.9368470843666667
0.9371436960000001
0.9372616333333335
0.9373732768000002
0.9375353869666668
0.9376808538333335
0.9378133189000002
0.9379128482333335
0.9380970812333336
0.9381897683000002
0.9384495422333335
0.9386706203666669
0.9389115538666669
0.9390722195000002
0.9393382434333335
0.9395525600333335
0.9397137608666669
0.9398726448666669
0.9400243574666669
0.9402659072333336
0.9404091780000002
0.9405471163666669
0.9406794371333336
0.9408275487666669
0.9409542597333335
0.9410764707666668
0.9412016565666668
0.9413819858666668
0.9414922802666668
0.9416418012333334
0.9417458996000001
0.9418471079333335
0.9419714241000001
0.9420664074000001
0.9421586045000001
0.9423295659333334
0.9424151260000001
0.9425631710000001
0.9427105206666667
0.9428552371000001
0.9429983030000001
0.9431378239333335
0.9432986394000001
0.9434328176000001
0.9435649120666667
0.9437150609
0.9438411890333334
0.9439641482333334
0.9441043585333334
0.9442227994666668
0.9443376477000001
0.9444670891333334
0.9445773173666667
0.9446839111666667
0.9448030067000001
0.9449034612
0.9450010498333333
0.9451089759666667
0.9452004119333334
0.9452890869333334
0.9453864767666667
0.9454686234999999
0.9455715979666666
0.9457641724999999
0.9459440428666666
0.9461399207333332
0.9463020978999999
0.9464484608999999
0.9465852596333333
0.9467363243666667
0.9468549188
0.9469817431666666
0.9472192667999999
0.9474258091999999
0.9476734357666665
0.9478422861333332
0.9479995442666665
0.9481620526999999
0.9483437350999999
0.9484737813999999
0.9486132810333333
0.9487282900333334
0.9488368863666667
0.9489865814666667
0.9490834871333333
0.94917548
0.9492727705666666
0.9493577424999999
0.9494950318666666
0.9497517741
0.9499573650666667
0.9501490703666667
0.9503272963333333
0.9504830301333334
0.9506295583333334
0.9507672240333334
0.9508914416666667
0.9510088141666667
0.9511206676666667
0.9512284281000001
0.9513308812666668
0.9514944464666668
0.9515883474000001
0.9516785581000001
0.9517625605333334
0.9518439109666668
0.9519225904666667
0.9520405815666667
0.9521278890333333
0.9522947956666666
0.9525180499666667
0.9527040240666667
0.9528701426333334
0.9529949770333334
0.9531421163
0.9532494093666667
0.9533914950666666
0.9535314200333334
0.9536712784
0.9538087015
0.9539413811666666
0.9540717207333332
0.9542011694666666
0.9543279431333332
0.9544529511
0.9545744976333332
0.9546938262666665
0.9548100537333332
0.9549241364666665
0.9550348469666665
0.9551431106333332
0.9552483125333332
0.9553515250333332
0.9554521933333332
0.9555494602666665
0.9556440134999998
0.9557367129333332
0.9558260268666665
0.9559124595333331
0.9559959848666665
0.9560767992999998
0.9561544628666665
0.9562295480999998
0.9563020329666665
0.9563714523666665
0.9564380002666666
0.9565486651666666
0.9567391946666666
0.9568923930333333
0.9570342801333332
0.9571583726666666
0.9572737135333332
0.9573745801666665
0.9574692928999999
0.9575528994999999
0.9576318338666665
0.9577060069999999
0.9577759000666666
0.9578532516999999
0.9580160217666666
0.9581517925333333
0.9582746014
0.9583883709666666
0.9585095607999999
0.9586064918666666
0.9587658579333332
0.9589530585666666
0.9591130017666666
0.9592457972666666
0.9593847948333333
0.9594915854999999
0.9595918464666666
0.9597128221666666
0.9598093222666666
0.9598953051666665
0.9600938209666665
0.9601717855666665
0.9602960458666665
0.9604105811666666
0.9604769408666666
0.9605408190666666
0.9606640985666666
0.9607328192666665
0.9608616803666665
0.9609883413333332
0.9611147393666666
0.9612386710999999
0.9613580430666666
0.9614750566333333
0.9615910547
0.9617043883999999
0.9618159027666666
0.9619240672999999
0.9620300133666666
0.9621329591666666
0.9622337530999999
0.9623313377666666
0.9624265097999999
0.9625187448999999
0.9626090023666666
0.9626967738999999
0.9627813333999998
0.9628632924666665
0.9629434060333332
0.9630203632666665
0.9630945951333332
0.9631661089333332
0.9632350688666665
0.9633011081666666
0.9633647347
0.9634259222666666
0.9634843205333332
0.9635400822999999
0.9637067022999999
0.9638298766999999
0.9639422865999999
0.9640634126666666
0.9641838761666666
0.9643013374666666
0.9644440993999999
0.9645459238333332
0.9646426032333332
0.9647410528999999
0.9648228194999999
0.9649014778999999
0.9649776026666665
0.9651653581666666
0.9652366188999999
0.9653026247666666
0.9654039055
0.9654826341666667
0.9655653957
0.9656214617666666
0.9657222136
0.9657731156666667
0.9658806668666666
0.9659871275666666
0.9660909547666666
0.9661929433333333
0.9662916873666666
0.9663991057666665
0.9664927469333332
0.9665842525999999
0.9666823894666666
0.966768459
0.9668517032999999
0.9669414549666666
0.9670203293999999
0.9670961494333332
0.9671768905666666
0.9672483943666665
0.9673169252333332
0.9673892745999999
0.9674526479666665
0.9675135992999998
0.9675773232666665
0.9676332599666665
0.9676868923333332
0.9677426457999998
0.9677912457333331
0.9678470142666664
0.9679534321333331
0.9680474401999998
0.9681674278666664
0.9682532271999997
0.9683335703333331
0.9684584455999998
0.9685727860999999
0.9686874410333332
0.9688074614666665
0.9688971343333332
0.9689737175666666
0.9690546782333332
0.9691750200666666
0.9692363083333332
0.9692934884666665
0.9693506264333331
0.9694001611333332
0.9695104326999998
0.9696185022333331
0.9697260593999998
0.9698311674666664
0.9699320593999997
0.9700306255333331
0.9701280416999998
0.9702228726666664
0.9703158622333331
0.9704057276999998
0.9704934316333331
0.9705783399999998
0.9706611458999997
0.9707410308999997
0.970818612933333
0.9708934937999997
0.970966469633333
0.9710371045666664
0.9711048521999996
0.9711702158666663
0.9712338044666663
0.9712946095333329
0.9713529636333329
0.9714089131999996
0.9714625810333329
0.971513698033333
0.9715626813999997
0.9716095030666664
0.9716539544999997
0.971696138233333
0.9717429607999997
0.9718284596999996
0.9719183731999996
0.9720084346999996
0.9721128710666663
0.9722151184999996
0.9723167830666664
0.9724160193999997
0.9725111678999997
0.9726040154999996
0.9726956817999997
0.972784803733333
0.9728720909333329
0.972956341433333
0.9730384626333329
0.9731178675666663
0.9731952002999996
0.9732697164333329
0.9733419789999996
0.9734116285666663
0.9734794095999997
0.9735449103666663
0.973607639033333
0.9736680650666664
0.9737267522666664
0.9737827839666664
0.9738364632666664
0.9738878467999997
0.9739370454666664
0.9739838191333331
0.9740285567999998
0.9740712306999998
0.9741116716666665
0.9741499683999998
0.9742765405333331
0.9743872928999998
0.9744711910333331
0.9745405511333332
0.9746345549999998
0.9747410677333331
0.9748150505999998
0.9748633404666666
0.9749464343666666
0.9749877738333332
0.9750265986666665
0.9751039602666666
0.9751675963333333
0.9752522787666666
0.975335745
0.9754167395333333
0.9754959210666666
0.9755722054666666
0.9756526153999999
0.9757242398999999
0.9757938484666666
0.9758662059666666
0.9759309896333332
0.9759932988666666
0.9760584498666667
0.9761167743333333
0.9761725030333334
0.9762300377333334
0.9762819168000001
0.9763313330000001
0.9763819083333334
0.9764269924000001
0.9764700397666668
0.9765136799000002
0.9765526025333335
0.9765896105333335
0.9766269449333335
0.9766599597000001
0.9767480810333334
0.9768301523333335
0.9769486458333335
0.9770223960666669
0.9770915524666669
0.977172071366667
0.9772320663666669
0.9772881355000003
0.977346590666667
0.9774201893000003
0.977467540866667
0.9775566012000003
0.9775997265666669
0.9776408650000002
0.9777048321666669
0.9777419575666669
0.9777772183000003
0.977846135266667
0.977877528166667
0.9779168256666669
0.9779917302000003
0.9780605922000003
0.9782117661000003
0.9783240747000003
0.9784162843000003
0.9785003066000003
0.9785840274333336
0.9786490421000003
0.9787087884666669
0.9787641909000002
0.9788161502666669
0.9788643767333336
0.978929910166667
0.978972078166667
0.979011667066667
0.979047139466667
0.9790808720000004
0.9791128395666671
0.979154157766667
0.9791857591666671
0.9792603284000004
0.9793336559333338
0.9794046267000004
0.9794738329000003
0.9795403401333337
0.979609481166667
0.9796716035333337
0.9797318025333337
0.9797935381000004
0.979849259066667
0.9799026983333337
0.9799578244333337
0.9800075251333337
0.9800548676333337
0.9801030822333338
0.9801468528000005
0.9801884145000005
0.9802303725666671
0.9802680253333338
0.9803038405666671
0.9803396584000004
0.980371791966667
0.9804022101333337
0.9804324938333338
0.9804594107666671
0.9804849594000005
0.9805307357000005
0.9806129312333338
0.9806894423333338
0.9807675945666671
0.9808280933333338
0.9808847730000004
0.9809343013333338
0.9809792840000005
0.9810300174000004
0.9810672389333337
0.9811012351333337
0.9811336221333337
0.9811619598000003
0.981240117066667
0.9813162343000004
0.9813915120333337
0.9814645561666671
0.9815342111666671
0.9816017722333338
0.9816680870333337
0.9817321423000004
0.9817944818666671
0.9818542769333337
0.9819121784000003
0.9819678103333337
0.9820215988333337
0.982073118666667
0.982122698666667
0.9821701446333336
0.982215969466667
0.9822598767000004
0.9823016027333337
0.9823414673666669
0.9823798406333336
0.9824161905333336
0.9824506982333336
0.982483452566667
0.9825145173333337
0.9825437696333337
0.9825714757333337
0.9825976133666671
0.982622156166667
0.9826451423000003
0.9827608532333336
0.982840223166667
0.9828974452000003
0.982947172966667
0.982986342866667
0.983020105866667
0.983074124266667
0.9831019709000003
0.9831283187000003
0.9831531461333336
0.9832046643333336
0.9832376724333336
0.9833111652333336
0.9833826614000003
0.9834532852000003
0.983521728766667
0.983586928166667
0.9836500879666671
0.9837120047666671
0.983771730966667
0.9838297792000004
0.9838853875000003
0.9839391604333336
0.9839907586333336
0.984040570666667
0.984088224266667
0.9841340098333337
0.9841777601000004
0.9842199477333337
0.984260297566667
0.984298582566667
0.9843350968333336
0.9843701780666669
0.9844033563000003
0.9844347933333336
0.9844645810000002
0.9844927759666668
0.9845192734666669
0.9845443189000003
0.9845678915666669
0.9845899841333335
0.9846106278333335
0.9846472796000002
0.9847128776666668
0.9847804026666668
0.9848331823000002
0.9848757502000002
0.9849170990666668
0.9849710638000001
0.9850023372666667
0.9850306794000001
0.9850563672666668
0.9850796608000001
0.9851437138333334
0.9851993313666668
0.9852509774333335
0.9852987694000002
0.9853564172000001
0.9853986389333335
0.9854721345333335
0.9855091601000001
0.9855633554000001
0.9855990866333334
0.9856293223666668
0.9856656624000001
0.9856927082666668
0.9857341185000001
0.9857580806333335
0.9857834959000001
0.9858047184333335
0.9858290034000001
0.9858475103666668
0.9859060833333335
0.9859564614000002
0.9859919092666668
0.9860207561333335
0.9860465117333335
0.9860708162666668
0.9861161968333335
0.9861545978333335
0.9861747215666669
0.9862136884666669
0.9862311998000003
0.9862754064000003
0.9863453426000003
0.9864078238000002
0.9864671663000002
0.9865127883666669
0.9865539821333336
0.9865915112333336
0.9866260834666669
0.9866576903333336
0.9866974195000002
0.9867242464333336
0.9867490726666669
0.9867707060333336
0.9867910682000003
0.9868101417666669
0.9868336389333335
0.9868515828333335
0.9868994874666669
0.9869456039000002
0.9869963656666668
0.9870329560333335
0.9870668975666669
0.9870931196000002
0.9871166827000002
0.9871400764000002
0.9871652060666669
0.9872258814333336
0.9872847099000003
0.9873426010666669
0.9873984919333336
0.987451570566667
0.9875027895000004
0.987552801666667
0.9876008441000004
0.9876473413000004
0.9876917135000004
0.987734438066667
0.987775273166667
0.9878145075000003
0.987851905766667
0.9878876592333337
0.987921669766667
0.9879543022000002
0.9879853400666669
0.9880146487666669
0.9880424541666669
0.9880690094000002
0.9880940022000002
0.9881175451333335
0.9881397339000002
0.9881606077000002
0.9881801063000002
0.9881984197666669
0.9882155324333336
0.9882314785333336
0.9882462735333336
0.9882956809000003
0.988343890966667
0.988390169466667
0.9884349271333337
0.988477611866667
0.9885186815000004
0.9885579087333338
0.9885955674666671
0.9886314420666671
0.9886657096333338
0.9886982818666671
0.9887295074000004
0.9887591788666671
0.9887871746000004
0.9888137104333338
0.9888390270333338
0.9888628345666671
0.9888852386666671
0.9889063349333338
0.9889261601666671
0.9889446602333338
0.9889620170333339
0.9889782157000006
0.9889932954333339
0.9890072696666673
0.9890622656000007
0.9891143777000007
0.9891620229000007
0.9892065880000006
0.9892476359000006
0.989285305933334
0.989319707133334
0.989352539033334
0.989383722733334
0.9894174477000006
0.9894458024666672
0.9894725341666673
0.9894978488333339
0.9895249717333339
0.9895476414333338
0.9895689533333338
0.9895890028666672
0.9896101304666671
0.9896276758666671
0.9896441190333338
0.9896594459666671
0.9896754110666671
0.9896886042666672
0.9897165554333338
0.9897607423666671
0.9897943397666671
0.9898237788000004
0.9898457422000004
0.9898652941666671
0.9898827376333338
0.9898982949000005
0.9899468241333338
0.9900116168000005
0.9900577761000005
0.9900965426333338
0.9901281436666671
0.9901540092333337
0.9901770216333338
0.9901975522333337
0.9902156398000004
0.9902339675000004
0.9902487066333338
0.9902624105666671
0.990290428466667
0.9903021725333337
0.990341892466667
0.9904026852333337
0.9904502584000004
0.9904885376666671
0.9905177184666671
0.9905446158333338
0.9905848785000004
0.9906068072000004
0.9906263338000004
0.9906513108666671
0.9906684804333338
0.9906903628000004
0.9907052929000004
0.9907215747000004
0.9907345244000004
0.9907478576000004
0.9907628984666671
0.9908124700666671
0.9908603651000004
0.9909073030000004
0.9909524404666671
0.9909951808333337
0.9910362575333337
0.9910761961000003
0.9911143966333337
0.991151205066667
0.991186195266667
0.9912197357333337
0.9912516640000003
0.991282187466667
0.9913111766000003
0.9913387465000003
0.9913648513333336
0.9913897668333337
0.991413327166667
0.9914354663333337
0.9914563545000004
0.991476177466667
0.9914947419666671
0.9915121235000004
0.9915284151000004
0.9915436434000005
0.9915577798000005
0.9915709693333338
0.9915832011000004
0.9915945320333338
0.9916049677666672
0.9916226107666671
0.9916534492000004
0.9916804804000005
0.9917042027000005
0.9917276368333338
0.9917459858333337
0.9917621690333337
0.9917764874000004
0.991789145766667
0.9918468811000003
0.9918875063000003
0.9919192014333337
0.9919507840333337
0.9919710197000003
0.9919875952333337
0.9920026750000004
0.9920153327666671
0.9920271159000005
0.9920380150000004
0.9920643077333338
0.9920735646000004
0.992110198566667
0.992145737866667
0.9921796554666671
0.9922122618333338
0.9922431969666671
0.992272781966667
0.992300887366667
0.9923276865333337
0.9923530920333337
0.992377188666667
0.992399951066667
0.9924216170333336
0.9924420429000003
0.9924611891000003
0.992479202266667
0.9924962404000003
0.9925121569000003
0.9925270126000003
0.9925408975333336
0.9925538335000003
0.9925658036333336
0.9925769338333336
0.9925872155000003
0.9925967114333336
0.992605424066667
0.992648497566667
0.9926900145333336
0.9927305823000003
0.9927694883000003
0.992806258666667
0.9928414997000004
0.992875661666667
0.9929082405000003
0.9929395354333336
0.9929692069000002
0.9929975612000003
0.9930244789333336
0.9930501231000002
0.9930744188666668
0.9930974419333335
0.9931191729666669
0.9931398380333335
0.9931593004666668
0.9931775284000001
0.9931946612333334
0.9932108484666667
0.9932259574000001
0.9932400444666667
0.9932531985333334
0.9932654399
0.9932767551333334
0.9932872642666667
0.9932969593000001
0.9933059044666668
0.9933141012333334
0.9933372957666667
0.9933629790333334
0.9933763372000001
0.9933880502333334
0.9933983080666667
0.9934343631000001
0.9934669455000001
0.9934984813666669
0.9935454742000002
0.9935727445666669
0.9935974109666669
0.9936260555333335
0.9936496176000001
0.9936694033000002
0.9936870538000002
0.9937035571000002
0.9937190389666669
0.9937336330333336
0.9937472320000003
0.993767613166667
0.9937794048333336
0.9937903536666669
0.9938040790000002
0.9938134362666668
0.9938220456000002
0.9938315736666669
0.9938388190666668
0.9938588584333335
0.9938935198000002
0.9939198785666669
0.9939429163666669
0.9939649881000002
0.9939830629333336
0.9939991224000003
0.9940165265000003
0.9940294168000002
0.9940463956666669
0.9940559300666668
0.9940647542000002
0.9940728620000002
0.9940821841000003
0.994088991566667
0.994122364166667
0.994150008466667
0.994175039666667
0.994197613166667
0.994222397966667
0.9942383820000004
0.9942533019666671
0.9942672711333337
0.9942794922333337
0.9942964771000004
0.9943070308000004
0.9943221911666671
0.9943311892333337
0.9943414048000004
0.9943490370000004
0.9943571048666671
0.9943634981333337
0.9943734765333337
0.9943906530000004
0.9944068380666671
0.9944196147000004
0.9944306548333337
0.9944402430000003
0.9944485561333337
0.9944831463000003
0.994516363266667
0.9945486685333337
0.9945795210000004
0.994608600666667
0.9946363514000004
0.9946631251000004
0.9946885418666671
0.9947128394666671
0.9947357858000004
0.9947576084000005
0.9947782393666672
0.9947977880000005
0.9948162408666672
0.9948336293000005
0.9948499629000005
0.9948654066000004
0.9948798605666671
0.9948933294666671
0.9949059151333337
0.9949177236666671
0.994928689666667
0.9949388481333337
0.9949482789333337
0.9949569955333337
0.9949649999666671
0.9949723816000005
0.9949791361000004
0.9949853301333338
0.9949909616333338
0.9950129210000005
0.9950452723000005
0.9950698262333338
0.9950914660333339
0.9951087633666672
0.9951243362333339
0.9951371264666672
0.9951490660333339
0.9951594477333339
0.9951720330666672
0.9951809428000006
0.9951891682000006
0.9951967132000006
0.9952036627333339
0.9952100129333339
0.9952158302333339
0.9952227203333339
0.9952446616333339
0.9952636027000006
0.9952800821666673
0.995294558233334
0.9953072751000007
0.9953172575333341
0.9953261567666675
0.9953332657666675
0.9953398057333341
0.9953457733333342
0.9953544495000008
0.9953594013666676
0.9953667170666676
0.9953773742666676
0.9953864819000009
0.9953943113666676
0.9954010279333342
0.9954294913666675
0.9954557652333341
0.9954792872000008
0.9955006923000008
0.9955199012333341
0.9955370663333342
0.9955523243333342
0.9955666466666675
0.9955800560333342
0.9955926845666675
0.9956044526666675
0.9956153813333342
0.9956255522666675
0.9956350490000008
0.9956438379000008
0.9956519435000007
0.9956594387666674
0.9956663339000007
0.9956726374000007
0.9956784221000007
0.9956836855666673
0.995688492333334
0.9956928391000007
0.995715391733334
0.9957370595666674
0.995757548833334
0.995777053833334
0.9957954130000007
0.9958128006666674
0.9958291809666674
0.9958446290666674
0.9958591666000007
0.9958727992666674
0.9958855524000008
0.9958975507333341
0.9959087192333341
0.9959190821666675
0.9959287167333342
0.9959377015000008
0.9959460094000008
0.9959536628333341
0.9959607329000008
0.9959672290666675
0.9959731611333341
0.9959785982000008
0.9959835382666674
0.9959880449666674
0.9959921148000007
0.9960196102666674
0.996045913333334
0.9960713654666674
0.9960955679666674
0.9961183209666674
0.9961399377666674
0.9961606886000007
0.9961802952000007
0.9961989438000007
0.9962164852333341
0.996233084333334
0.996248710633334
0.9962634334666673
0.9962772800000007
0.9962902518333341
0.9963023766333341
0.9963137722000007
0.9963243678666673
0.9963341908000006
0.9963433139000006
0.9963518111000006
0.9963596613666673
0.9963668849666674
0.9963735512666674
0.9963796691333341
0.9963852493666674
0.9963903576000007
0.9963949921666674
0.996399215733334
0.9964030246666673
0.9964082718666673
0.9964186846333339
0.9964261917333339
0.9964334067666673
0.9964398215333339
0.9964652343000006
0.9964895132666672
0.9965129654333339
0.9965352332666673
0.996556150133334
0.9965759923333339
0.9965950064000006
0.9966129432000006
0.996629973933334
0.996645972133334
0.996661085033334
0.9966752919000006
0.9966886513666673
0.9967012002666673
0.9967129329000006
0.9967238811000007
0.9967341496000006
0.9967436759333339
0.996752492233334
0.9967606634333339
0.9967682548000005
0.9967752560333338
0.9967816837000005
0.9967876034666672
0.9967930230333338
0.9967979550333338
0.9968024585000005
0.9968065324666672
0.9968102373333338
0.9968135692333339
0.9968355482666672
0.9968522919333339
0.9968694334000006
0.9968827164666673
0.9968917444666673
0.9969000922666673
0.9969096789666673
0.9969162870000006
0.9969218621666672
0.9969269600333339
0.9969357169333339
0.9969399427666673
0.9969437600000006
0.9969483716333339
0.9969514858666673
0.9969738711000006
0.9969943344666673
0.997012526033334
0.9970289149000007
0.9970434871000007
0.997056386633334
0.997067744333334
0.9970783418000007
0.9970882140000007
0.9970974539666674
0.9971060066666674
0.9971139080666673
0.9971212159666674
0.9971279878666673
0.9971342224000007
0.9971399329666674
0.9971451816000007
0.997149974933334
0.9971543270000007
0.9971582907666674
0.9971618659000008
0.9971651102000008
0.9971680197666675
0.9971717361333341
0.9971779433666674
0.9971831643333341
0.9971875427666674
0.9971952103333341
0.9972080803000009
0.9972189531333342
0.9972282142666675
0.9972361359333342
0.9972439395000008
0.9972498421666675
0.9972549761666675
0.9972588102666675
0.9972622932666675
0.9972654253666675
0.9972688032000009
0.9972713396000009
0.9972824730333343
0.997298228900001
0.9973116326333343
0.9973216766333344
0.9973304508333344
0.997337136700001
0.9973433006666677
0.997348524800001
0.9973545354333344
0.9973589045000011
0.9973628796666677
0.9973664762333344
0.997369739200001
0.9973726690333344
0.9973753192000011
0.9973782909000011
0.9973955107333344
0.9974107471000011
0.9974227913000011
0.9974333845666677
0.9974426513666678
0.9974512622333345
0.9974592565000011
0.9974661207333344
0.997474937200001
0.9974820865333344
0.9974870079666677
0.997491494700001
0.9974956014000009
0.9974993331666676
0.9975027055666676
0.997505761100001
0.997508500500001
0.997512176000001
0.9975143832666676
0.9975169435666676
0.9975211999333343
0.997524726100001
0.9975371349666676
0.997554274500001
0.9975667838333343
0.9975751376333343
0.9975812739333343
0.9975864559666676
0.9975908186333343
0.9975944427666676
0.9975999671333343
0.9976029286333343
0.9976068303666676
0.9976092223000009
0.9976120293333343
0.9976139468666676
0.9976192710000009
0.9976281312000009
0.9976355563000009
0.9976418155666675
0.9976471098666675
0.9976516397333342
0.9976568630333341
0.9976596366333341
0.9976621396666675
0.9976643733333341
0.9976663850666675
0.9976681712000008
0.9976850256000008
0.9977010201333342
0.9977163251666675
0.9977307470666675
0.9977442413333342
0.9977569422000009
0.9977690011000009
0.9977802831333342
0.9977908982000009
0.9978008027000009
0.997810076200001
0.9978187306000009
0.9978267866333342
0.9978343074666676
0.9978412664000009
0.997847704700001
0.9978536785333343
0.997859156300001
0.9978641812666676
0.9978687888333343
0.997873012900001
0.997876874400001
0.9978803779666676
0.9978835713333343
0.9978864583333342
0.9978890549000009
0.9978913950000009
0.9978934800000009
0.9978953558000009
0.9978970188333343
0.9978987671666676
0.9979016286666675
0.9979171024000009
0.9979317663333342
0.9979457700666676
0.9979589450333343
0.9979712635666675
0.9979828390666675
0.9979938081000008
0.9980040530333342
0.9980136740000008
0.9980226387333342
0.9980310168666675
0.9980388241000009
0.9980460762000009
0.9980528381666676
0.9980590815000009
0.9980648476000009
0.998070185700001
0.9980750686666676
0.9980795399666677
0.9980836307666676
0.9980873706666676
0.9980907834666677
0.9980938723666677
0.9980966817333343
0.998099215000001
0.9981014879333343
0.9981035308333344
0.9981053453000011
0.998106974100001
0.9981084138666677
0.998119459800001
0.9981299166666677
0.9981396748333344
0.9981488299000011
0.9981573546666678
0.9981653142333344
0.9981727259333344
0.9981796032666678
0.9981860118666678
0.9981919224666678
0.9981973764666677
0.9982024198666677
0.9982070276666677
0.998211243200001
0.998215095700001
0.9982186127666677
0.998221819300001
0.998224718000001
0.9982273515666676
0.9982297231666677
0.9982318484666677
0.9982337560666676
0.9982354476666676
0.9982369645333343
0.9982383033333343
0.9982442767000009
0.9982492320666676
0.9982527047666676
0.9982556370666676
0.9982576235333344
0.9982594040666677
0.9982609804333343
0.998263188500001
0.998264432900001
0.998265589000001
0.9982785882000009
0.9982908725000009
0.9983025554000009
0.998313511900001
0.9983237418000009
0.998333323000001
0.9983423659666677
0.9983507828666677
0.998358656500001
0.9983659730666676
0.9983727852333343
0.9983791143000009
0.9983849680666675
0.9983904127666675
0.9983954178000009
0.9984000239333342
0.9984042686000009
0.9984081322666676
0.9984116574000009
0.9984148680666676
0.9984177866333342
0.9984204403333342
0.9984228303333342
0.9984249947000009
0.9984269360333342
0.9984286693666675
0.9984302187000008
0.9984315859666675
0.9984328079000008
0.9984338815666675
0.9984390349666674
0.9984439244333341
0.9984469437000008
0.9984494333000008
0.9984514590666674
0.9984532736666675
0.9984548918333341
0.9984573072000008
0.9984585797333342
0.9984602192000008
0.9984612158666675
0.9984731107000008
0.9984843353000008
0.9984949877666675
0.9985049617000008
0.9985142679000008
0.9985229694666674
0.9985311653666674
0.9985387804666674
0.9985458899333342
0.9985524873666675
0.9985586182666675
0.9985643058000008
0.9985695546666674
0.9985744307333341
0.9985789030333341
0.9985830115333341
0.9985867887333341
0.9985902182666674
0.9985933416000007
0.9985961798000007
0.9985987523000007
0.9986010871000007
0.9986031846333341
0.9986050799666674
0.9986067754000006
0.9986082854666674
0.9986096314666674
0.9986108153666674
0.9986118711000007
0.9986127958666674
0.9986152096666674
0.9986191443666674
0.9986218053333341
0.9986240139000008
0.9986254225000007
0.9986266762666675
0.9986277772666674
0.998628757933334
0.9986296156666674
0.9986398606000008
0.9986489295000007
0.9986568228666673
0.9986637041666674
0.9986696457000007
0.9986747501666674
0.9986791112666674
0.9986831022000008
0.9986867618666675
0.9986901184666674
0.9986931583666674
0.9986959217666674
0.9986984271000008
0.9987006911333342
0.9987027422666674
0.9987045803000008
0.9987062375000008
0.9987077158666674
0.998709029333334
0.9987101967666674
0.9987112202000007
0.9987121307666673
0.9987129259666673
0.9987204405666673
0.9987274963000007
0.998734034633334
0.9987401204000007
0.9987457562000007
0.9987509782666674
0.9987558117000007
0.9987602574000007
0.9987643797333341
0.9987681479000008
0.9987716001666674
0.9987747627000008
0.9987776231666674
0.9987802211000008
0.9987825736666675
0.9987846965000008
0.9987866179333341
0.9987883375333341
0.9987898862000008
0.9987912659000008
0.9987924901333342
0.9987935767000008
0.9987945276666674
0.9987953728000007
0.9987961097000008
0.9988014538666674
0.9988084873666674
0.998812690933334
0.9988165863666674
0.9988201430000007
0.9988228336666674
0.9988252751666673
0.9988274835000006
0.9988294731666673
0.9988312724333339
0.9988327191666673
0.9988340062666673
0.9988351469000006
0.9988361578000007
0.9988370410666674
0.9988378251666674
0.9988385077666674
0.9988418636000007
0.998845507833334
0.9988478015000007
0.998850829433334
0.9988525136666674
0.9988540170666674
0.9988553680333341
0.998856430333334
0.9988573704666673
0.9988581904666674
0.9988589175666673
0.9988595495666673
0.9988611255000006
0.9988636546333339
0.9988657102000006
0.9988673853666673
0.9988683743666673
0.998869248333334
0.9988700093666674
0.9988706834000007
0.9988712683666674
0.998877423133334
0.9988831772000007
0.998888490133334
0.9988934149666674
0.9988979631000007
0.9989021606666674
0.9989060340000007
0.998909580433334
0.998912860833334
0.9989158455000007
0.9989185700000007
0.9989210537000007
0.9989232885000008
0.9989253106666675
0.9989271332333342
0.9989287678333342
0.9989302419333341
0.9989315543666675
0.9989327310333341
0.9989337735000008
0.9989346938333341
0.9989355059666675
0.9989362119000008
0.9989368364333342
0.9989373775666676
0.9989441472666676
0.9989491877666676
0.9989534951666676
0.998957157000001
0.9989602527333343
0.998962351900001
0.9989640602333344
0.9989654385333344
0.9989665361000011
0.9989673922333344
0.9989681465666678
0.9989688011666678
0.9989697609666678
0.9989702613666678
0.9989743395000011
0.9989778002666678
0.9989809615666678
0.9989850633333345
0.9989870344666678
0.9989888147333345
0.9989902458666677
0.9989915341333344
0.9989925574333344
0.998993461500001
0.998994161900001
0.9989947686333344
0.9989953041666677
0.9989957667333343
0.999001893500001
0.9990071762666677
0.9990110361333343
0.9990143058333343
0.9990170602000009
0.9990193334333343
0.9990211836666676
0.9990228532333343
0.9990243525333343
0.9990255561666677
0.9990266235666676
0.9990275773333342
0.9990284187333343
0.999029158700001
0.9990298087666677
0.999030370900001
0.9990308665000011
0.9990312938666678
0.9990328814000011
0.9990341502000011
0.9990348377000011
0.9990354408000012
0.9990359614333345
0.9990364198666678
0.9990368145666678
0.9990436378666678
0.9990500199333345
0.9990559948000012
0.9990615332000011
0.9990666818000011
0.9990714461000011
0.9990758754333344
0.9990799464333344
0.9990837000333345
0.9990871545666677
0.9990903266666677
0.9990932425000011
0.9990958966000011
0.9990983440666678
0.9991005577000011
0.9991025690333344
0.9991043911333344
0.9991060196666677
0.999107486400001
0.9991088003666677
0.9991099696000011
0.9991110191666678
0.9991119474666678
0.9991127750000011
0.9991135029666678
0.9991141415333344
0.9991147008333344
0.9991151827666678
0.9991156067000011
0.9991159710666677
0.9991204935333344
0.9991246932666678
0.9991282451666678
0.9991315117666678
0.9991342639666678
0.9991367661666678
0.9991388493000012
0.9991407402666679
0.9991422673000012
0.9991436413333346
0.9991448708000013
0.9991459630333346
0.9991469425666679
0.9991478077666679
0.9991485781666679
0.9991492549000013
0.9991498477000013
0.9991503661333346
0.9991508121000013
0.9991512039000013
0.9991515401333346
0.9991573265333347
0.999162327266668
0.999166618966668
0.999170270966668
0.9991733589000014
0.9991759558666681
0.9991781278000014
0.9991800875000014
0.9991818647333348
0.9991834706333348
0.9991849020333348
0.9991861887666681
0.9991873386666681
0.9991883586333348
0.9991892725000014
0.9991900785666681
0.9991907955333348
0.9991914243666681
0.9991919745333347
0.9991924549666681
0.9991928674666681
0.9991932294666681
0.9991935396000015
0.9991976111333348
0.9992013834000015
0.9992048407666682
0.9992080181666682
0.9992109363000015
0.9992136075000014
0.9992160571666681
0.9992182789333347
0.9992203239333347
0.9992221668333348
0.9992238366000015
0.9992253434333348
0.9992266846666681
0.9992278892333347
0.9992289643666681
0.9992299164333347
0.999230768666668
0.9992315194000014
0.9992321863333348
0.9992327704666681
0.9992332808333348
0.9992337258000015
0.9992341071666682
0.9992344414666682
0.9992347274000015
0.9992353475666682
0.9992363186666682
0.9992367919333348
0.9992372039333348
0.9992375564333348
0.9992378650333348
0.9992381285666682
0.9992401993666682
0.9992411382666682
0.9992418786666681
0.9992424551333348
0.9992428938333348
0.999243219466668
0.9992435042333347
0.9992437469666681
0.9992457991666681
0.9992476536000015
0.9992493573666681
0.9992508870666681
0.9992519882333347
0.999252974366668
0.9992538512333348
0.9992546239333348
0.9992553136666681
0.9992558493000014
0.9992563163666681
0.9992567228333348
0.9992570756000014
0.9992573763000014
0.9992576389333347
0.999257862466668
0.999261151066668
0.9992641836000014
0.9992669524333347
0.9992694857666681
0.9992718059000014
0.9992739207333348
0.9992758540666681
0.9992775989666681
0.9992792011000015
0.9992806378000014
0.9992819345666681
0.9992830986666681
0.9992841290666681
0.9992850509333348
0.9992858696666681
0.9992865898666681
0.9992872321333347
0.9992877948000014
0.9992882923333347
0.9992887255000014
0.999289101966668
0.999289428166668
0.9992897057333346
0.9992899479000014
0.9992901536666681
0.9992944380333347
0.9992980937000014
0.9993012091000014
0.9993038264333347
0.9993060155666681
0.9993078364000014
0.9993093425000015
0.9993106913666682
0.9993119077000014
0.9993129981000014
0.9993139619000014
0.9993148233666681
0.9993155874666682
0.9993162585000015
0.9993168564000015
0.9993173794666681
0.9993178414000015
0.9993182430000015
0.9993185915666681
0.9993188931333348
0.9993191492666681
0.9993193724333348
0.9993195617333348
0.9993199339000015
0.9993202564666682
0.9993205351333349
0.9993207713333349
0.9993209769333349
0.9993211510333349
0.9993244365666681
0.9993272300000015
0.9993291771666681
0.9993307906666682
0.9993319785000015
0.9993330475666682
0.9993338899666682
0.9993346415000015
0.9993353064000016
0.9993358883333349
0.9993364058000015
0.9993368572666682
0.9993372550333349
0.9993375998000016
0.999337898233335
0.9993381556000016
0.9993383733666683
0.9993385626666683
0.9993387227000017
0.9993395099000016
0.9993402114666683
0.9993408313666683
0.9993413125666682
0.9993417317666683
0.999342100633335
0.9993424199000016
0.9993426958666682
0.9993429335000016
0.9993431342000015
0.9993433084666682
0.9993434555000015
