0.000126342
0.000128531
0.000120182
0.000122495
0.000137674
0.000139635
0.000134146
0.00013709
0.000135483
0.000143447
0.000144046
0.000150394
0.00014951
0.000158827
0.000159305
0.000165078
0.000163087
0.000163127
0.000171092
0.000173584
0.000168685
0.000177593
0.00018072
0.000186068
0.000188063
0.000194346
0.00019578
0.000195292
0.00020399
0.00020773
0.000202337
0.000504711
0.000513278
0.000485126
0.000494254
0.00054807
0.000555991
0.000538003
0.000549426
0.000544949
0.000573823
0.000577098
0.000600318
0.000598568
0.000631996
0.000635085
0.00065641
0.000650926
0.00065262
0.000681685
0.000691849
0.000676441
0.000708854
0.000721384
0.000741492
0.000750167
0.00077372
0.000780508
0.000780831
0.00081272
0.000827732
0.000811234
0.001134505
0.001153522
0.001097145
0.001117509
0.001229444
0.001247356
0.001212112
0.001237337
0.001229847
0.001290848
0.001299371
0.001348733
0.001347146
0.001417288
0.001425773
0.001471419
0.001462328
0.001468153
0.00152985
0.001552965
0.001523817
0.001592473
0.001620674
0.001664209
0.001684625
0.001735524
0.001752161
0.00175587
0.001823772
0.001857591
0.001827161
0.002015082
0.00204855
0.00195717
0.001993138
0.002180493
0.002212437
0.002156389
0.002200612
0.002190568
0.002293953
0.002310551
0.002394631
0.002394773
0.002513031
0.002530029
0.002608208
0.002596127
0.00260901
0.002713979
0.002755356
0.002710515
0.002827116
0.002877232
0.002952436
0.002989834
0.00307763
0.003108899
0.003119236
0.003235033
0.003295168
0.003249522
0.003145659
0.003197518
0.003065533
0.003121421
0.003399928
0.003449936
0.003370391
0.003438701
0.003426983
0.003582308
0.003609979
0.003736842
0.003740644
0.003917547
0.0039464
0.004064905
0.004050958
0.00407413
0.004232356
0.004297311
0.004235721
0.004411202
0.004489436
0.004604221
0.004663946
0.004797792
0.004848654
0.004869312
0.005044183
0.005138091
0.005077028
0.004525295
0.004599428
0.004422156
0.004502229
0.004886363
0.00495845
0.004853379
0.004950771
0.004938582
0.00515483
0.005196695
0.005373986
0.005383658
0.005629029
0.005673235
0.005839513
0.005825211
0.005862124
0.006083051
0.006176882
0.006098183
0.006342848
0.006455346
0.006617341
0.006704797
0.006893501
0.006969034
0.007004037
0.007248573
0.007383636
0.007307789
0.006152879
0.00625311
0.006026633
0.006135103
0.006638274
0.00673643
0.006604353
0.006735727
0.006724528
0.00701019
0.007069457
0.007304457
0.007322425
0.00764548
0.007708655
0.007929845
0.007917005
0.007971281
0.008263876
0.008391848
0.008296246
0.008619848
0.008772687
0.00898926
0.009109877
0.009361928
0.009467284
0.009520906
0.009845174
0.010028683
0.009939359
0.008027126
0.008157221
0.007878279
0.008019301
0.008653978
0.008782158
0.008622059
0.008792223
0.008783689
0.009146812
0.009226757
0.009526412
0.009555277
0.00996469
0.010050536
0.010333492
0.010324184
0.010399571
0.01077237
0.010939699
0.010827877
0.011239663
0.011438837
0.011717106
0.011876312
0.012199898
0.012340266
0.012416978
0.012830556
0.013069689
0.012968761
0.010146576
0.010310238
0.009976148
0.010153815
0.010931621
0.011093737
0.010905007
0.011118671
0.01111466
0.011562881
0.011666823
0.012037769
0.012080277
0.01258422
0.012696499
0.013047806
0.013044309
0.013144654
0.013605785
0.013817626
0.013690676
0.014199421
0.014450828
0.014797666
0.015000866
0.015403877
0.015584459
0.015688875
0.016200879
0.016502686
0.016392502
0.012509596
0.012710462
0.012319057
0.012537398
0.013469171
0.013669087
0.013451475
0.013713251
0.01371577
0.014256342
0.01438763
0.014836206
0.014895219
0.015501398
0.015643913
0.016069892
0.016074661
0.016203882
0.016761084
0.017022518
0.016881887
0.017495914
0.017805344
0.01822738
0.018479933
0.018969965
0.01919595
0.019332794
0.019951891
0.020323275
0.02020659
0.015114375
0.015356014
0.014905597
0.015168568
0.016264415
0.016505939
0.016259514
0.01657391
0.0165851
0.017224905
0.017386903
0.017919164
0.017997635
0.018713312
0.018889886
0.019396603
0.01941224
0.019574303
0.020234941
0.020550959
0.020398408
0.021125606
0.021498727
0.022002344
0.022309548
0.0228939
0.023170439
0.023344512
0.024078925
0.024526626
0.024406549
0.017958933
0.01824484
0.017734142
0.018045622
0.019314958
0.019601836
0.019326958
0.019698373
0.019720483
0.020466049
0.020662122
0.021283844
0.021384801
0.02221681
0.022431273
0.023024538
0.02305377
0.023252669
0.024023738
0.024399235
0.024236797
0.025084628
0.025526977
0.026118308
0.026485381
0.027171052
0.027503245
0.02771939
0.02857691
0.029107486
0.028987429
0.021041116
0.021374709
0.020802856
0.021166646
0.022618223
0.022954131
0.022651422
0.023084143
0.023119517
0.023977027
0.024210529
0.024927212
0.025053742
0.026008503
0.026264674
0.026950047
0.0269957
0.027235442
0.028123571
0.028563334
0.028393285
0.029368792
0.02988576
0.030570686
0.031002752
0.031796436
0.032189306
0.03245239
0.03344037
0.034060187
0.033943818
0.024358601
0.024743217
0.0241097
0.024529513
0.026171452
0.026559992
0.026230312
0.026728509
0.026779569
0.027754865
0.028029132
0.028846005
0.029001234
0.030084765
0.030386441
0.031169225
0.03123421
0.031518794
0.032530257
0.033038951
0.03286378
0.033973592
0.034570415
0.035354558
0.03585663
0.036764713
0.037223194
0.037538077
0.038663438
0.039378649
0.039269859
0.0279089
0.028347791
0.027652442
0.028131901
0.029971707
0.0304164
0.030060829
0.030628547
0.03069778
0.031796372
0.032114708
0.033036732
0.033223814
0.034441735
0.03479268
0.035677925
0.035765216
0.036098621
0.037239332
0.037821494
0.037643876
0.038894211
0.039575959
0.040464679
0.041041645
0.042070198
0.042599118
0.042970632
0.044239861
0.045056395
0.044959259
0.031689359
0.032185689
0.031428654
0.031971287
0.034015875
0.034520153
0.03413997
0.03478113
0.034871074
0.036098142
0.036463811
0.037495678
0.037717781
0.039075327
0.039479254
0.040471754
0.040584376
0.040970547
0.042246062
0.04290609
0.042728863
0.044125532
0.044897098
0.045895484
0.046552098
0.047706869
0.048310934
0.048743866
0.050163013
0.051086562
0.051005304
0.035697164
0.036254005
0.035435727
0.036044961
0.038300668
0.038867872
0.038464538
0.039182927
0.03929616
0.040656559
0.041072776
0.042218911
0.042479203
0.043981225
0.044441793
0.045546084
0.045687095
0.046129927
0.047545449
0.048287592
0.048113735
0.049662139
0.050528232
0.051641103
0.052381965
0.053668377
0.054352157
0.054851225
0.056425904
0.057461908
0.057400878
0.039929344
0.040549669
0.039670869
0.040350026
0.042822626
0.043456
0.043031143
0.043830411
0.043969541
0.045467802
0.045937726
0.047202286
0.047503926
0.049154898
0.049675695
0.050896055
0.051068533
0.051571861
0.053132235
0.053960588
0.053793197
0.055498335
0.056463467
0.05769536
0.058524912
0.059948055
0.060715973
0.06128581
0.063021196
0.064174833
0.064138469
0.044382773
0.045069456
0.044131112
0.044883405
0.047578124
0.04828081
0.047836209
0.048719864
0.048887515
0.050527851
0.051054575
0.052441451
0.052787576
0.0545916
0.055176139
0.056516581
0.056723611
0.057291198
0.059000915
0.059919404
0.059761681
0.061628145
0.062696623
0.064051795
0.064974305
0.066538932
0.067395248
0.068040383
0.069941212
0.071217386
0.071210194
0.049054174
0.049809985
0.048813319
0.049641847
0.052563375
0.053338404
0.052875976
0.053847382
0.054046188
0.055832493
0.056419038
0.057931853
0.058325568
0.060286378
0.060938082
0.062402358
0.06264702
0.063282544
0.065145739
0.066158122
0.066013345
0.068045325
0.069221246
0.070703664
0.071723219
0.07343374
0.074382542
0.075107387
0.077177954
0.078581283
0.078607808
0.053940125
0.054767728
0.053714186
0.05462193
0.057774431
0.058624724
0.05814651
0.059208881
0.059441475
0.061377326
0.062026633
0.063668742
0.064113113
0.066234078
0.066956275
0.068547873
0.068833228
0.069540274
0.071560728
0.07267058
0.072542095
0.074743378
0.076030616
0.077643959
0.07876445
0.080624931
0.081670123
0.082478954
0.084723112
0.086257921
0.086322725
0.059037058
0.059939006
0.058830247
0.059820068
0.063207192
0.064135553
0.063643706
0.064800102
0.065069107
0.067157767
0.06787269
0.069647184
0.070145224
0.072429352
0.073225268
0.074947406
0.075276487
0.076058536
0.078239676
0.079450386
0.079341585
0.081715559
0.083117764
0.084865411
0.086090531
0.088104688
0.089249979
0.090146923
0.092568087
0.094238397
0.094346033
0.064341271
0.065320004
0.064157883
0.065232515
0.068857408
0.06986652
0.069363293
0.070616616
0.070924636
0.073169058
0.073952359
0.075862061
0.076416723
0.078866667
0.079739413
0.081595045
0.081970846
0.082831264
0.085176162
0.086490928
0.086405234
0.088954888
0.090475475
0.092360511
0.09369374
0.095864935
0.097113832
0.098102855
0.100703998
0.102513519
0.102668511
0.069848924
0.070906766
0.069693322
0.07085537
0.074720687
0.075813107
0.075300841
0.076653833
0.077003446
0.079406271
0.080260614
0.082308079
0.082922251
0.085540311
0.08649288
0.088484688
0.088910155
0.089852185
0.092363563
0.093785382
0.093726237
0.096454164
0.098096306
0.100121514
0.101566118
0.103897358
0.105253155
0.106338048
0.109121704
0.11107383
0.111280652
0.075556051
0.076695206
0.075432646
0.076684585
0.080792495
0.081970654
0.081451768
0.082907005
0.083300756
0.085864318
0.086792261
0.08897978
0.089656271
0.092444401
0.093479659
0.095610059
0.096088076
0.097114832
0.099795059
0.101326727
0.101297571
0.10420597
0.105972599
0.10814046
0.109699476
0.112193413
0.113659184
0.114843552
0.117811819
0.119909617
0.120172673
0.081458557
0.08268111
0.081371799
0.082715966
0.087068168
0.088334363
0.087811342
0.089371236
0.089811625
0.092537955
0.093541946
0.095871545
0.096613083
0.099572891
0.100693572
0.102964708
0.103498094
0.10461255
0.107463646
0.109107748
0.109112013
0.112202692
0.114096489
0.116409181
0.118085418
0.120744344
0.122322935
0.123610184
0.126764726
0.129010938
0.129334543
0.087552231
0.088860141
0.087506589
0.088945185
0.093542913
0.094899307
0.094374692
0.096041483
0.096530965
0.099421789
0.100504162
0.102977604
0.103786824
0.106919581
0.108128281
0.110542028
0.111133523
0.112338508
0.115362147
0.117121058
0.117162147
0.120436529
0.122459921
0.124919316
0.126715344
0.129541195
0.131235219
0.13262855
0.135970601
0.138367633
0.138755995
0.093832744
0.095227846
0.093832695
0.095367779
0.100211815
0.101660433
0.101136813
0.102912569
0.103453541
0.106510288
0.107673257
0.110292041
0.111171483
0.114478125
0.115777295
0.11833526
0.11898752
0.12028571
0.123483222
0.125359099
0.125440377
0.128899502
0.131054658
0.133662325
0.135580475
0.138574828
0.140386658
0.141889055
0.145419423
0.147969344
0.148426548
0.10029566
0.10177966
0.10034567
0.10197916
0.107069845
0.108612571
0.108092569
0.109979186
0.110573984
0.113797785
0.115043441
0.117808807
0.118760906
0.122242042
0.123633983
0.126337505
0.127053094
0.128447004
0.131819379
0.13381416
0.133938943
0.137583472
0.139872303
0.142629506
0.144671862
0.147835937
0.149767702
0.151381923
0.155100996
0.157805538
0.158335529
0.106936434
0.108510909
0.107040954
0.10877462
0.114111861
0.115750438
0.115236705
0.117235903
0.117886795
0.12127849
0.122608793
0.125521723
0.126548804
0.13020472
0.13169158
0.134541732
0.135323113
0.136815094
0.140362985
0.142478387
0.142649927
0.14648015
0.148904302
0.151812003
0.153980398
0.157315063
0.159368644
0.161097216
0.165004966
0.167865519
0.168472089
0.113750426
0.115416822
0.113913868
0.115749336
0.121332621
0.123068645
0.122563851
0.124677171
0.125386351
0.128946492
0.130363273
0.133424492
0.134528766
0.138359431
0.139943199
0.142940787
0.143790317
0.145382552
0.149106278
0.151343792
0.151565269
0.155581109
0.158141967
0.161200826
0.163496842
0.16700261
0.169179634
0.171024846
0.175120839
0.178138453
0.178825225
0.120732897
0.122492529
0.120959632
0.122898378
0.128726783
0.130561704
0.130068529
0.132297336
0.133066918
0.136795771
0.138300725
0.141510706
0.142694262
0.146699334
0.148381837
0.151527407
0.15244733
0.154141825
0.158041379
0.160402271
0.160676781
0.1648778
0.167576482
0.17078686
0.173211825
0.176888861
0.179190703
0.181154598
0.185437998
0.188613383
0.189383799
0.127879023
0.129733072
0.128173364
0.130216712
0.136288916
0.138224036
0.137745159
0.140090639
0.140922654
0.144820205
0.14641489
0.149773853
0.151038657
0.155217491
0.157000389
0.160294225
0.161286667
0.16308525
0.167160302
0.169645611
0.169976155
0.174361563
0.177198923
0.180560884
0.183115869
0.186963996
0.189391771
0.191476143
0.195945723
0.199279248
0.20013656
0.135183896
0.137133407
0.135550084
0.137699212
0.144013502
0.146049974
0.14558807
0.148051226
0.148947616
0.153013577
0.154699409
0.15820733
0.159555216
0.163906869
0.165791657
0.169233786
0.170300747
0.172205064
0.176454965
0.179065505
0.179454981
0.184023641
0.187000268
0.190513584
0.193199404
0.197218101
0.199772669
0.20197906
0.206633208
0.210124906
0.211072161
0.142642527
0.144688415
0.143084728
0.145340658
0.151894948
0.154033774
0.153591501
0.156173161
0.157135771
0.161369583
0.163147836
0.166804446
0.168237117
0.172760356
0.174748355
0.17833855
0.179481904
0.181493413
0.185917205
0.18865356
0.189104756
0.193855192
0.196971412
0.200635566
0.203452778
0.207641193
0.210323153
0.212652847
0.217489579
0.221139149
0.22217918
0.150249859
0.152392901
0.150772147
0.153135749
0.159927587
0.162169619
0.161749614
0.164450422
0.165481002
0.169881841
0.171753644
0.175558436
0.177077457
0.181770765
0.183863124
0.187600911
0.188822393
0.190942366
0.195538787
0.198401315
0.198916897
0.203847305
0.207103181
0.210917371
0.213866277
0.218223227
0.221032922
0.223486945
0.228503913
0.232310723
0.233446143
0.158000767
0.160241604
0.158607116
0.161079109
0.168105688
0.170451626
0.170056495
0.172876918
0.173977117
0.1785439
0.180510235
0.184462465
0.186069261
0.19093085
0.193128543
0.197013197
0.19831441
0.200543926
0.205311415
0.208300249
0.208882756
0.213991012
0.217386346
0.221349493
0.224430136
0.22895412
0.231891633
0.234470751
0.239665254
0.243628346
0.244861538
0.165890063
0.168229204
0.166584339
0.169165288
0.176423462
0.178873855
0.178506168
0.181446495
0.182617853
0.187349244
0.189410945
0.193509642
0.195205494
0.200233307
0.202537131
0.20656769
0.207950092
0.21029004
0.215226747
0.218341796
0.218993632
0.224277299
0.227811636
0.231922386
0.235134559
0.239823757
0.242888917
0.245593634
0.250962631
0.25508073
0.256413839
0.173912507
0.176350325
0.174698458
0.177388775
0.184875069
0.187430314
0.187092597
0.190152939
0.191396889
0.196291306
0.198449058
0.202693023
0.204479067
0.209670789
0.212081367
0.21625663
0.217721535
0.22017261
0.225276404
0.228517353
0.229240781
0.234697121
0.238369753
0.242626485
0.245969729
0.250822017
0.254014399
0.256844956
0.262385079
0.266656592
0.268091522
0.182062809
0.18459954
0.182944055
0.185744001
0.193454622
0.196114966
0.195809696
0.198989988
0.200307851
0.20536347
0.20761781
0.212005624
0.213882849
0.219235916
0.221753691
0.226072228
0.227620802
0.230183504
0.23545198
0.238818297
0.239615432
0.245241416
0.249051383
0.253452216
0.256925822
0.261938779
0.265257707
0.268214088
0.273921651
0.27834468
0.279883088
0.190335634
0.192971383
0.191315662
0.194225345
0.202156197
0.204921736
0.204651335
0.207951336
0.209344319
0.214559083
0.216910397
0.221440428
0.223409674
0.22892128
0.23154652
0.236006673
0.237639934
0.24031457
0.245745058
0.249235991
0.250108797
0.255901117
0.259847212
0.264390012
0.267993028
0.273163943
0.276608494
0.279690421
0.285561436
0.290133784
0.291777077
0.198725609
0.201460349
0.199807764
0.202827142
0.210973839
0.21384452
0.213611347
0.217030646
0.218499838
0.223871463
0.226319987
0.230990393
0.233052349
0.238719459
0.241452253
0.246052147
0.24777096
0.250557642
0.256147216
0.259761803
0.260712085
0.266667162
0.270747939
0.275430326
0.279161558
0.284487441
0.288056449
0.291263388
0.297293579
0.302012759
0.303762087
0.207227331
0.210060901
0.208414808
0.21154369
0.219901566
0.222877188
0.222683536
0.226221549
0.227767922
0.233293905
0.235839727
0.240648464
0.242803667
0.248623023
0.251463286
0.25620083
0.258005908
0.260904555
0.266650043
0.27038711
0.271416512
0.277530511
0.281744286
0.286563642
0.290421662
0.295899255
0.299591314
0.302922478
0.309107294
0.313970535
0.315826796
0.215835369
0.218767478
0.217131206
0.220369254
0.228933379
0.232013595
0.231861684
0.23551766
0.237142064
0.242819691
0.245462748
0.250407575
0.252656413
0.258624542
0.261572013
0.266444912
0.268336814
0.271347153
0.277245146
0.281103316
0.282213318
0.288482155
0.292827015
0.297780493
0.301763641
0.307389426
0.311202899
0.314657251
0.32099188
0.32599614
0.327959974
0.22454427
0.2275745
0.225951347
0.229298074
0.238063266
0.241247583
0.241139557
0.24491258
0.246615744
0.252442095
0.255182178
0.260260665
0.26260337
0.268716599
0.271770846
0.276776604
0.278755732
0.281877301
0.287924164
0.291901856
0.293093769
0.299513129
0.303986937
0.309071469
0.313177862
0.318948074
0.322881096
0.326457353
0.332936737
0.338078713
0.340150501
0.23334857
0.236476373
0.234869596
0.238324371
0.24728521
0.250572993
0.250510912
0.254399904
0.256182434
0.262154395
0.264991147
0.27020068
0.272637336
0.278891798
0.282052214
0.287188143
0.289254747
0.292486894
0.298678775
0.302774215
0.304049181
0.310614524
0.315214925
0.320427234
0.324654767
0.330565405
0.334615891
0.338312528
0.344931381
0.350207517
0.352387387
0.24224279
0.245467495
0.243880303
0.247442355
0.256593195
0.259983667
0.259969508
0.263973231
0.265835608
0.271949876
0.274882795
0.280220585
0.282751122
0.289142768
0.292408581
0.297671806
0.29982598
0.303167869
0.309500709
0.313711933
0.315070919
0.321777498
0.326501929
0.331838534
0.336184892
0.342231731
0.34639738
0.350212638
0.356965458
0.362371959
0.364659783
0.251221451
0.254542263
0.252977812
0.256646228
0.265981211
0.269473457
0.269509106
0.273626167
0.275568749
0.281821841
0.284850283
0.29031337
0.292937569
0.299462177
0.302832447
0.308219917
0.310461601
0.313912212
0.320381759
0.324706617
0.326150419
0.332993288
0.337838982
0.343296211
0.347758874
0.353937476
0.358215781
0.362147672
0.369028757
0.374561601
0.376956999
0.260279074
0.263695078
0.262156463
0.265930192
0.275443262
0.279036233
0.279123481
0.283352336
0.285375354
0.291763617
0.294886795
0.300472061
0.303189552
0.309842737
0.313316361
0.318824855
0.321153837
0.324711971
0.331313786
0.335749951
0.337279188
0.34425322
0.349217216
0.354791214
0.359367466
0.365673193
0.370061448
0.37410776
0.381111227
0.386766173
0.389268516
0.269410188
0.272920348
0.271410599
0.275288456
0.284973372
0.288665883
0.288806427
0.293145383
0.295248945
0.301768563
0.304985551
0.310689722
0.31349999
0.320277216
0.32385293
0.329479065
0.33189498
0.335559263
0.342288736
0.346833707
0.348448826
0.35554872
0.360627871
0.366314612
0.371001546
0.377429571
0.38192488
0.386083188
0.393202985
0.398975589
0.401584003
0.278609332
0.282212499
0.280734572
0.284715241
0.294565589
0.298356328
0.298551763
0.302998983
0.305183073
0.311830075
0.315139813
0.320959467
0.32386185
0.330758439
0.334434825
0.340175064
0.342677397
0.346446283
0.353298641
0.357949754
0.359651024
0.366871325
0.372062303
0.377857602
0.382652129
0.389197453
0.393796736
0.398064407
0.405294329
0.411179958
0.413893329
0.287871066
0.291565975
0.29012275
0.294204785
0.304213994
0.30810152
0.30835334
0.312906848
0.315171326
0.321941597
0.32534289
0.331274468
0.33426816
0.341279304
0.345054788
0.350905451
0.353493539
0.357365314
0.364335635
0.369090067
0.370877584
0.378212689
0.383512001
0.389411521
0.39431038
0.40096784
0.405667844
0.410042045
0.417375754
0.423369594
0.426186574
0.297189971
0.300975247
0.29956952
0.30375135
0.313912704
0.317895454
0.318205047
0.322862732
0.325207336
0.332096624
0.335588146
0.341627959
0.344712013
0.351832782
0.355705646
0.361662913
0.364335949
0.368308738
0.375391958
0.380246734
0.382120422
0.389564598
0.39496859
0.400967853
0.40596762
0.412731905
0.417529213
0.422006921
0.429437958
0.435535032
0.438454044
0.306560654
0.310434817
0.309069295
0.313349228
0.323655879
0.32773217
0.328100817
0.33286044
0.335284783
0.34228871
0.345869009
0.352013245
0.355186575
0.362411931
0.36638031
0.372440235
0.375197269
0.379269037
0.386459967
0.391411969
0.393371581
0.400918976
0.406423842
0.412518244
0.417615339
0.424481002
0.42937204
0.433950051
0.441471854
0.447667034
0.450686279
0.315977758
0.319939222
0.318616523
0.322992747
0.333437729
0.337605761
0.338034635
0.342893828
0.345397407
0.352511475
0.356178976
0.362423707
0.365685093
0.373009897
0.377071789
0.383230306
0.386070246
0.39023881
0.397532143
0.402578116
0.404623236
0.412267894
0.417869686
0.424054505
0.429245203
0.436206674
0.441187726
0.445862662
0.453468582
0.4597566
0.462874065
0.325435963
0.329483041
0.328205683
0.332676273
0.343252514
0.347510378
0.348000541
0.352956818
0.355539009
0.362758612
0.366511618
0.372852811
0.376200901
0.383619925
0.387773193
0.394026126
0.396947746
0.401210774
0.408601098
0.41373766
0.415867704
0.423603577
0.429298218
0.435568623
0.440849065
0.447900666
0.452967877
0.457736199
0.465419513
0.47179498
0.475008445
0.334929989
0.339060898
0.337831302
0.34239422
0.353094558
0.357440233
0.357992635
0.363043396
0.365703458
0.373023891
0.376860591
0.383294114
0.386727426
0.394235365
0.398477741
0.404820814
0.407822754
0.412177773
0.419659584
0.424883232
0.427097454
0.434918416
0.440701704
0.447052772
0.452418969
0.459554926
0.464704317
0.469562332
0.477316264
0.483773678
0.487080726
0.344454608
0.348667469
0.347487949
0.352141054
0.362958245
0.367389608
0.368005089
0.373147621
0.3758847
0.383301165
0.387219636
0.393741267
0.397258194
0.404849675
0.409178771
0.415607611
0.418688383
0.423132787
0.430700499
0.436007619
0.438305111
0.446204969
0.452072593
0.458499315
0.463947163
0.471161619
0.476389095
0.48133297
0.4891507
0.495684464
0.499082487
0.354004638
0.358297484
0.357170249
0.361911295
0.37283803
0.377352858
0.378032143
0.383263632
0.38607676
0.393584377
0.397582589
0.404188025
0.40778684
0.41545643
0.419869738
0.426379892
0.429537882
0.434068936
0.441716893
0.447103765
0.449483465
0.457455973
0.463403518
0.469900812
0.475426103
0.482713131
0.488014493
0.493040261
0.500914944
0.507519378
0.511005588
0.363574959
0.367945733
0.366872882
0.371699526
0.382728442
0.387324417
0.388068117
0.393385649
0.396273748
0.403867567
0.407943386
0.414628249
0.418307108
0.426049328
0.430544227
0.437131167
0.440364641
0.444979489
0.452701976
0.458164785
0.460625477
0.468664351
0.474687309
0.481250033
0.486848459
0.494202077
0.499573031
0.504676602
0.512601383
0.519270737
0.522842178
0.373160506
0.377607073
0.37659059
0.381500396
0.392624086
0.3972988
0.398107415
0.403507982
0.406469868
0.414144872
0.418296066
0.425055914
0.428812861
0.436622194
0.441195958
0.447855087
0.451162197
0.455857867
0.463649121
0.469183966
0.471724287
0.479823211
0.485916995
0.492539953
0.498207123
0.505621304
0.511057471
0.516234647
0.524202674
0.530931143
0.534584697
0.382756282
0.387276425
0.386318181
0.391308623
0.402519652
0.407270612
0.408144525
0.413625034
0.416659419
0.424410537
0.42863478
0.435465112
0.439298084
0.447168984
0.451818787
0.458545453
0.461924237
0.466697652
0.474551872
0.480154772
0.482773215
0.490925863
0.497085811
0.503763768
0.509495213
0.516963901
0.522460827
0.52770731
0.535711747
0.542493486
0.546225884
0.392357358
0.396948786
0.396050534
0.401119002
0.412409917
0.417234546
0.418174031
0.423731305
0.426836799
0.434658914
0.438953793
0.445850059
0.449756889
0.457683794
0.462406713
0.469196216
0.472644609
0.477492587
0.485403949
0.491070853
0.493765774
0.501965811
0.508187202
0.514914894
0.520706079
0.528223198
0.533776369
0.539087769
0.547121813
0.553950947
0.557758782
0.401958876
0.406619228
0.405782602
0.410926406
0.422289748
0.427185394
0.428190612
0.4338214
0.436996515
0.444884473
0.449247489
0.456205099
0.460183521
0.46816086
0.472953886
0.479801485
0.483317319
0.488236587
0.49619925
0.501926044
0.504695666
0.51293677
0.519214828
0.525986973
0.531833307
0.539392776
0.544997623
0.550369475
0.558426367
0.565297005
0.56917674
0.411556055
0.416282903
0.415509417
0.420725793
0.432154108
0.437118047
0.438189047
0.443890027
0.447133181
0.455081799
0.459510375
0.466524706
0.470572362
0.478594563
0.483454606
0.490355529
0.493936541
0.498923739
0.506931859
0.512714376
0.515556796
0.523832661
0.530162571
0.536973876
0.542870724
0.550466467
0.556118379
0.561546149
0.569619189
0.576525437
0.580473418
0.421144194
0.425935047
0.425226094
0.430512208
0.441998057
0.4470275
0.448164221
0.453932008
0.457241529
0.465245602
0.469737088
0.476803491
0.480917935
0.488979437
0.49390333
0.500852783
0.504496621
0.509548308
0.517596046
0.523430075
0.526343266
0.53464762
0.541024534
0.54786971
0.553812398
0.561438359
0.567132692
0.572611789
0.580694346
0.587630321
0.591642788
0.430718674
0.435570984
0.434927834
0.440280787
0.45181676
0.456908853
0.458111127
0.463942277
0.467316405
0.475370719
0.479922394
0.487036203
0.491214907
0.499310167
0.504294675
0.511287851
0.514992077
0.520104742
0.528186274
0.534067566
0.537049389
0.545376
0.551795046
0.558668815
0.564652646
0.572302797
0.578034884
0.583560674
0.591646199
0.59860604
0.602679136
0.440274963
0.445186127
0.444609929
0.45002676
0.461605483
0.466757319
0.468024869
0.473915887
0.477352779
0.485452115
0.490061198
0.497217736
0.501458093
0.509581597
0.514623421
0.521655506
0.525417605
0.53058767
0.5386972
0.544621477
0.547669683
0.556012372
0.562468667
0.569365773
0.575386031
0.583054385
0.588819548
0.59438736
0.602469399
0.609447279
0.613577062
0.449808619
0.454775984
0.454267762
0.459745456
0.471359605
0.476568223
0.477900668
0.483848012
0.487345747
0.49548489
0.500148539
0.507343127
0.51164246
0.51978873
0.524884516
0.531950697
0.53576808
0.540991912
0.549123677
0.555086643
0.55819888
0.566551531
0.573040188
0.579955405
0.586007368
0.59368799
0.599481548
0.605086687
0.613158891
0.620149028
0.624331485
0.459315289
0.464336158
0.463896816
0.469432307
0.481074614
0.486337006
0.487733863
0.493733952
0.497290531
0.505464279
0.510179602
0.517407566
0.521763131
0.52992673
0.535073076
0.542168552
0.546038562
0.551312477
0.55946076
0.565458105
0.568631926
0.576988493
0.583504632
0.590432775
0.596511725
0.60419874
0.61001602
0.615653776
0.62370991
0.63070658
0.634937634
0.468790719
0.473862353
0.47349267
0.479082847
0.490746112
0.496059228
0.497519913
0.503569131
0.507182486
0.515385657
0.520149712
0.527406392
0.531815383
0.539990928
0.545184389
0.552304376
0.556224295
0.561544566
0.569703705
0.575731115
0.578963983
0.587318504
0.593857258
0.60079319
0.606894419
0.614582026
0.620418369
0.626084032
0.634117986
0.641115533
0.645391057
0.47823075
0.483350373
0.483051006
0.48869272
0.500369819
0.505730574
0.507254402
0.513349105
0.517017102
0.525244541
0.530054346
0.537335099
0.541794655
0.549976823
0.555213916
0.562353655
0.56632071
0.571683577
0.579847969
0.585901133
0.589190429
0.597537033
0.604093559
0.611032203
0.617151023
0.624833502
0.630684277
0.63637314
0.644378939
0.651371785
0.655687611
0.487631323
0.492796128
0.492567614
0.498257676
0.509941571
0.515346847
0.516933042
0.523069563
0.526790004
0.53503659
0.539889127
0.547189335
0.551696548
0.55988008
0.565157293
0.572312059
0.576323428
0.5817251
0.589889215
0.595963834
0.599306863
0.607639777
0.614209266
0.621145609
0.627277363
0.634949083
0.640809693
0.646517067
0.65448888
0.661471533
0.665823465
0.496988483
0.502195632
0.502038389
0.507773582
0.519457328
0.524903981
0.52655167
0.532726327
0.536496956
0.544757611
0.549649828
0.556964909
0.561516823
0.569696538
0.575010335
0.582175442
0.586228258
0.591664926
0.599823311
0.605915104
0.609309104
0.617622662
0.624200343
0.631129446
0.637269515
0.644924948
0.650790837
0.656512058
0.664444205
0.671411274
0.675795097
0.506298377
0.51154501
0.511459335
0.517236417
0.528913172
0.534398036
0.536106257
0.542315355
0.546133863
0.554403558
0.559332379
0.566657787
0.571251411
0.579422204
0.584769033
0.591939843
0.596031202
0.601499041
0.609646332
0.615751043
0.619193187
0.62748184
0.634062993
0.64098
0.647123809
0.654757532
0.660624198
0.666354636
0.674241597
0.681187795
0.685599286
0.515557261
0.520840497
0.52082657
0.526642277
0.538305309
0.543825199
0.545592906
0.551832744
0.555696772
0.563970533
0.568932861
0.576264098
0.580896405
0.589053262
0.594429558
0.601601484
0.605728451
0.611223632
0.619354555
0.625467963
0.628955372
0.637213691
0.643793651
0.650693793
0.656836823
0.664443531
0.670306529
0.676041601
0.683878021
0.690798177
0.695233116
0.524761494
0.530078438
0.530136324
0.535987378
0.54763007
0.553181793
0.555007853
0.561274731
0.565181877
0.57345479
0.578447512
0.585780129
0.590448068
0.598586065
0.60398826
0.611156776
0.61531639
0.620835082
0.628944466
0.635062387
0.638592133
0.646814822
0.653388988
0.660267592
0.666405385
0.673979895
0.679834847
0.685570021
0.693350719
0.700239785
0.704693962
0.533907551
0.539255294
0.539384944
0.545268055
0.556883917
0.562464269
0.564347469
0.570637693
0.574585513
0.582852734
0.587872727
0.595202334
0.59990283
0.608017142
0.613441669
0.620602316
0.624791594
0.630329975
0.638412754
0.644531053
0.648100167
0.656282062
0.662845904
0.669698401
0.675826566
0.683363826
0.68920643
0.694937235
0.702657208
0.709510267
0.713979496
0.542992012
0.548367641
0.548568894
0.554480764
0.566063437
0.571669212
0.573608263
0.579918149
0.583904165
0.592160922
0.597205057
0.604527326
0.609257288
0.617343196
0.622786495
0.629934883
0.634150831
0.639705091
0.647756315
0.653870907
0.657476387
0.665612466
0.672161533
0.678983459
0.685097683
0.692592778
0.698418812
0.704140846
0.711795275
0.718607546
0.723087673
0.552011573
0.557412168
0.557684756
0.563622088
0.575165348
0.580793343
0.582786882
0.589112761
0.593134464
0.601376064
0.606441213
0.613751884
0.61850821
0.626561103
0.632019627
0.639151446
0.643391057
0.648957408
0.656972244
0.663079105
0.666717919
0.674803311
0.681333234
0.68812024
0.694216292
0.701664449
0.707469779
0.713178717
0.720762971
0.72752982
0.73201673
0.560963042
0.566385685
0.566729231
0.572688729
0.584186497
0.589833515
0.591880109
0.598218335
0.602273187
0.610495024
0.615578062
0.622872947
0.627652532
0.635667913
0.641138132
0.648249154
0.652509422
0.658084101
0.66605784
0.67215301
0.675822108
0.68385209
0.690358592
0.69710645
0.703180186
0.710576782
0.716357366
0.722048967
0.72955861
0.736275549
0.740765177
0.56984334
0.575285119
0.575699142
0.581677519
0.593123864
0.598786718
0.600884868
0.60723182
0.611317262
0.619514817
0.62461263
0.631887621
0.636687357
0.644660847
0.650139258
0.657225341
0.661503261
0.667082537
0.675010602
0.68109019
0.684786507
0.692756514
0.699235415
0.705940019
0.711987391
0.719327955
0.725079854
0.730749967
0.738180757
0.744843457
0.749331794
0.578649505
0.584107514
0.584591433
0.590585414
0.601974557
0.607650076
0.609798221
0.616150309
0.620263765
0.628432614
0.6335421
0.640793172
0.645609956
0.653537299
0.659020428
0.666077524
0.670370098
0.67595028
0.683828226
0.689888417
0.693608881
0.70151451
0.70796173
0.714619103
0.720636163
0.727916382
0.733635761
0.739280333
0.746628227
0.753232518
0.757715622
0.58737869
0.592850035
0.593403171
0.599409495
0.610735817
0.616420851
0.618617369
0.624971038
0.629109918
0.637245738
0.642363814
0.649587027
0.654417767
0.662294834
0.667779239
0.674803398
0.679107642
0.684685081
0.692508603
0.698545663
0.702287201
0.710124212
0.716535779
0.723142077
0.729124982
0.736340707
0.74202384
0.747638921
0.754900079
0.761441955
0.765915957
0.596028162
0.601509967
0.602131544
0.608146972
0.619405017
0.625096437
0.627339655
0.633691389
0.637853094
0.645951662
0.651075271
0.658266776
0.663108394
0.670931185
0.676413467
0.683400838
0.687713784
0.693284883
0.701049817
0.707060097
0.71081964
0.718583963
0.724956016
0.731507532
0.737452549
0.744599794
0.750243072
0.755824821
0.762995607
0.76947123
0.77393234
0.604595307
0.610084713
0.610773865
0.616795182
0.62797966
0.633674365
0.635962557
0.642308886
0.646490813
0.654548013
0.659674123
0.666830168
0.671679605
0.679444254
0.684921057
0.691867894
0.696186599
0.701747815
0.709450143
0.715430083
0.719204575
0.726892309
0.733221104
0.739714269
0.745617779
0.752692731
0.758292661
0.763837351
0.770914333
0.777320038
0.781764554
0.613077626
0.618571797
0.619327569
0.625351589
0.636457381
0.642152302
0.644483694
0.650821195
0.655020739
0.66303257
0.668158179
0.675275109
0.680129332
0.687832107
0.693300124
0.700202791
0.704524338
0.710072187
0.717708042
0.723654177
0.727440577
0.735047995
0.741329907
0.747761296
0.7536198
0.760618814
0.76617203
0.771676053
0.778656005
0.7849883
0.789412613
0.621472737
0.626968864
0.627790214
0.633813783
0.644835942
0.650528046
0.652900823
0.659226125
0.663440687
0.671403257
0.676525402
0.683599663
0.688455667
0.696092975
0.701548953
0.708403925
0.712725432
0.718256495
0.725822158
0.73173112
0.735526412
0.743049961
0.749281489
0.755647823
0.761457943
0.768377549
0.773880811
0.779340681
0.786220583
0.792476155
0.796876755
0.629778373
0.635273676
0.636159484
0.642179483
0.653113239
0.65879953
0.661211837
0.667521627
0.671748612
0.67965815
0.684773906
0.69180205
0.696656862
0.704225251
0.709665995
0.716469862
0.720788481
0.726299408
0.733791317
0.73965984
0.743461035
0.750897339
0.75707511
0.763373256
0.76913174
0.775968644
0.781418839
0.7868312
0.793608237
0.799783949
0.804157431
0.637992385
0.643484117
0.644433181
0.650446532
0.661287294
0.66696482
0.669414767
0.675705789
0.679942618
0.68779547
0.692901955
0.699880641
0.704731328
0.712227486
0.717649863
0.724399333
0.728712257
0.734199773
0.74161452
0.747439442
0.751243585
0.758589447
0.764710216
0.770937191
0.776640916
0.783392
0.78878615
0.794147774
0.800819339
0.806912236
0.811255303
0.646112739
0.651598186
0.652609233
0.658612901
0.669356257
0.675022111
0.677507776
0.683776841
0.688020947
0.695813583
0.700907964
0.707833961
0.712677628
0.720098389
0.725499332
0.732191231
0.736495701
0.741956606
0.749290943
0.755069208
0.758873384
0.766125783
0.77218644
0.77833941
0.783985383
0.79064771
0.79598297
0.801290765
0.807854452
0.813861758
0.81817123
0.654137515
0.659614003
0.660685689
0.666676685
0.677318408
0.68296973
0.685489165
0.691733147
0.695981985
0.703711
0.708790492
0.715660682
0.720494481
0.727836823
0.733213332
0.73984461
0.744137914
0.749569091
0.756819927
0.762548592
0.766349928
0.773506023
0.779503591
0.785579877
0.791165238
0.797736047
0.80300971
0.80826072
0.814714326
0.820633447
0.824906259
0.662064908
0.667529805
0.668660718
0.674636102
0.685172147
0.690806133
0.693357364
0.69957321
0.703824254
0.711486371
0.716548243
0.723359622
0.728180754
0.7354418
0.740790951
0.747358681
0.75163816
0.757036576
0.76420098
0.769877214
0.773672886
0.780730014
0.786661653
0.792658725
0.798180753
0.80465746
0.809866957
0.815058364
0.821399889
0.827228412
0.831461622
0.669893227
0.675343944
0.676532609
0.682489496
0.692916004
0.698529901
0.701110936
0.707295664
0.711546418
0.719138487
0.724180065
0.730929744
0.735735463
0.742912484
0.748231426
0.754732807
0.758995858
0.764358568
0.771433771
0.777054857
0.780842092
0.78779777
0.793660779
0.799576261
0.805032367
0.811412569
0.81655547
0.821684598
0.827912239
0.83364793
0.837838722
0.677620892
0.683054887
0.684299772
0.690235331
0.700548627
0.706139741
0.708748573
0.714899276
0.719147272
0.726666273
0.731684943
0.738370152
0.743157767
0.750248179
0.755534142
0.7619665
0.766210579
0.771534731
0.778518122
0.784081459
0.787857545
0.794709464
0.800501281
0.80633295
0.811720685
0.818002156
0.823076172
0.828140487
0.834252635
0.839893443
0.844039126
0.685246437
0.690661216
0.691960733
0.697872191
0.708068788
0.713634484
0.716269093
0.722382942
0.726625747
0.734068791
0.739062002
0.745680088
0.750446968
0.757448335
0.762698629
0.769059417
0.773282043
0.778564877
0.785454008
0.790957114
0.794719396
0.801465428
0.807183631
0.812929415
0.818246469
0.824427158
0.82943014
0.834427251
0.840422493
0.845966541
0.850064556
0.692768505
0.698161626
0.699514136
0.70539878
0.715475376
0.721013084
0.723671441
0.729745688
0.733980902
0.741345235
0.746310499
0.752858932
0.757602505
0.764512537
0.769724557
0.776011357
0.780210116
0.785448967
0.792241551
0.797682062
0.801427952
0.80806614
0.813708447
0.819366429
0.82461063
0.830688662
0.835618603
0.840546263
0.846423372
0.851868962
0.855916883
0.700185847
0.705554921
0.706958739
0.712813922
0.722767401
0.728274613
0.730954683
0.736986664
0.741211929
0.748494925
0.753429824
0.759906191
0.764623954
0.771440508
0.776611735
0.782822256
0.786994801
0.792187106
0.798881012
0.804256685
0.807983663
0.814512224
0.820076497
0.825644907
0.830814223
0.836787897
0.841642929
0.846499037
0.852256973
0.85760258
0.861598111
0.707497324
0.712840018
0.714293413
0.720116553
0.729943984
0.735418261
0.73811801
0.744105143
0.748318141
0.755517312
0.760419495
0.766821508
0.771511022
0.778232099
0.783360102
0.789492185
0.793636239
0.798779534
0.805372793
0.810681506
0.814387121
0.820804444
0.826288682
0.831765902
0.83685844
0.842726225
0.847504622
0.852287221
0.857925124
0.863169397
0.86711038
0.714701902
0.72001594
0.721517144
0.727305726
0.737004363
0.742443333
0.745160729
0.751100518
0.755298978
0.762411968
0.767279157
0.773604645
0.778263543
0.78488729
0.789969728
0.796021343
0.800134702
0.805226624
0.811717423
0.816957175
0.820639053
0.826943695
0.832346041
0.8377306
0.842744606
0.848505139
0.853205315
0.857912591
0.863429779
0.868571535
0.872455944
0.721798652
0.727081818
0.728629027
0.734380605
0.743947885
0.749349248
0.752082264
0.757972302
0.762153998
0.769178585
0.774008575
0.780255492
0.784881478
0.791406184
0.796440809
0.802410053
0.806490589
0.811528881
0.817915562
0.823084474
0.826740316
0.832931001
0.838249736
0.843540309
0.848474168
0.854126252
0.858746758
0.863377043
0.868773006
0.873811228
0.877637174
0.728786748
0.734036885
0.735628263
0.741340466
0.750774007
0.756135536
0.758882152
0.764720122
0.76888288
0.775816973
0.780607635
0.786774056
0.791364907
0.797789005
0.802773661
0.808658761
0.812704422
0.81768693
0.823967991
0.829064304
0.832691891
0.838767505
0.84400105
0.849196458
0.854048689
0.859591293
0.864130816
0.868682583
0.873956979
0.878890814
0.882656544
0.735665465
0.740880479
0.742514165
0.748184691
0.757482294
0.762801833
0.765560043
0.771343718
0.775485415
0.782327058
0.787076339
0.79316046
0.797714031
0.804036092
0.808968717
0.814768027
0.81877684
0.823701517
0.829875607
0.834897685
0.838494878
0.844454468
0.849601381
0.854700586
0.859469847
0.864902096
0.869359462
0.873831324
0.878983974
0.883812727
0.887516621
0.742434178
0.74761204
0.749286145
0.75491277
0.764072412
0.769347884
0.772115696
0.77784294
0.781961508
0.788708876
0.793414801
0.799414937
0.80392916
0.810147894
0.815026524
0.820738525
0.824708596
0.829573501
0.835639418
0.840585744
0.844150489
0.84999326
0.855052236
0.860054339
0.86473942
0.870060599
0.874434764
0.878825476
0.883856358
0.88857949
0.892220064
0.749092358
0.754231103
0.755943721
0.761524297
0.770544132
0.775773533
0.778548973
0.784217744
0.78831117
0.794962571
0.799623245
0.805537833
0.810010717
0.816124971
0.820947735
0.826571034
0.830500551
0.835303851
0.841260542
0.846129719
0.849660047
0.855385356
0.860355224
0.865259464
0.869859287
0.875068832
0.879358884
0.88366734
0.888576583
0.893193706
0.896769609
0.755639574
0.760737304
0.762486511
0.768018966
0.776897323
0.782078728
0.784859844
0.79046819
0.794534521
0.801088391
0.805701998
0.811529593
0.81595923
0.821967985
0.82673311
0.832266438
0.836153671
0.84089364
0.846740196
0.851530946
0.855024974
0.860632327
0.86551205
0.870317799
0.874831418
0.879928913
0.884134071
0.888359297
0.893147178
0.897658052
0.901168065
0.762075487
0.767130371
0.76891423
0.774396572
0.78313195
0.788263512
0.791048374
0.79659444
0.800631781
0.807086687
0.811651493
0.817390768
0.82177533
0.827677699
0.832383509
0.83782572
0.841669021
0.846344041
0.852079694
0.856790856
0.860246789
0.865735839
0.870524509
0.875231271
0.879657867
0.884643042
0.888762651
0.892903808
0.897570745
0.901975273
0.905418303
0.768399849
0.773410124
0.77522669
0.780657005
0.789248073
0.794328024
0.797114729
0.802596753
0.806603271
0.812957906
0.817472258
0.823122003
0.827459745
0.833254969
0.837899886
0.843249954
0.847047761
0.85165632
0.857280442
0.861910971
0.865327103
0.870697644
0.875394483
0.880001888
0.884340768
0.889213494
0.89324702
0.897303401
0.901849947
0.906148168
0.909523255
0.774612503
0.779576474
0.781423795
0.786800251
0.795245842
0.800272494
0.803059168
0.808475482
0.812449408
0.818702591
0.823164919
0.828724038
0.833013297
0.838700746
0.843283287
0.848540308
0.852291141
0.856831835
0.862343933
0.866892899
0.870267611
0.875519576
0.88012393
0.884631734
0.888882328
0.893642611
0.897589644
0.901560669
0.905987506
0.910179593
0.913485901
0.780713376
0.78562942
0.787505542
0.792826387
0.801125498
0.806097242
0.808882042
0.814231073
0.818170699
0.824321375
0.82873019
0.834197703
0.838436899
0.844016065
0.848534847
0.853698032
0.857400495
0.861872026
0.867271739
0.871738325
0.875070091
0.880203545
0.884714884
0.889122963
0.893284819
0.897932798
0.901793044
0.905678258
0.909986193
0.914072447
0.917309262
0.786702484
0.791569046
0.793472016
0.798735578
0.806887366
0.811802674
0.81458379
0.819864058
0.823767744
0.829814977
0.834168875
0.839543911
0.84373155
0.849202047
0.853655781
0.858724457
0.86237724
0.866778415
0.872065512
0.876449011
0.879736394
0.88475153
0.889169444
0.89347779
0.897550577
0.902086517
0.905859796
0.909658865
0.913848822
0.917829669
0.920996398
0.792579922
0.797395517
0.799323386
0.804528077
0.812531854
0.817389278
0.820164936
0.825375056
0.829241227
0.835184203
0.839481861
0.844763662
0.848898332
0.854259891
0.858647385
0.863620991
0.867222868
0.8715526
0.876726973
0.881026787
0.88426844
0.889165576
0.893489772
0.897698493
0.901681991
0.90610628
0.909792523
0.913505233
0.917578247
0.921454229
0.924550398
0.798345865
0.803109082
0.805059907
0.810204219
0.818059449
0.822857623
0.825626086
0.830764766
0.834591915
0.840429937
0.844670115
0.849858028
0.853938404
0.859190871
0.863511029
0.868389114
0.871938943
0.876196248
0.881257912
0.885473549
0.888668215
0.893447788
0.897678088
0.901787398
0.9056815
0.909994642
0.913593889
0.91722014
0.921177352
0.924949125
0.927974373
0.804000569
0.808710064
0.810681914
0.815764423
0.823470719
0.828208356
0.830967927
0.836033967
0.839820654
0.84555314
0.849734681
0.854828161
0.858853
0.863996331
0.868248151
0.873030373
0.876527096
0.880711092
0.885660178
0.88979125
0.892937762
0.897600326
0.901736662
0.905746882
0.909551586
0.9137542
0.917266593
0.920806395
0.924649047
0.928317374
0.931271451
0.809544362
0.814198865
0.81618982
0.821209182
0.828766302
0.833442195
0.836191219
0.841183514
0.844928365
0.850554848
0.854676676
0.859675281
0.863643423
0.868677685
0.872860258
0.87754638
0.88098902
0.885098926
0.88993568
0.893981902
0.897079182
0.901625399
0.905667808
0.909579361
0.913294771
0.917387582
0.920813363
0.924266836
0.927996263
0.931562008
0.934444774
0.814977646
0.819575956
0.821584114
0.826539067
0.833946911
0.838559934
0.841296797
0.84621433
0.849916042
0.855436164
0.859497285
0.864400675
0.868311045
0.873236407
0.877348917
0.881938803
0.885326469
0.889361602
0.894086379
0.898047563
0.901094623
0.905525259
0.909473886
0.913287291
0.91691361
0.920897445
0.924236953
0.927604319
0.931221943
0.93468607
0.937497487
0.820300894
0.824841882
0.826865357
0.831754723
0.839013324
0.84356243
0.846285564
0.851127411
0.85478475
0.860198259
0.86419776
0.869005693
0.872857299
0.877674032
0.881715753
0.886209367
0.889541248
0.893501023
0.898114283
0.901990339
0.904986276
0.909302201
0.913157288
0.916873158
0.920410685
0.924286471
0.927540137
0.930821717
0.934329044
0.937692606
0.940432736
0.825514645
0.829997252
0.832034183
0.836856861
0.843966389
0.848450608
0.851158491
0.855923816
0.859535615
0.864842367
0.868779414
0.873491745
0.877283676
0.881992148
0.885962445
0.890359848
0.893635213
0.897519141
0.902021446
0.905812375
0.908756375
0.912958553
0.916720439
0.920339475
0.923788604
0.927557359
0.9307257
0.933921912
0.937320523
0.94058466
0.943253664
0.830619506
0.835042744
0.837091289
0.841846261
0.848807013
0.853225456
0.855916611
0.860604668
0.86416983
0.869369781
0.87324362
0.877860296
0.881591724
0.886192397
0.890090722
0.894392067
0.897610265
0.901417951
0.905809959
0.909515854
0.912407187
0.916496673
0.920165791
0.923688779
0.927049991
0.930712819
0.933796441
0.936907792
0.940199339
0.943365272
0.945963402
0.835616145
0.839979096
0.842037442
0.846723769
0.853536164
0.857888018
0.860561019
0.865171146
0.868688642
0.873781848
0.877591804
0.882112864
0.88578304
0.890276467
0.894102359
0.89830789
0.901468349
0.905199487
0.90948195
0.91310299
0.915941012
0.919918945
0.923495816
0.926923623
0.930197484
0.933755575
0.93675516
0.939782246
0.942968446
0.946037472
0.948565069
0.840505292
0.844807105
0.846873467
0.851490289
0.858154869
0.862439396
0.865092865
0.869624487
0.873093358
0.878079971
0.881825444
0.886251015
0.88985927
0.89424609
0.897999172
0.902109219
0.905211443
0.908865818
0.913039576
0.916576027
0.919360174
0.923227777
0.926713006
0.930046574
0.933233734
0.936688353
0.939604659
0.942548159
0.945630788
0.948604274
0.951061764
0.845287733
0.849527628
0.851600249
0.856146785
0.862664206
0.866880746
0.869513355
0.87396598
0.877385335
0.882265599
0.885946065
0.890276361
0.893822104
0.898103037
0.901783016
0.905797995
0.908841563
0.912419046
0.916485023
0.91993723
0.922667021
0.926425591
0.929819866
0.933060209
0.936161393
0.939513878
0.942347738
0.945208409
0.948189297
0.951068676
0.953456563
0.849964311
0.854141574
0.856218732
0.860694278
0.867065307
0.871213273
0.873823744
0.878196964
0.881565979
0.886340228
0.889955238
0.894190554
0.89767327
0.901849119
0.90545578
0.909376186
0.912360753
0.915861299
0.9198205
0.923188886
0.925863918
0.929514825
0.93281891
0.935967111
0.938983117
0.942234873
0.944987187
0.947765861
0.950646886
0.95343365
0.955752519
0.854535921
0.858649907
0.860729913
0.865133839
0.87135935
0.875438228
0.878025336
0.882318823
0.885636741
0.890305397
0.893854575
0.897995285
0.901414536
0.905486176
0.909019385
0.912845791
0.915771082
0.919194728
0.923048233
0.926333297
0.928953246
0.932497926
0.935712658
0.938769863
0.941701559
0.944854055
0.947525786
0.950223364
0.953006449
0.955702145
0.95795265
0.859003509
0.863053638
0.865134838
0.869466593
0.875547561
0.879556909
0.882119481
0.886332985
0.889599116
0.894162683
0.897645725
0.90169228
0.905047702
0.90901608
0.91247578
0.916208831
0.919074643
0.922421505
0.926170466
0.929372778
0.931937394
0.935377345
0.938503632
0.941471045
0.944319366
0.947374128
0.949966299
0.952583749
0.955270854
0.957877079
0.960059944
0.863368068
0.867353826
0.869434605
0.873693708
0.879631207
0.883570654
0.88610757
0.890240918
0.893454638
0.897913701
0.901330372
0.905283297
0.908574597
0.91244073
0.915826935
0.91946735
0.922273547
0.925543819
0.929189455
0.932309653
0.93481876
0.938155537
0.941194353
0.944073234
0.946839174
0.949797781
0.952311472
0.954849824
0.957442942
0.95996134
0.96207735
0.867630639
0.871551575
0.873630356
0.877816401
0.883611597
0.887480841
0.889991032
0.894044128
0.897204877
0.901560097
0.904910231
0.908770121
0.911997079
0.915762045
0.919074845
0.922623407
0.925369922
0.928563868
0.932107463
0.93514625
0.937599743
0.940834955
0.943787333
0.946578994
0.949263607
0.952127688
0.954564029
0.95702437
0.959525524
0.961957777
0.964007781
0.871792303
0.87564803
0.877723277
0.881835929
0.887490077
0.891288882
0.893771334
0.897744154
0.900851437
0.905103548
0.908387046
0.912154564
0.915317026
0.918981967
0.92222152
0.925679078
0.928365906
0.931483865
0.93492676
0.937884901
0.940282745
0.943418048
0.946285081
0.94899088
0.951595272
0.954366498
0.956726669
0.959110139
0.961521375
0.963869204
0.965854103
0.875854183
0.879644377
0.881714594
0.885753586
0.891268027
0.894996226
0.897449977
0.901342566
0.90439595
0.908545759
0.911762586
0.91543846
0.918536341
0.922102453
0.925268984
0.928636447
0.931263648
0.934306025
0.937649616
0.940527935
0.942870161
0.945907257
0.948690091
0.951311429
0.953836757
0.95651684
0.958802064
0.961109853
0.963433237
0.965698392
0.967619141
0.879817441
0.883541837
0.885605573
0.889570708
0.894946859
0.898604348
0.90102849
0.904840965
0.90784008
0.911888459
0.915038642
0.91862366
0.921656941
0.925125475
0.928219275
0.931497608
0.934065302
0.937032568
0.940278304
0.943077679
0.945364382
0.948305011
0.951004843
0.953543162
0.955990628
0.958581314
0.960792855
0.963026199
0.965263812
0.96744807
0.96930567
0.883683274
0.887341666
0.889397514
0.89328866
0.898528018
0.902114755
0.904508432
0.908240976
0.911185511
0.915133395
0.918217024
0.921712034
0.924680759
0.928053015
0.931074436
0.934264661
0.936773026
0.939665714
0.942815089
0.945536451
0.947767789
0.950613728
0.953231799
0.955688576
0.958059426
0.960562493
0.962701651
0.964861826
0.96701576
0.969120923
0.97091642
0.887452912
0.891045155
0.893091751
0.896908842
0.902012971
0.905528978
0.907891388
0.911544247
0.914433951
0.918282338
0.921299562
0.924705465
0.927609739
0.930887064
0.933836519
0.936939706
0.939388977
0.94220768
0.945262231
0.94790656
0.950082751
0.952835807
0.955373404
0.957750147
0.960045665
0.962462917
0.964531025
0.966619345
0.968691699
0.970719586
0.972454066
0.891127618
0.894653622
0.896689648
0.900432681
0.905403214
0.90884857
0.911178963
0.914752447
0.917587128
0.921337071
0.924288094
0.927605847
0.930445835
0.933629617
0.936507577
0.939524843
0.941915311
0.944660678
0.947621983
0.950190303
0.952311621
0.954973629
0.957432077
0.959730323
0.961951828
0.964285093
0.966283513
0.968301327
0.970294203
0.972246648
0.973921233
0.894708684
0.898168413
0.900192598
0.903861632
0.908700264
0.912075106
0.914372784
0.917867263
0.920646785
0.924299392
0.927184476
0.930415082
0.933191005
0.936282673
0.939089663
0.942022172
0.944354176
0.947026911
0.949896584
0.952389961
0.954456735
0.957029555
0.959410214
0.961631524
0.963780368
0.966031492
0.967961614
0.969910298
0.971825798
0.973704646
0.97532049
0.898197426
0.9015909
0.90360202
0.907197173
0.911905656
0.915210178
0.917474495
0.920890398
0.92361468
0.927171109
0.929990567
0.933135077
0.935847214
0.938848232
0.941584829
0.944433785
0.946707717
0.949308574
0.952088257
0.954507799
0.956520411
0.959005922
0.961310184
0.963456141
0.965533702
0.967704548
0.969567782
0.971448741
0.973288963
0.975096067
0.976654352
0.901595188
0.904922479
0.906919357
0.910440805
0.915020947
0.918255395
0.920485757
0.923823567
0.926492581
0.929954038
0.932708236
0.935767744
0.938416424
0.94132829
0.943995123
0.946761767
0.948978064
0.951507846
0.954199213
0.956546062
0.958504943
0.960905039
0.963134326
0.965206531
0.967214215
0.969306654
0.971104432
0.972919092
0.974686127
0.976423344
0.977925279
0.904903335
0.908164565
0.910146072
0.913594047
0.918047705
0.921212379
0.923408242
0.926668496
0.929282268
0.932650002
0.935339354
0.938314995
0.940900601
0.94372484
0.946322584
0.949008193
0.951167339
0.953626894
0.956231642
0.958506972
0.960412601
0.962729191
0.964884949
0.966885018
0.96882425
0.970840164
0.972573933
0.974323742
0.97601967
0.977688856
0.979135671
0.908123253
0.911318594
0.913283648
0.916658437
0.920987514
0.924082763
0.926243634
0.929426919
0.931985524
0.935260828
0.937885795
0.940778741
0.943301702
0.946039868
0.948569243
0.951175125
0.953277647
0.955667864
0.958187713
0.960392731
0.96224563
0.964480632
0.96656433
0.968493889
0.970366114
0.97230739
0.97397861
0.975665029
0.977291918
0.978894928
0.980287872
0.911256344
0.914386017
0.916333585
0.919635527
0.923841969
0.926868191
0.928993623
0.932100577
0.93460414
0.937788343
0.940349431
0.943160889
0.945621684
0.948275352
0.95073712
0.953264612
0.955311078
0.957632887
0.960069573
0.962205512
0.964006246
0.966161583
0.968174709
0.970035395
0.971842074
0.9737106
0.97532074
0.976945246
0.978505147
0.98004383
0.981384167
0.91430403
0.9173683
0.919297398
0.922526883
0.926612671
0.929570311
0.931659909
0.934691214
0.937139907
0.940234374
0.942732132
0.945463341
0.947862491
0.950433259
0.952828222
0.955278688
0.957269702
0.959524069
0.961879346
0.963947462
0.965696636
0.967774235
0.969718293
0.971511748
0.973254353
0.975052016
0.976602554
0.978166632
0.979661578
0.981137775
0.98242678
0.917267745
0.920266923
0.922176615
0.925334079
0.929301233
0.932190779
0.934244193
0.937200577
0.939594618
0.942600746
0.945035764
0.947687991
0.950026061
0.952515543
0.95484454
0.957219367
0.959155572
0.961343497
0.963619128
0.965620701
0.967318956
0.969320745
0.97119725
0.972925121
0.974605134
0.976333815
0.977826234
0.979331377
0.980763379
0.982178919
0.983417878
0.920148937
0.923083376
0.924972773
0.928058701
0.931909269
0.934731252
0.93674818
0.939630413
0.941970064
0.944889278
0.947262184
0.949836726
0.952114318
0.954524143
0.95678805
0.959088644
0.960970715
0.963093231
0.965290989
0.967227316
0.968875328
0.970803231
0.972613712
0.974277643
0.975896555
0.97755813
0.978993913
0.980441617
0.981812665
0.983169362
0.984359569
0.922949062
0.925819158
0.92768742
0.930702341
0.934438398
0.937193391
0.939173576
0.941982466
0.94426803
0.947101785
0.949413243
0.951911418
0.954129176
0.956460985
0.958660706
0.960888494
0.962717139
0.964775305
0.96689697
0.968769365
0.970367842
0.972223778
0.973969769
0.975571404
0.977130708
0.978727044
0.980107675
0.981499439
0.982811495
0.984111149
0.985253899
0.925669589
0.928475775
0.93032211
0.933266595
0.936890241
0.939578853
0.941522083
0.944258476
0.946490298
0.94924007
0.951490779
0.953913929
0.956072531
0.958327973
0.960464447
0.962620867
0.964396823
0.966391727
0.96843908
0.970248871
0.971798552
0.973584432
0.975267472
0.976808451
0.978309642
0.979842592
0.981169553
0.982506874
0.983761874
0.985006266
0.986102855
0.92831199
0.931054738
0.932878401
0.935753064
0.939266418
0.941889296
0.943795402
0.946460179
0.948638643
0.95130593
0.953496622
0.955846105
0.957946262
0.960126995
0.962201185
0.964287692
0.966011723
0.967944474
0.969919299
0.971667826
0.973169476
0.9748872
0.976508832
0.977990787
0.979435361
0.980906764
0.982181529
0.983465901
0.984665752
0.985856643
0.986908368
0.930877744
0.933557564
0.935357858
0.938163347
0.941568546
0.944126373
0.945995228
0.948589302
0.950714829
0.953301147
0.955432583
0.957709776
0.959752232
0.961859917
0.963872814
0.96589087
0.967563767
0.969435495
0.971339574
0.973028184
0.974482593
0.976134051
0.977695815
0.97912037
0.980509818
0.981921499
0.983145536
0.984378446
0.985525024
0.986664151
0.987672305
0.933368334
0.935985769
0.937762042
0.940499047
0.943798241
0.946291731
0.948123249
0.950647566
0.95272061
0.955227492
0.957300463
0.959506756
0.961492283
0.963528583
0.9654812
0.967432277
0.969054852
0.970866708
0.972701818
0.974331865
0.975739846
0.97732691
0.978830346
0.980199114
0.981534925
0.982888686
0.984063455
0.985246384
0.986341532
0.98743061
0.988396478
0.935785246
0.938340871
0.940092519
0.942761761
0.945957112
0.948387011
0.950181146
0.952636678
0.95465773
0.957086721
0.959102043
0.961238838
0.963168237
0.965134815
0.967028186
0.96891376
0.970486847
0.972239997
0.974007909
0.975580752
0.976943139
0.978467665
0.979914309
0.98122889
0.982512542
0.983810168
0.984937117
0.986071533
0.987117061
0.988157778
0.989082641
0.938129964
0.940624388
0.942350851
0.944953085
0.948046762
0.950413843
0.95217059
0.954558336
0.956527917
0.958880573
0.960839087
0.962907796
0.964781892
0.96668041
0.968515586
0.970337139
0.971861592
0.973557214
0.97525969
0.976776691
0.978094337
0.979558162
0.98094954
0.98221152
0.983444485
0.984687737
0.9857683
0.986855662
0.987853345
0.988847362
0.989732488
0.940403974
0.942837833
0.944538596
0.947074609
0.950068785
0.952373852
0.95409324
0.956414223
0.958332885
0.960610772
0.96251334
0.964515383
0.966335024
0.968167139
0.96994519
0.971704202
0.973180891
0.974820179
0.97645897
0.97792149
0.979195262
0.980600203
0.981937836
0.983148783
0.984332521
0.985523136
0.986558734
0.987600485
0.988552063
0.989501011
0.990347658
0.942608758
0.944982718
0.94665731
0.949127916
0.952024767
0.954268646
0.955950744
0.958206009
0.960074332
0.962279021
0.964126528
0.966063329
0.967829385
0.969596747
0.971318757
0.97301671
0.97444652
0.976030674
0.97760752
0.979016918
0.980247699
0.98159555
0.982880947
0.984042413
0.98517837
0.986318061
0.987310097
0.988307665
0.98921484
0.990120322
0.990929735
0.944745794
0.947060546
0.94870854
0.951114582
0.953916284
0.956099826
0.957744734
0.959935347
0.961753937
0.963887004
0.965680352
0.96755334
0.969266701
0.970970951
0.972638016
0.974276389
0.97566022
0.977190449
0.978707073
0.980064706
0.98125339
0.982545922
0.983780578
0.984894095
0.985983704
0.987074156
0.988024016
0.988978812
0.98984325
0.990706837
0.991480245
0.946816557
0.949072818
0.950693828
0.953036173
0.955744897
0.957868976
0.959476829
0.961603873
0.963373363
0.965436386
0.967176494
0.968987099
0.970648672
0.972291442
0.973904668
0.975484935
0.976823697
0.978301216
0.979759326
0.981066544
0.982214036
0.983452994
0.984638393
0.985705471
0.98675015
0.98779302
0.988702072
0.989615488
0.990438814
0.991262046
0.992000662
0.948822513
0.951021023
0.952614705
0.954894245
0.957512159
0.959577665
0.961148633
0.963213207
0.964934251
0.966928809
0.968616611
0.970366262
0.971976969
0.973559881
0.975120384
0.976644011
0.977938626
0.979364652
0.980765938
0.982024085
0.983131299
0.9843184
0.985456009
0.986478139
0.987479286
0.988476201
0.989345792
0.9902192
0.991003002
0.991787386
0.992492405
0.950765123
0.952906643
0.954472695
0.956690343
0.959219604
0.961227449
0.962761729
0.964764948
0.966438223
0.968365891
0.970002335
0.97169246
0.973253238
0.974777898
0.9762868
0.977755249
0.979006645
0.980382397
0.981728529
0.982938941
0.984006796
0.985143732
0.986235001
0.987213647
0.988172644
0.989125202
0.989956657
0.990791407
0.991537235
0.992284242
0.992956842
0.952645838
0.954731149
0.956269307
0.958425996
0.960868753
0.962819865
0.964317685
0.966260675
0.967886878
0.96974923
0.971335275
0.972967298
0.974479094
0.975947095
0.977405523
0.978820245
0.980029356
0.981356054
0.982648683
0.983812684
0.984842105
0.985930537
0.986976898
0.987913502
0.98883171
0.989741477
0.990536099
0.991333521
0.992042882
0.992753952
0.993395289
0.954466099
0.956496003
0.958006042
0.960102722
0.962461112
0.964356433
0.96581805
0.967701948
0.969281794
0.971080396
0.972617012
0.974192351
0.975656124
0.977069043
0.978478127
0.979840561
0.981008329
0.98228719
0.983527944
0.984646846
0.985638762
0.986680321
0.987683186
0.988579165
0.989457924
0.990326435
0.991085503
0.991846901
0.992521265
0.993197802
0.993809011
0.956227338
0.958202651
0.959684385
0.961722024
0.963998169
0.965838654
0.967264352
0.969090303
0.970624524
0.972360938
0.973849101
0.975369168
0.976785886
0.978145281
0.979506154
0.980817728
0.981945095
0.983177334
0.984367816
0.985442921
0.98639826
0.987394547
0.988355309
0.989212053
0.990052681
0.990881437
0.991606207
0.992332861
0.992973657
0.993617029
0.994199225
0.957930975
0.959852529
0.961305807
0.963285387
0.965481392
0.96726801
0.968658098
0.970427256
0.971916599
0.973592375
0.975033071
0.976499269
0.977869906
0.979177317
0.980491111
0.981753239
0.982841152
0.984027977
0.985169767
0.986202361
0.987122054
0.988074638
0.988994666
0.989813539
0.990617331
0.991407799
0.992099502
0.992792669
0.993401284
0.994012825
0.994567099
0.959578414
0.961447058
0.962871765
0.964794281
0.966912235
0.968645963
0.970000773
0.971714297
0.973159524
0.974776204
0.976170422
0.977584144
0.97890968
0.980166628
0.981434475
0.982648555
0.983697959
0.984840573
0.985935227
0.986926581
0.987811554
0.988721973
0.989602614
0.990384952
0.99115318
0.991906795
0.992566635
0.993227543
0.993805327
0.994386335
0.994913753
0.961171049
0.962987643
0.964383699
0.966250158
0.968292129
0.969973953
0.971293843
0.972952894
0.974354779
0.975913893
0.977262627
0.978625256
0.979906675
0.981114659
0.982337686
0.983505102
0.984516941
0.98561654
0.986665585
0.987616953
0.988468133
0.989337891
0.990180468
0.990927579
0.99166149
0.992379653
0.993008809
0.993638661
0.994186922
0.994738657
0.995240265
0.96271026
0.964475674
0.965843031
0.967654451
0.969622486
0.9712534
0.972538747
0.974144492
0.975503819
0.977006883
0.978311129
0.979624035
0.980862323
0.982022821
0.983202153
0.98432427
0.985299488
0.986357258
0.987362194
0.988274814
0.989093122
0.989923689
0.990729501
0.991442666
0.99214348
0.992827556
0.99342718
0.994027152
0.994547159
0.995070848
0.995547663
0.964197408
0.965912525
0.967251168
0.969008575
0.970904697
0.972485701
0.973736904
0.975290508
0.976608072
0.978056589
0.979317343
0.980581883
0.981778027
0.982892495
0.98402925
0.985107415
0.986046953
0.987064068
0.988026369
0.988901459
0.989687811
0.990480624
0.991250947
0.991931414
0.992600329
0.993251648
0.993822866
0.994394105
0.994887087
0.99538392
0.995836937
0.965633842
0.967299551
0.968609496
0.970313923
0.972140133
0.97367223
0.974889708
0.976392335
0.977668939
0.979064395
0.980282657
0.981500171
0.98265516
0.983725028
0.984820319
0.985855861
0.986760652
0.987738276
0.988659386
0.989498147
0.990253452
0.991009914
0.991745995
0.992394987
0.993033172
0.99365303
0.994196938
0.994740566
0.995207712
0.995678844
0.996109032
0.967020891
0.968638092
0.969919385
0.971571869
0.973330142
0.97481434
0.975998527
0.977451343
0.978687795
0.980031661
0.981208425
0.98238024
0.983495059
0.984521735
0.985576666
0.986570893
0.987441867
0.988381153
0.989262486
0.990066097
0.990791257
0.991512737
0.992215799
0.992834506
0.993443105
0.994032763
0.994550432
0.995067539
0.995510001
0.99595655
0.996364851
0.968359871
0.969929466
0.971182182
0.972783767
0.97447605
0.975913359
0.977064706
0.978468871
0.979665986
0.980959715
0.982095975
0.983223402
0.984299034
0.9852839
0.986299565
0.987253765
0.988091846
0.988993929
0.989836872
0.990606492
0.991302401
0.991990232
0.99266147
0.993251054
0.993831184
0.994391867
0.994884338
0.995375989
0.995794879
0.996217929
0.996605261
0.969652076
0.971174975
0.972399215
0.973950947
0.975579161
0.97697059
0.978089565
0.979446236
0.980604834
0.981849859
0.982946604
0.984030934
0.985068359
0.986012773
0.986990257
0.987905696
0.988711798
0.989577802
0.99038371
0.991120477
0.991788018
0.9924435
0.993084082
0.993645676
0.994198425
0.994731324
0.995199612
0.99566684
0.996063234
0.996463832
0.996831086
0.970898784
0.9723759
0.973571793
0.975074719
0.976640755
0.977987313
0.979074399
0.980384726
0.981505629
0.982703365
0.983761579
0.984804088
0.985804279
0.986709571
0.987649949
0.988527871
0.9893029
0.990133933
0.99090413
0.991609161
0.992249207
0.992873605
0.993484673
0.994019377
0.994545807
0.995052077
0.995497168
0.995940981
0.996315915
0.996695074
0.997043116
0.972101253
0.973533502
0.974701202
0.97615637
0.977662089
0.978964785
0.980020475
0.981285603
0.982369635
0.983521476
0.984542139
0.98554408
0.986508008
0.987375481
0.988279814
0.989121442
0.989866296
0.990663448
0.991399229
0.992073617
0.992687029
0.993281574
0.99386424
0.994373127
0.994874272
0.995355034
0.995777886
0.996199261
0.996553735
0.996912436
0.997242104
0.973260722
0.974649023
0.975788706
0.977197163
0.978644397
0.979904236
0.980929036
0.982150102
0.983198088
0.984305407
0.985289491
0.9862521
0.987180725
0.988011658
0.988880995
0.989687526
0.990403091
0.991167438
0.991870065
0.992514882
0.99310251
0.993668397
0.994223748
0.994707859
0.995184725
0.995641066
0.99604261
0.996442495
0.996777473
0.99711666
0.997428769
0.974378411
0.975723681
0.976835548
0.978198341
0.979588888
0.980806871
0.981801299
0.982979431
0.983992196
0.985056343
0.986004813
0.986929305
0.98782358
0.988619223
0.989454601
0.99022721
0.990914362
0.991646959
0.992317664
0.992933957
0.99349664
0.99403503
0.994564122
0.99502447
0.995478036
0.995911008
0.996292145
0.996671461
0.996987873
0.997308458
0.997603794
0.975455518
0.976758676
0.977842949
0.979161119
0.980496748
0.981673873
0.982638454
0.98377477
0.984753139
0.985775443
0.986689254
0.987576823
0.988437693
0.989199269
0.990001708
0.990741545
0.991401148
0.992103033
0.992743019
0.993331813
0.993870373
0.994382393
0.994886257
0.995323822
0.99575504
0.996165662
0.996527267
0.996886905
0.997185644
0.997488506
0.997767831
0.976493223
0.977755185
0.978812107
0.980086693
0.981369138
0.982506395
0.983441665
0.984537273
0.985482067
0.986463833
0.987343932
0.988195752
0.989024152
0.989752855
0.990523361
0.991231553
0.991864459
0.992536652
0.993147086
0.993709383
0.994224629
0.994711373
0.995191011
0.995606746
0.996016538
0.996405795
0.996748716
0.99708954
0.997371465
0.997657451
0.997921502
0.977492683
0.978714364
0.979744197
0.980976232
0.982207196
0.98330557
0.98421207
0.985268066
0.986180104
0.987122614
0.987969938
0.988787158
0.989584013
0.99028101
0.991020575
0.991698223
0.992305271
0.992948771
0.993530793
0.99406757
0.994560297
0.995022824
0.995479209
0.995874038
0.9962633
0.996632145
0.996957202
0.997280046
0.997545984
0.997815909
0.998065397
0.978455036
0.979637347
0.980640371
0.981830883
0.983012033
0.984072501
0.984950782
0.985968249
0.986848346
0.987752857
0.988568331
0.989352081
0.990118303
0.990784734
0.991494332
0.992142513
0.992724528
0.993340315
0.993895032
0.994407242
0.994878231
0.995317568
0.995751645
0.996126462
0.996496063
0.996845415
0.997153401
0.997459074
0.997709818
0.997964465
0.998200077
0.979381397
0.980525245
0.981501757
0.982651767
0.983784737
0.984808268
0.985658884
0.986638895
0.98748786
0.988355606
0.989140143
0.989891529
0.99062802
0.991264996
0.991945584
0.992565351
0.993123143
0.993712178
0.994240667
0.994729238
0.995179253
0.995596394
0.996009082
0.996364752
0.996715534
0.99704628
0.997337961
0.997627245
0.997863556
0.998103679
0.998326077
0.98027286
0.981379148
0.982329462
0.983439983
0.984526373
0.985513927
0.986337436
0.987281048
0.988099685
0.988931874
0.989686377
0.990406482
0.991114131
0.991722736
0.992375254
0.992967632
0.993501999
0.994065221
0.994568527
0.995034366
0.995464155
0.995860061
0.99625225
0.99658961
0.996922388
0.997235385
0.997511502
0.997785149
0.998007759
0.998234082
0.998443902
0.981130498
0.982200123
0.983124568
0.984196603
0.985237979
0.986190506
0.986987471
0.987895726
0.988684835
0.989482649
0.990208007
0.990897891
0.991577574
0.992158862
0.992784234
0.993350226
0.993861949
0.994400276
0.994879415
0.995323403
0.995733698
0.996109298
0.996481853
0.996801712
0.997117273
0.997413347
0.997674614
0.997933351
0.99814296
0.998356177
0.998554034
0.981955362
0.982989215
0.983888132
0.984922678
0.985920569
0.98683901
0.987609996
0.988483924
0.989244293
0.990008892
0.99070598
0.99136668
0.992019259
0.992574258
0.993173389
0.99371397
0.994203816
0.994718146
0.995174103
0.995597096
0.995988614
0.996344806
0.996698561
0.997001701
0.997300809
0.997580754
0.997827861
0.998072388
0.998269667
0.998470445
0.998656929
0.982748481
0.983747446
0.984621191
0.985619232
0.986575134
0.987460417
0.988205992
0.989046604
0.989779018
0.990511533
0.991181214
0.991813743
0.992440066
0.992969776
0.993543552
0.994059673
0.994528394
0.995019604
0.995453333
0.995856165
0.996229606
0.996567256
0.996903022
0.997190197
0.997473588
0.99773817
0.99797178
0.998202773
0.998388363
0.998577341
0.998753019
0.983510864
0.984475815
0.985324756
0.986287267
0.98720264
0.988055683
0.988776414
0.989584708
0.99028994
0.990991479
0.991634601
0.992239949
0.99284085
0.993346243
0.993895531
0.994388119
0.994836449
0.995305394
0.995717822
0.996101301
0.996457347
0.996777293
0.997095852
0.99736779
0.997636175
0.99788613
0.998106884
0.998324992
0.998499509
0.998677298
0.998842716
0.984243494
0.9851753
0.985999815
0.986927759
0.987804028
0.988625737
0.989322193
0.990099149
0.990777965
0.991449609
0.992067004
0.992646138
0.993222435
0.993704455
0.994230106
0.994700062
0.995128721
0.995576234
0.995968256
0.996333169
0.996672485
0.996975534
0.997277643
0.997535045
0.997789111
0.998025146
0.998233659
0.998439509
0.998603539
0.998770725
0.998926406
0.984947337
0.985846857
0.986647333
0.98754166
0.988380217
0.989171484
0.989844233
0.990590815
0.991243971
0.991886775
0.992479263
0.993033124
0.993585621
0.994045186
0.99454803
0.994996228
0.99540592
0.995832815
0.996205298
0.996552406
0.996875642
0.99716257
0.99744896
0.997692504
0.997932911
0.998155708
0.998352572
0.998546763
0.998700868
0.998858012
0.999004458
0.985623334
0.986491416
0.987268251
0.988129901
0.9889321
0.989693805
0.990343413
0.991060568
0.99168881
0.992303804
0.992872187
0.993401695
0.993931179
0.99436918
0.994850028
0.995277321
0.995668732
0.996075799
0.996429583
0.996759625
0.997067411
0.997338968
0.997610346
0.997840681
0.998068067
0.998278279
0.998464063
0.998647174
0.99879189
0.998939527
0.999077218
0.986272405
0.987109889
0.987863487
0.988693386
0.989460548
0.990193557
0.99082059
0.991509247
0.992113309
0.992701497
0.993246562
0.993752612
0.994259857
0.994677157
0.995136801
0.995544016
0.995917816
0.996305826
0.99664172
0.996955412
0.997248364
0.99750527
0.997762317
0.99798007
0.99819505
0.998393302
0.998568553
0.998741137
0.998876977
0.999015619
0.999145015
0.986895448
0.987703163
0.988433938
0.989232996
0.989966409
0.990671574
0.991276594
0.991937663
0.992518271
0.99308063
0.993603151
0.994086615
0.994572375
0.994969812
0.995409025
0.995796963
0.996153807
0.996523508
0.996842296
0.997140331
0.997419046
0.997661994
0.997905367
0.998111142
0.998314305
0.998501199
0.998666442
0.998829032
0.998956482
0.999086618
0.999208161
0.987493341
0.988272105
0.988980474
0.989749591
0.990450505
0.991128665
0.991712231
0.992346606
0.992904473
0.993441956
0.993942687
0.994404413
0.99486943
0.995247816
0.995667351
0.996036791
0.996377316
0.996729435
0.997031873
0.997314922
0.99757998
0.997809637
0.998039969
0.998234343
0.998426258
0.998602371
0.998758108
0.998911214
0.99903074
0.999152836
0.999266947
0.988066939
0.988817558
0.989503946
0.990244006
0.990913638
0.991565616
0.992128284
0.99273684
0.993272667
0.993786201
0.994265882
0.994706696
0.995151692
0.995511813
0.995912404
0.996264101
0.996588928
0.996924172
0.99721099
0.997479701
0.997731665
0.997948672
0.998166573
0.998350103
0.998531316
0.998697199
0.998843914
0.998988023
0.999100068
0.999214569
0.99932165
0.988617075
0.989340344
0.99000518
0.990717052
0.991356587
0.991983192
0.992525513
0.993109106
0.993623582
0.99411407
0.994573425
0.994994129
0.99541981
0.995762427
0.99614479
0.996479473
0.996789207
0.997108261
0.997380162
0.997635162
0.997874579
0.998079552
0.998285608
0.998458827
0.998629864
0.998786044
0.9989242
0.999059781
0.999164766
0.999272095
0.999372532
0.989144563
0.989841265
0.990484982
0.99116952
0.991780108
0.992382134
0.992904654
0.993464122
0.993957925
0.994426242
0.994865978
0.995267351
0.995674409
0.996000258
0.996365088
0.996683466
0.996978694
0.997282223
0.997539886
0.99778178
0.99800918
0.998202709
0.998397484
0.998560905
0.998722268
0.998869252
0.998999291
0.999126791
0.999225118
0.999325679
0.999419838
0.989650195
0.990321101
0.990944133
0.991602177
0.992184936
0.99276316
0.993266421
0.993802583
0.994276377
0.994723377
0.995144183
0.995526983
0.99591609
0.996225883
0.996573856
0.996876615
0.997157909
0.997446556
0.997690635
0.997920007
0.998135902
0.998318554
0.998502591
0.998656706
0.998808878
0.998947149
0.999069494
0.999189341
0.999281392
0.99937557
0.999463801
0.990134742
0.990780609
0.991383396
0.992015768
0.992571782
0.993126969
0.993611504
0.994125163
0.994579598
0.995006107
0.99540866
0.995773619
0.996145433
0.996439858
0.996771632
0.997059434
0.997327348
0.997601738
0.997832861
0.998050276
0.998255163
0.99842748
0.998601301
0.99874658
0.998890024
0.999020044
0.999135101
0.999247704
0.999333842
0.999422001
0.999504637
0.990598954
0.991220527
0.991803508
0.992411017
0.992941338
0.993474234
0.993940575
0.994432511
0.994868227
0.995275049
0.995660004
0.996007836
0.996362996
0.996642717
0.996958932
0.997232417
0.997487491
0.997748227
0.997967
0.998173
0.99836736
0.998529864
0.998693968
0.998830861
0.998966022
0.999088232
0.999196388
0.999302138
0.999382706
0.999465194
0.999542554
0.991043561
0.991641572
0.992205189
0.992788627
0.993294275
0.993805612
0.994254281
0.994725256
0.995142879
0.995530792
0.995898791
0.996230187
0.996569316
0.996834975
0.99713625
0.997396037
0.997638793
0.997886461
0.998093466
0.998288575
0.998472872
0.99862606
0.998780929
0.998909868
0.99903717
0.999151991
0.999253616
0.999352886
0.999428212
0.999505358
0.999577744
0.991469275
0.992044442
0.992589136
0.993149278
0.993631243
0.994121736
0.994553248
0.995004009
0.995404149
0.99577391
0.996125577
0.996441204
0.996764911
0.997017126
0.997304062
0.997550749
0.997781695
0.998016859
0.998212654
0.998397378
0.998572061
0.99871641
0.998862504
0.998983902
0.999103752
0.999211585
0.999307032
0.999400177
0.999470571
0.99954269
0.999610388
0.991876784
0.992429812
0.992956025
0.993493631
0.993952869
0.99442322
0.994838083
0.995269354
0.995652611
0.996004951
0.996340895
0.996641402
0.996950276
0.997189645
0.997462826
0.997696988
0.997916615
0.998139821
0.998324945
0.998499767
0.998665269
0.998801237
0.998938997
0.999053248
0.999166035
0.999267263
0.99935687
0.999444229
0.999509985
0.999577373
0.999640659
0.99226676
0.992798341
0.993306512
0.993822326
0.994259766
0.994710656
0.995109372
0.995521861
0.99588882
0.996224448
0.99654526
0.996831274
0.997125889
0.997352986
0.997612977
0.997835172
0.998043955
0.998255731
0.998430699
0.998596087
0.998752826
0.998880848
0.999010697
0.999118179
0.999224275
0.999319263
0.99940335
0.999485247
0.999546643
0.999609583
0.999668714
0.992639855
0.993150665
0.993641234
0.994135983
0.994552521
0.99498462
0.995367682
0.995762077
0.996113309
0.996432911
0.996739167
0.997011295
0.997292208
0.997507588
0.997754937
0.9979657
0.998164099
0.998364954
0.998530262
0.998686665
0.998835043
0.998955536
0.99907788
0.999178952
0.999278713
0.999367808
0.999446681
0.999523423
0.999580724
0.999639483
0.999694707
0.9929967
0.993487403
0.993960808
0.994435201
0.994831707
0.995245667
0.995613559
0.99599053
0.996326593
0.996630834
0.996923094
0.997181921
0.997449674
0.99765387
0.997889106
0.998088955
0.998277415
0.99846784
0.998623962
0.998771811
0.998912218
0.99902558
0.999140806
0.999235812
0.999329576
0.99941311
0.999487061
0.99955894
0.999612396
0.999667226
0.999718776
0.993337909
0.993809155
0.99426583
0.994720563
0.995097875
0.995494332
0.99584753
0.99620773
0.996529168
0.996818691
0.997097497
0.997343591
0.997598709
0.997792235
0.99801587
0.998205303
0.998384255
0.998564721
0.998712114
0.998851823
0.998984632
0.999091244
0.999199721
0.999288989
0.999377082
0.999455368
0.999524674
0.99959197
0.999641816
0.999692958
0.999741056
0.993664079
0.994116503
0.99455688
0.99499263
0.99535156
0.995731133
0.996070106
0.996414169
0.996721512
0.996996937
0.997262817
0.997496725
0.997739718
0.997923068
0.998135598
0.998315093
0.998484953
0.998655918
0.998795016
0.998926983
0.999052553
0.999152778
0.999254862
0.999338705
0.999421433
0.999494772
0.999559697
0.999622673
0.999669133
0.999716814
0.99976167
0.993975785
0.994410008
0.994834518
0.995251945
0.995593277
0.995956571
0.996281778
0.996610319
0.996904085
0.997166011
0.997419479
0.997641728
0.997873089
0.998046738
0.998248643
0.998418661
0.998579829
0.998741732
0.998872954
0.99899756
0.999116238
0.999210421
0.99930645
0.999385165
0.999462824
0.999531499
0.999592294
0.999651202
0.999694487
0.999738921
0.999780733
0.994273588
0.994690218
0.995099284
0.995499035
0.995823524
0.996171128
0.996483019
0.996796636
0.997077328
0.997326336
0.997567887
0.997778988
0.997999196
0.998163601
0.998355342
0.998516326
0.998669191
0.998822452
0.998946199
0.99906381
0.999175928
0.999264399
0.999354695
0.999428567
0.999501437
0.999565718
0.999622621
0.9996777
0.99971801
0.999759399
0.999798356
0.99455803
0.99495766
0.995351703
0.995734406
0.996042783
0.99637527
0.996674286
0.99697356
0.997241668
0.997478316
0.997708432
0.997908876
0.998118395
0.998273993
0.998456017
0.998608394
0.998753328
0.998898356
0.999015009
0.999125975
0.999231853
0.999314926
0.999399797
0.999469096
0.999537444
0.999597587
0.999650825
0.9997023
0.999739823
0.999778359
0.999814639
0.994829636
0.995212844
0.995592283
0.99595855
0.996251518
0.996569446
0.996856019
0.997141513
0.997397514
0.997622342
0.997841488
0.99803175
0.998231027
0.99837824
0.998550978
0.998695156
0.99883252
0.998969704
0.99907963
0.999184286
0.99928423
0.999362204
0.999441945
0.999506928
0.999571009
0.999627257
0.999677044
0.999725131
0.999760044
0.999795908
0.999829678
0.995088913
0.995456266
0.995821511
0.996171939
0.996450177
0.996754089
0.997028641
0.997300901
0.997545259
0.997758786
0.997967415
0.99814795
0.99833742
0.998476652
0.998640518
0.998776891
0.998907031
0.999036748
0.999140295
0.999238963
0.999333268
0.999406427
0.999481318
0.999542228
0.999602283
0.999654867
0.999701408
0.999746309
0.99977878
0.999812142
0.999843562
0.995336355
0.995688403
0.996039861
0.99637503
0.996639192
0.996929615
0.99719256
0.997452116
0.99768528
0.997888008
0.998086557
0.998257805
0.998437887
0.998569524
0.99872492
0.998853864
0.998977114
0.999099723
0.999197227
0.999290213
0.999379161
0.999447776
0.999518084
0.999575155
0.999631413
0.999680551
0.999724038
0.999765947
0.999796134
0.999827154
0.999856374
0.995572436
0.995909716
0.996247789
0.996568264
0.996818981
0.997096426
0.997348168
0.997595532
0.997817939
0.998010352
0.998199243
0.998361628
0.998532726
0.998657141
0.99880445
0.998926327
0.999043009
0.999158857
0.999250635
0.999338235
0.999422095
0.999486424
0.999552403
0.999605854
0.999658535
0.999704434
0.99974505
0.999784149
0.9998122
0.999841031
0.999868191
0.995797617
0.996120653
0.996445737
0.996752067
0.996989944
0.997254909
0.997495842
0.997731511
0.997943586
0.998126148
0.99830579
0.998459719
0.998622223
0.998739772
0.998879367
0.998994524
0.999104946
0.999214364
0.999300722
0.999383214
0.999462247
0.999522533
0.999584425
0.999634467
0.999683777
0.999726633
0.999764552
0.999801013
0.999827068
0.999853852
0.999879086
0.996012342
0.996321644
0.996634128
0.996926846
0.997152468
0.997405435
0.997635945
0.9978604
0.998062554
0.998235713
0.9984065
0.998552364
0.998706653
0.998817676
0.998949914
0.999058682
0.999163142
0.999266449
0.999347675
0.99942533
0.999499783
0.999556259
0.999614294
0.999661125
0.999707261
0.999747258
0.999782645
0.999816632
0.999840821
0.999865693
0.999889127
0.996217041
0.996513106
0.996813374
0.997092998
0.997306926
0.997548364
0.997768825
0.99798253
0.998175162
0.998339349
0.998501663
0.998639839
0.998786276
0.9988911
0.999016323
0.999119022
0.999217805
0.999315305
0.999391677
0.999464749
0.99953486
0.999587746
0.999642143
0.999685951
0.9997291
0.999766415
0.999799424
0.99983109
0.999853539
0.999876624
0.999898376
0.996412129
0.996695439
0.996983869
0.997250902
0.997453676
0.997684038
0.997894817
0.998098222
0.998281719
0.998437347
0.998591556
0.998722405
0.998861342
0.998960278
0.999078817
0.999175751
0.999269131
0.999361116
0.999432898
0.999501633
0.999567627
0.999617132
0.999668099
0.999709063
0.999749402
0.999784199
0.999814977
0.999844469
0.999865293
0.999886711
0.999906892
0.996598007
0.996869031
0.997145994
0.997400924
0.997593063
0.997812789
0.998014243
0.998207782
0.998382517
0.998529985
0.998676445
0.998800314
0.998932088
0.999025436
0.999137608
0.999229068
0.999317308
0.999404058
0.9994715
0.99953613
0.999598226
0.999644548
0.999692281
0.999730572
0.999768267
0.999800704
0.99982939
0.999856844
0.999876153
0.999896015
0.99991473
0.996775062
0.997034256
0.997300116
0.997543417
0.997725418
0.997934935
0.998127411
0.998311503
0.998477839
0.998617529
0.998756581
0.998873804
0.998998741
0.999086786
0.999192895
0.999279161
0.999362513
0.999444295
0.999507637
0.999568384
0.999626788
0.999670115
0.999714803
0.99975058
0.999785791
0.999816015
0.999842739
0.999868285
0.999886182
0.999904593
0.999921941
0.996943665
0.997191473
0.997446588
0.997678718
0.997851061
0.998050781
0.998234616
0.998409667
0.998567954
0.998700233
0.998832208
0.998943104
0.999061517
0.999144533
0.999244872
0.99932621
0.999404915
0.999481986
0.999541455
0.999598531
0.99965344
0.99969395
0.999735771
0.999769185
0.999802062
0.999830213
0.999855099
0.99987886
0.99989544
0.999912499
0.999928571
0.997104178
0.997341031
0.997585749
0.997807154
0.997970298
0.998160621
0.998336143
0.998502544
0.998653121
0.998778341
0.998903558
0.999008433
0.999120624
0.99919887
0.99929372
0.999370384
0.999444674
0.999517278
0.999573091
0.999626698
0.9996783
0.999716162
0.999755284
0.999786479
0.999817165
0.999843374
0.999866539
0.999888629
0.999903983
0.999919781
0.999934666
0.997256946
0.997483261
0.997717928
0.997929038
0.998083423
0.998264735
0.998432264
0.998590391
0.998733586
0.998852086
0.998970849
0.999069999
0.999176257
0.999249983
0.999339611
0.999411845
0.999481943
0.999550313
0.999602675
0.999653004
0.999701481
0.999736854
0.999773436
0.999802548
0.999831177
0.999855568
0.999877122
0.99989765
0.999911862
0.999926487
0.999940265
0.997402305
0.997618488
0.997843439
0.99804467
0.998190719
0.998363393
0.99852324
0.998673456
0.998809586
0.99892169
0.999034294
0.999127999
0.999228604
0.999298047
0.999382712
0.999450748
0.999516866
0.999581225
0.999630331
0.999677566
0.999723087
0.999756122
0.999790316
0.999817474
0.999844172
0.999866862
0.999886908
0.999905977
0.999919127
0.99993266
0.999945407
0.997540575
0.997747019
0.997962584
0.99815434
0.998292458
0.998456855
0.99860932
0.998751976
0.998881345
0.998987364
0.999094094
0.999182624
0.999277843
0.99934323
0.999423178
0.999487238
0.999549578
0.999610139
0.999656175
0.999700489
0.999743218
0.999774059
0.999806008
0.999831332
0.99985622
0.999877319
0.999895955
0.999913661
0.999925822
0.999938339
0.999950128
0.997672068
0.997869154
0.998075654
0.998258325
0.9983889
0.998545369
0.998690744
0.998826178
0.998949081
0.999049312
0.99915044
0.999234053
0.999324143
0.99938569
0.999461157
0.999521452
0.99958021
0.999637176
0.999680318
0.999721876
0.999761969
0.999790749
0.999820588
0.999844194
0.999867385
0.999886996
0.999904315
0.999920747
0.99993199
0.999943562
0.999954459
0.997797081
0.997985178
0.998182928
0.998356891
0.998480295
0.998629172
0.998767741
0.998896277
0.999012998
0.999107727
0.999203515
0.999282458
0.999367666
0.999425579
0.999496792
0.999553524
0.999608883
0.999662448
0.999702864
0.999741823
0.999779427
0.999806273
0.999834132
0.999856127
0.999877728
0.999895949
0.999912036
0.99992728
0.999937669
0.999948363
0.999958431
0.997915901
0.998095367
0.998284674
0.998450294
0.998566882
0.998708493
0.99884053
0.99896248
0.999073294
0.999162794
0.999253493
0.999328002
0.999408565
0.99946304
0.999530215
0.999583575
0.999635715
0.999686064
0.999723911
0.99976042
0.999795675
0.999820709
0.999846708
0.999867193
0.999887306
0.999904228
0.999919165
0.999933301
0.999942897
0.999952774
0.999962072
