5.0285122455555563e-08
6.252422166666666e-07
1.8810870288888893e-06
4.885620177777778e-06
9.36011454444444e-06
1.4398203211111116e-05
2.0688182333333333e-05
3.8699184000000014e-05
4.355822122222222e-05
6.604312655555555e-05
7.670842333333335e-05
0.0001061393122222222
0.00017670853111111112
0.00023807205444444443
0.00033683652333333335
0.0002658245655555556
0.00018253814555555558
0.00028844356444444446
0.0002058285611111112
0.0002674866055555556
0.0003733456733333333
0.000374870887777778
0.00048558547111111113
0.00029049766222222223
0.0005919423299999999
0.0004643931077777776
0.0006033008022222223
0.0005254508688888887
0.0005939883811111114
0.0007179209266666667
0.0005765415111111112
0.0008144532377777777
0.0004972510700000001
0.0007806315955555556
0.00042601414999999995
0.0006436835888888888
0.0007354400955555555
0.0008135893511111112
0.00072083774
0.0007556584288888889
0.0008507322966666668
0.000702924863333333
0.0007639072266666667
0.000706403793333333
0.0006946627211111108
0.0007334479822222222
0.0006307406555555557
0.000686220196666667
0.0006480061855555555
0.0005221451477777779
0.0008470725833333333
0.0004057997977777779
0.0006118352788888889
0.0005297573277777779
0.0005104127411111112
0.0005132625988888888
0.0005043743855555557
0.0005817537133333334
0.00035534237555555554
0.0003528105277777778
0.0004097577144444445
0.00046842064777777786
0.0004135771333333333
0.0002583620444444444
0.0003026880677777777
0.0002755786955555555
0.00028111326777777775
0.00031605536666666647
0.00028836159333333353
0.00022537903444444445
0.0002117294422222223
0.00023009624277777778
0.0001848372975555555
0.0001946452507777778
0.00017528280111111112
0.00014209401755555559
0.00016173135022222224
0.00013135871755555557
0.00013119172044444448
0.00014383513122222222
0.00012928238188888885
8.881107866666667e-05
0.00012982792555555554
9.996513207777777e-05
0.00010915589800000001
8.268891113333332e-05
7.422876592222219e-05
9.642928689999998e-05
7.246772741111109e-05
8.697637482222224e-05
6.248533646666668e-05
6.329327475555557e-05
6.601868146666667e-05
4.488406191333334e-05
8.207289731333336e-05
4.73618915011111e-05
4.0432419164444455e-05
3.98172878911111e-05
6.331299513222221e-05
2.3089397853777777e-05
3.6051093587222225e-05
2.7181951043111108e-05
4.384516557644444e-05
1.9078272212666663e-05
4.104082887955556e-05
3.0886543736666676e-05
3.709216944074445e-05
8.122671830344448e-06
2.3927541601000006e-05
1.5640350732488892e-05
1.9660092347928893e-05
1.9059311364577772e-05
1.771688372952222e-05
2.414269848057778e-05
9.339480976957779e-06
1.0966731048051113e-05
1.679708977278889e-05
1.5692648479881113e-05
1.4633267601600002e-05
1.0804411391761221e-05
7.75457183184e-06
1.7803576789391113e-05
3.8116016027503337e-06
6.5358812809105564e-06
1.0456971660414822e-05
1.3441745527621051e-05
1.3038431225357772e-06
8.315618166081544e-06
4.782767595700646e-06
7.299957682824437e-06
1.9956729708526236e-06
6.324545125974072e-06
5.817443065799717e-06
7.650512417898724e-06
2.483890225614082e-06
4.769681114525462e-06
6.225253932313934e-07
2.374652085415925e-06
3.0961982691974955e-06
1.955125814495724e-06
2.9445391407672522e-06
2.91493262360772e-06
3.0053926786762685e-06
1.7621063708878022e-07
1.2858412008173059e-06
2.0716842326719673e-06
1.9552564915114537e-06
5.357333648034375e-07
1.6567617971092247e-06
1.4442000918015476e-06
7.015741048032063e-07
5.342924500994682e-07
1.2434148903565044e-06
4.868483948947104e-07
9.241257386117222e-07
4.718337045089401e-08
1.3574527539560511e-06
