0.025964375666666664
0.11248509373333335
0.1314777209333333
0.15511291906666666
0.13812864126666666
0.10653649593333334
0.07580958840000003
0.06879727453333331
0.059149641966666645
0.048442015699999987
0.031062338799999995
0.01808639383333332
0.007507098633333335
0.0029781136000000073
0.002964943233333321
0.00241845446666666
0.0035941330999999933
0.0015224576666666618
0.0018360307333333454
0.0014898880999999991
0.0008493122333333062
0.0009155786000000221
0.0009552682333333469
0.0005993950666666824
3.6431133333310766e-05
0.0005194923333333415
0.00025095409999998926
4.6822566666674745e-05
0.0001600142666666751
1.406876666667499e-05
8.999643333333922e-05
6.0352866666642695e-05
4.6737133333329956e-05
6.470333333267557e-07
3.213553333333284e-05
2.7368033333334075e-05
1.8066233333335888e-05
9.693666666699137e-07
5.247333333254408e-07
1.3674000000037568e-06
1.6133333335944e-08
4.342933333341863e-06
2.8537333333374583e-06
6.133333333805798e-08
1.4619333333280394e-06
1.1676333333358403e-06
1.3233333336545335e-08
2.3333333413566665e-10
5.699000000062668e-07
8.690000000329433e-08
1.3863333333160235e-07
2.3333333783633333e-10
2.3066666665627666e-08
6.5433333336825e-08
3.916666666548e-08
1.0000000087266667e-10
1.7866666668364664e-08
1.6333333315483331e-09
7.933333331008e-09
6.0333333292323334e-09
6.333333302243333e-10
3.333333239066667e-11
1.4666666658946666e-09
1.1000000021963332e-09
6.33333337626e-10
4.666666682713333e-10
3.333333239066667e-11
0.0
0.0
6.6666668482e-11
0.0
0.0
0.0
